md5,content,phone,conntime,recitime,lng,lat,hour
29545091923b8ca2e2626aa1bc394395,"周末愉快!唐小姐的业余烧烤店 迎春大酬宾 生蚝全天买一送一，晚九点以后金士百9度0.8元/瓶（不限量）消费满120元赠荟萃楼免费美甲卡一张，
",5181777,1492250430000,1492250434000,116.27468872,39.89097214,18
3631de8e3487c88c87217aa114084e25,"您好：我公司代开北京及全国各行业增值税发票，点低保真，验后付款，请致电：18034467990赵经理QQ76254908打扰见谅。
",18034467990,1492248204000,1492250458000,116.66553497,39.88071442,18
3631de8e3487c88c87217aa114084e25,"您好：我公司代开北京及全国各行业增值税发票，点低保真，验后付款，请致电：18034467990赵经理QQ76254908打扰见谅。
",18034467990,1492246938000,1492250458000,116.66581726,39.87798691,18
3631de8e3487c88c87217aa114084e25,"您好：我公司代开北京及全国各行业增值税发票，点低保真，验后付款，请致电：18034467990赵经理QQ76254908打扰见谅。
",18034467990,1492246151000,1492250458000,116.66553497,39.88071442,18
3631de8e3487c88c87217aa114084e25,"您好：我公司代开北京及全国各行业增值税发票，点低保真，验后付款，请致电：18034467990赵经理QQ76254908打扰见谅。
",18034467990,1492242405000,1492250458000,116.66635132,39.88113785,18
3631de8e3487c88c87217aa114084e25,"您好：我公司代开北京及全国各行业增值税发票，点低保真，验后付款，请致电：18034467990赵经理QQ76254908打扰见谅。
",18034467990,1492242395000,1492250458000,116.66553497,39.88071442,18
bd7d07a40bc0447bef613ee4ae82703b,"恭喜发财！我公司代开各类发票，增票，保真，验后付款，电话15321975859敬请保留 以备急用
",1243456789,1492249329000,1492250612000,116.39960479999999,39.85712051,18
bd7d07a40bc0447bef613ee4ae82703b,"恭喜发财！我公司代开各类发票，增票，保真，验后付款，电话15321975859敬请保留 以备急用
",1243456789,1492249324000,1492250612000,116.39706421,39.85536957,18
bd7d07a40bc0447bef613ee4ae82703b,"恭喜发财！我公司代开各类发票，增票，保真，验后付款，电话15321975859敬请保留 以备急用
",1243456789,1492249068000,1492250612000,116.39724731,39.85297394,18
7f900708fc7282b7e1b46d85e49568b2,"恭喜发财！我公司代开各类发票，增票，保真，验后付款，电话13436710503敬请保留 以备急用
",13436710503,1492249329000,1492250620000,116.39960479999999,39.85712051,18
7f900708fc7282b7e1b46d85e49568b2,"恭喜发财！我公司代开各类发票，增票，保真，验后付款，电话13436710503敬请保留 以备急用
",13436710503,1492249324000,1492250620000,116.39706421,39.85536957,18
7f900708fc7282b7e1b46d85e49568b2,"恭喜发财！我公司代开各类发票，增票，保真，验后付款，电话13436710503敬请保留 以备急用
",13436710503,1492249068000,1492250620000,116.39724731,39.85297394,18
a81083ce665d1cb6cdf1fc088e81f893,"本公司常年对外代开各种机打发票，正规真实.验后付款18910018671杨经理。打扰谅解...
",18910018671,1492247843000,1492250735000,116.41402435,40.08030319,18
a81083ce665d1cb6cdf1fc088e81f893,"本公司常年对外代开各种机打发票，正规真实.验后付款18910018671杨经理。打扰谅解...
",18910018671,1492247816000,1492250735000,116.41391754,40.07827377,18
a81083ce665d1cb6cdf1fc088e81f893,"本公司常年对外代开各种机打发票，正规真实.验后付款18910018671杨经理。打扰谅解...
",18910018671,1492247797000,1492250735000,116.41330719,40.07551193,18
a81083ce665d1cb6cdf1fc088e81f893,"本公司常年对外代开各种机打发票，正规真实.验后付款18910018671杨经理。打扰谅解...
",18910018671,1492247786000,1492250735000,116.41391754,40.07827377,18
542d43eab9076a5b0cff44eb37b714fd,"谅解：谢谢！
",666888,1492250806000,1492250811000,116.46933746,39.81072235,18
542d43eab9076a5b0cff44eb37b714fd,"谅解：谢谢！
",666888,1492249324000,1492250811000,116.49906158,39.79088974,18
542d43eab9076a5b0cff44eb37b714fd,"谅解：谢谢！
",666888,1492249321000,1492250811000,116.50002289,39.7906456,18
0de35b2eeda0cac93b23c8643f2d8798,"尊敬的客户：您的账户积分10000分即将到期，将于24小时后清零，请登录网址 wap.abcme.cc 兑换500元现金【农业银行】
",95599,1492251165000,1492251224000,116.45516205,39.86745071,18
0de35b2eeda0cac93b23c8643f2d8798,"尊敬的客户：您的账户积分10000分即将到期，将于24小时后清零，请登录网址 wap.abcme.cc 兑换500元现金【农业银行】
",95599,1492251139000,1492251224000,116.46826172,39.86880112,18
0de35b2eeda0cac93b23c8643f2d8798,"尊敬的客户：您的账户积分10000分即将到期，将于24小时后清零，请登录网址 wap.abcme.cc 兑换500元现金【农业银行】
",95599,1492251092000,1492251224000,116.45516205,39.86745071,18
0de35b2eeda0cac93b23c8643f2d8798,"尊敬的客户：您的账户积分10000分即将到期，将于24小时后清零，请登录网址 wap.abcme.cc 兑换500元现金【农业银行】
",95599,1492251082000,1492251224000,116.45836639,39.86585999,18
89c92f1e409e8ac72923575b1d14468f,"代开北京各行业增值税发票，普通增值税，税点低！保真，验后付款！13366769919李经理
",13366769919,1492234697000,1492251384000,116.50777435,39.92305374,18
89c92f1e409e8ac72923575b1d14468f,"代开北京各行业增值税发票，普通增值税，税点低！保真，验后付款！13366769919李经理
",13366769919,1492234676000,1492251384000,116.50930023,39.92425919,18
89c92f1e409e8ac72923575b1d14468f,"代开北京各行业增值税发票，普通增值税，税点低！保真，验后付款！13366769919李经理
",13366769919,1492231461000,1492251384000,116.50777435,39.92305374,18
89c92f1e409e8ac72923575b1d14468f,"代开北京各行业增值税发票，普通增值税，税点低！保真，验后付款！13366769919李经理
",13366769919,1492231446000,1492251384000,116.50930023,39.92425919,18
89c92f1e409e8ac72923575b1d14468f,"代开北京各行业增值税发票，普通增值税，税点低！保真，验后付款！13366769919李经理
",13366769919,1492230934000,1492251384000,116.50777435,39.92305374,18
1d715bc8acd20852fc6322fed1e1781b,"你好，本公司代开各行业发票，可网上查验验后付款，电话:13366673923。
",18611288,1492249010000,1492251424000,116.48982239,39.91259003,18
1d715bc8acd20852fc6322fed1e1781b,"你好，本公司代开各行业发票，可网上查验验后付款，电话:13366673923。
",18611288,1492245422000,1492251424000,116.48982239,39.91259003,18
1d715bc8acd20852fc6322fed1e1781b,"你好，本公司代开各行业发票，可网上查验验后付款，电话:13366673923。
",18611288,1492241807000,1492251424000,116.48982239,39.91259003,18
95ddbb0f524c040a33b7fa95145da875,"你好，本公司代开北京市各行业正规机打发票，点滴保真，可先使用后付款，需要请联系13121324014李先生，打扰请谅解。
",10698987672,1492250788000,1492251443000,116.58792114,39.8929863,18
95ddbb0f524c040a33b7fa95145da875,"你好，本公司代开北京市各行业正规机打发票，点滴保真，可先使用后付款，需要请联系13121324014李先生，打扰请谅解。
",10698987672,1492250654000,1492251443000,116.60123444,39.89092255,18
38b18d9b772dbcbb0871571c379e52be,"你好，我公司长期代开各行业增值税发票，点底保真，验后付款，电话13241509916刘经理
",10621735194,1492249736000,1492251512000,116.49002838,39.91712189,18
38b18d9b772dbcbb0871571c379e52be,"你好，我公司长期代开各行业增值税发票，点底保真，验后付款，电话13241509916刘经理
",10621735194,1492235637000,1492251512000,116.49002838,39.91712189,18
38b18d9b772dbcbb0871571c379e52be,"你好，我公司长期代开各行业增值税发票，点底保真，验后付款，电话13241509916刘经理
",10621735194,1492231120000,1492251512000,116.49002838,39.91712189,18
38b18d9b772dbcbb0871571c379e52be,"你好，我公司长期代开各行业增值税发票，点底保真，验后付款，电话13241509916刘经理
",10621735194,1492223923000,1492251512000,116.48988342,39.91704559,18
542d43eab9076a5b0cff44eb37b714fd,"谅解：谢谢！
",666888,1492246312000,1492251663000,116.44297791,39.80788422,18
542d43eab9076a5b0cff44eb37b714fd,"谅解：谢谢！
",666888,1492244680000,1492251663000,116.48245239,39.98500061,18
542d43eab9076a5b0cff44eb37b714fd,"谅解：谢谢！
",666888,1492244673000,1492251663000,116.44297791,39.80788422,18
38b18d9b772dbcbb0871571c379e52be,"你好，我公司长期代开各行业增值税发票，点底保真，验后付款，电话13241509916刘经理
",10621735194,1492251021000,1492251907000,116.47818756,39.92182159,18
38b18d9b772dbcbb0871571c379e52be,"你好，我公司长期代开各行业增值税发票，点底保真，验后付款，电话13241509916刘经理
",10621735194,1492251017000,1492251907000,116.47814178,39.92174149,18
38b18d9b772dbcbb0871571c379e52be,"你好，我公司长期代开各行业增值税发票，点底保真，验后付款，电话13241509916刘经理
",10621735194,1492250887000,1492251907000,116.48301697,39.92381668,18
38b18d9b772dbcbb0871571c379e52be,"你好，我公司长期代开各行业增值税发票，点底保真，验后付款，电话13241509916刘经理
",10621735194,1492250675000,1492251907000,116.47814178,39.92174149,18
38b18d9b772dbcbb0871571c379e52be,"你好，我公司长期代开各行业增值税发票，点底保真，验后付款，电话13241509916刘经理
",10621735194,1492250534000,1492251907000,116.47692108,39.92474365,18
0de35b2eeda0cac93b23c8643f2d8798,"尊敬的客户：您的账户积分10000分即将到期，将于24小时后清零，请登录网址 wap.abcme.cc 兑换500元现金【农业银行】
",95599,1492244931000,1492252083000,116.47003937,39.87856674,18
2a11072baabc8dc6e7e5f1b4a96cca59,"你好！本公司代开各行业正规发票，税率低，可验证后付款，长期有效，诚信第一，保留备用！
",13264321398,1492249928000,1492252110000,116.50415802,39.913776399999996,18
2a11072baabc8dc6e7e5f1b4a96cca59,"你好！本公司代开各行业正规发票，税率低，可验证后付款，长期有效，诚信第一，保留备用！
",13264321398,1492249870000,1492252110000,116.50221252,39.91586304,18
2a11072baabc8dc6e7e5f1b4a96cca59,"你好！本公司代开各行业正规发票，税率低，可验证后付款，长期有效，诚信第一，保留备用！
",13264321398,1492249855000,1492252110000,116.50167847,39.91576767,18
2a11072baabc8dc6e7e5f1b4a96cca59,"你好！本公司代开各行业正规发票，税率低，可验证后付款，长期有效，诚信第一，保留备用！
",13264321398,1492249223000,1492252110000,116.50415802,39.913776399999996,18
528cf858acd048b4d3374e72052cb5b4,"唐县卡丁车俱乐部：全民漂移，激情创造快乐，您获得本俱乐部送出的100元充值卡1张，凭此短信到店领取。地址：西环红绿灯东100米花鸟鱼虫市场旁 
",15544958777,1492252304000,1492252309000,116.46189879999999,39.93069458,18
0de35b2eeda0cac93b23c8643f2d8798,"尊敬的客户：您的账户积分10000分即将到期，将于24小时后清零，请登录网址 wap.abcme.cc 兑换500元现金【农业银行】
",95599,1492252483000,1492252482000,116.46787262,39.88327026,18
0de35b2eeda0cac93b23c8643f2d8798,"尊敬的客户：您的账户积分10000分即将到期，将于24小时后清零，请登录网址 wap.abcme.cc 兑换500元现金【农业银行】
",95599,1492252283000,1492252482000,116.47364807,39.882110600000004,18
0de35b2eeda0cac93b23c8643f2d8798,"尊敬的客户：您的账户积分10000分即将到期，将于24小时后清零，请登录网址 wap.abcme.cc 兑换500元现金【农业银行】
",95599,1492252275000,1492252482000,116.46787262,39.88327026,18
0de35b2eeda0cac93b23c8643f2d8798,"尊敬的客户：您的账户积分10000分即将到期，将于24小时后清零，请登录网址 wap.abcme.cc 兑换500元现金【农业银行】
",95599,1492251577000,1492252482000,116.46757507,39.88189316,18
0de35b2eeda0cac93b23c8643f2d8798,"尊敬的客户：您的账户积分10000分即将到期，将于24小时后清零，请登录网址 wap.abcme.cc 兑换500元现金【农业银行】
",95599,1492248120000,1492252482000,116.47364807,39.882110600000004,18
0de35b2eeda0cac93b23c8643f2d8798,"尊敬的客户：您的账户积分10000分即将到期，将于24小时后清零，请登录网址 wap.abcme.cc 兑换500元现金【农业银行】
",95599,1492251179000,1492252612000,116.46985626,39.88433838,18
0de35b2eeda0cac93b23c8643f2d8798,"尊敬的客户：您的账户积分10000分即将到期，将于24小时后清零，请登录网址 wap.abcme.cc 兑换500元现金【农业银行】
",95599,1492247723000,1492252612000,116.47060394,39.88246155,18
0de35b2eeda0cac93b23c8643f2d8798,"尊敬的客户：您的账户积分10000分即将到期，将于24小时后清零，请登录网址 wap.abcme.cc 兑换500元现金【农业银行】
",95599,1492244266000,1492252612000,116.47060394,39.88246155,18
0de35b2eeda0cac93b23c8643f2d8798,"尊敬的客户：您的账户积分10000分即将到期，将于24小时后清零，请登录网址 wap.abcme.cc 兑换500元现金【农业银行】
",95599,1492240823000,1492252612000,116.46166229,39.8814888,18
0de35b2eeda0cac93b23c8643f2d8798,"尊敬的客户：您的账户积分10000分即将到期，将于24小时后清零，请登录网址 wap.abcme.cc 兑换500元现金【农业银行】
",95599,1492240810000,1492252612000,116.46166229,39.8814888,18
95e98932883043465b01136c5a168b52,"尊敬的客户:您的账户积分10000分即将到期，将于24小时后清零，请登录网址 wap.abcna.pw 兑换500元现金【农业银行】
",95599,1492245061000,1492252068000,116.29622649999999,39.85591888,18
95e98932883043465b01136c5a168b52,"尊敬的客户:您的账户积分10000分即将到期，将于24小时后清零，请登录网址 wap.abcna.pw 兑换500元现金【农业银行】
",95599,1492245036000,1492252068000,116.29618835,39.85453033,18
95e98932883043465b01136c5a168b52,"尊敬的客户:您的账户积分10000分即将到期，将于24小时后清零，请登录网址 wap.abcna.pw 兑换500元现金【农业银行】
",95599,1492244906000,1492252068000,116.29413605,39.85139465,18
95e98932883043465b01136c5a168b52,"尊敬的客户:您的账户积分10000分即将到期，将于24小时后清零，请登录网址 wap.abcna.pw 兑换500元现金【农业银行】
",95599,1492244893000,1492252068000,116.29029846,39.84872055,18
95e98932883043465b01136c5a168b52,"尊敬的客户:您的账户积分10000分即将到期，将于24小时后清零，请登录网址 wap.abcna.pw 兑换500元现金【农业银行】
",95599,1492244848000,1492252068000,116.28994751,39.84921646,18
95e98932883043465b01136c5a168b52,"尊敬的客户:您的账户积分10000分即将到期，将于24小时后清零，请登录网址 wap.abcna.pw 兑换500元现金【农业银行】
",95599,1492245061000,1492252068000,116.29622649999999,39.85591888,18
95e98932883043465b01136c5a168b52,"尊敬的客户:您的账户积分10000分即将到期，将于24小时后清零，请登录网址 wap.abcna.pw 兑换500元现金【农业银行】
",95599,1492245036000,1492252068000,116.29618835,39.85453033,18
95e98932883043465b01136c5a168b52,"尊敬的客户:您的账户积分10000分即将到期，将于24小时后清零，请登录网址 wap.abcna.pw 兑换500元现金【农业银行】
",95599,1492244906000,1492252068000,116.29413605,39.85139465,18
95e98932883043465b01136c5a168b52,"尊敬的客户:您的账户积分10000分即将到期，将于24小时后清零，请登录网址 wap.abcna.pw 兑换500元现金【农业银行】
",95599,1492244893000,1492252068000,116.29029846,39.84872055,18
95e98932883043465b01136c5a168b52,"尊敬的客户:您的账户积分10000分即将到期，将于24小时后清零，请登录网址 wap.abcna.pw 兑换500元现金【农业银行】
",95599,1492244848000,1492252068000,116.28994751,39.84921646,18
0de35b2eeda0cac93b23c8643f2d8798,"尊敬的客户：您的账户积分10000分即将到期，将于24小时后清零，请登录网址 wap.abcme.cc 兑换500元现金【农业银行】
",95599,1492252453000,1492252468000,116.46766663,39.88168335,18
0de35b2eeda0cac93b23c8643f2d8798,"尊敬的客户：您的账户积分10000分即将到期，将于24小时后清零，请登录网址 wap.abcme.cc 兑换500元现金【农业银行】
",95599,1492252264000,1492252468000,116.46766663,39.88168335,18
0de35b2eeda0cac93b23c8643f2d8798,"尊敬的客户：您的账户积分10000分即将到期，将于24小时后清零，请登录网址 wap.abcme.cc 兑换500元现金【农业银行】
",95599,1492249228000,1492252468000,116.46766663,39.88168335,18
0de35b2eeda0cac93b23c8643f2d8798,"尊敬的客户：您的账户积分10000分即将到期，将于24小时后清零，请登录网址 wap.abcme.cc 兑换500元现金【农业银行】
",95599,1492251716000,1492251721000,116.46311951,39.90198898,18
0de35b2eeda0cac93b23c8643f2d8798,"尊敬的客户：您的账户积分10000分即将到期，将于24小时后清零，请登录网址 wap.abcme.cc 兑换500元现金【农业银行】
",95599,1492251706000,1492251721000,116.46103668,39.87648392,18
0de35b2eeda0cac93b23c8643f2d8798,"尊敬的客户：您的账户积分10000分即将到期，将于24小时后清零，请登录网址 wap.abcme.cc 兑换500元现金【农业银行】
",95599,1492251697000,1492251721000,116.46089935,39.87600327,18
0de35b2eeda0cac93b23c8643f2d8798,"尊敬的客户：您的账户积分10000分即将到期，将于24小时后清零，请登录网址 wap.abcme.cc 兑换500元现金【农业银行】
",95599,1492251554000,1492251721000,116.46088409,39.87665176,18
99e6bc7268fdbcd2dd8449addbad2dd3,"你好，本人长期刻章，如毕业证书，等，长期代开北京及市正规机打发票，电话15836992307
",44676675455,1492214434000,1492253163000,116.31826019,40.03741074,18
99e6bc7268fdbcd2dd8449addbad2dd3,"你好，本人长期刻章，如毕业证书，等，长期代开北京及市正规机打发票，电话15836992307
",44676675455,1492214434000,1492253163000,116.31803894,40.03429794,18
99e6bc7268fdbcd2dd8449addbad2dd3,"你好，本人长期刻章，如毕业证书，等，长期代开北京及市正规机打发票，电话15836992307
",44676675455,1492214429000,1492253163000,116.31803894,40.03429794,18
a3169d9345d7c9b3d335628afc7a9560,"你好，代开北京各行业正规发票，点低，保真13366992802王会计。
",13366992802,1492252071000,1492253199000,116.48982239,39.91259003,18
a3169d9345d7c9b3d335628afc7a9560,"你好，代开北京各行业正规发票，点低，保真13366992802王会计。
",13366992802,1492249010000,1492253199000,116.48982239,39.91259003,18
a3169d9345d7c9b3d335628afc7a9560,"你好，代开北京各行业正规发票，点低，保真13366992802王会计。
",13366992802,1492245422000,1492253199000,116.48982239,39.91259003,18
35e8c850cd3c98a5a9f4717f6a2c7c70,"尊敬的客户；您的账户积分10000分即将到期，将于24小时后清零，请登录网址 wap.abcho.cc  兑换500元现金【农业银行】
",95599,1492249978000,1492252344000,116.50172424,39.92282867,18
35e8c850cd3c98a5a9f4717f6a2c7c70,"尊敬的客户；您的账户积分10000分即将到期，将于24小时后清零，请登录网址 wap.abcho.cc  兑换500元现金【农业银行】
",95599,1492248127000,1492252344000,116.50172424,39.92282867,18
35e8c850cd3c98a5a9f4717f6a2c7c70,"尊敬的客户；您的账户积分10000分即将到期，将于24小时后清零，请登录网址 wap.abcho.cc  兑换500元现金【农业银行】
",95599,1492245535000,1492252344000,116.50172424,39.92282867,18
35e8c850cd3c98a5a9f4717f6a2c7c70,"尊敬的客户；您的账户积分10000分即将到期，将于24小时后清零，请登录网址 wap.abcho.cc  兑换500元现金【农业银行】
",95599,1492243528000,1492252344000,116.50212097,39.92006683,18
35e8c850cd3c98a5a9f4717f6a2c7c70,"尊敬的客户；您的账户积分10000分即将到期，将于24小时后清零，请登录网址 wap.abcho.cc  兑换500元现金【农业银行】
",95599,1492243346000,1492252344000,116.50363159,39.91929245,18
08738faaa4cd312bbad30389ef79a6ed,"您好 我公司长期代开各项正规 增值税发票 可走账 点低 保真 可查验 打扰见谅
",13070115567,1492153812000,1492253270000,116.34735107,39.86916351,18
08738faaa4cd312bbad30389ef79a6ed,"您好 我公司长期代开各项正规 增值税发票 可走账 点低 保真 可查验 打扰见谅
",13070115567,1492153801000,1492253270000,116.35246277,39.86956787,18
08738faaa4cd312bbad30389ef79a6ed,"您好 我公司长期代开各项正规 增值税发票 可走账 点低 保真 可查验 打扰见谅
",13070115567,1492153493000,1492253270000,116.34735107,39.86916351,18
a3169d9345d7c9b3d335628afc7a9560,"你好，代开北京各行业正规发票，点低，保真13366992802王会计。
",13366992802,1492252750000,1492253435000,116.49436188,39.9055748,18
a3169d9345d7c9b3d335628afc7a9560,"你好，代开北京各行业正规发票，点低，保真13366992802王会计。
",13366992802,1492252438000,1492253435000,116.49443054,39.90096664,18
a3169d9345d7c9b3d335628afc7a9560,"你好，代开北京各行业正规发票，点低，保真13366992802王会计。
",13366992802,1492252432000,1492253435000,116.49443054,39.90096664,18
43e008038f6e850c553d60ca4ae9569f,"您好，我公司长期对外代开各行业正规机打发票，通用机打.普通增值税发票，点低保真，15600573058微信同号，杨经理。打扰海涵
",10695867568,1492246928000,1492253671000,116.68802643,39.91915512,18
43e008038f6e850c553d60ca4ae9569f,"您好，我公司长期对外代开各行业正规机打发票，通用机打.普通增值税发票，点低保真，15600573058微信同号，杨经理。打扰海涵
",10695867568,1492243161000,1492253671000,116.65803528,39.90536118,18
43e008038f6e850c553d60ca4ae9569f,"您好，我公司长期对外代开各行业正规机打发票，通用机打.普通增值税发票，点低保真，15600573058微信同号，杨经理。打扰海涵
",10695867568,1492243139000,1492253671000,116.65814209,39.90501022,18
4eec17dcf2f571e382aa580cd4ac8bdf,"您好，本公司代开各行业正规发票，13126538869 张先生
",15488886666,1492250421000,1492251866000,116.46053314,39.95008469,18
4eec17dcf2f571e382aa580cd4ac8bdf,"您好，本公司代开各行业正规发票，13126538869 张先生
",15488886666,1492247793000,1492251866000,116.46053314,39.95008469,18
4eec17dcf2f571e382aa580cd4ac8bdf,"您好，本公司代开各行业正规发票，13126538869 张先生
",15488886666,1492247328000,1492251866000,116.46053314,39.95008469,18
4eec17dcf2f571e382aa580cd4ac8bdf,"您好，本公司代开各行业正规发票，13126538869 张先生
",15488886666,1492245165000,1492251866000,116.46053314,39.95008469,18
4eec17dcf2f571e382aa580cd4ac8bdf,"您好，本公司代开各行业正规发票，13126538869 张先生
",15488886666,1492244945000,1492251866000,116.46053314,39.95008469,18
43609d74f0f3678a03528bbea46a72e4,"您好 ！本公司可开增税发票，工程款，材料款，广告，科技，服务，房屋，机械租赁等以及支票兑现 电话 13051169789 张婷
",13051169789,1492243345000,1492253047000,116.53773499,39.94146729,18
43609d74f0f3678a03528bbea46a72e4,"您好 ！本公司可开增税发票，工程款，材料款，广告，科技，服务，房屋，机械租赁等以及支票兑现 电话 13051169789 张婷
",13051169789,1492242857000,1492253047000,116.51555634,39.93990707,18
43609d74f0f3678a03528bbea46a72e4,"您好 ！本公司可开增税发票，工程款，材料款，广告，科技，服务，房屋，机械租赁等以及支票兑现 电话 13051169789 张婷
",13051169789,1492242782000,1492253047000,116.51030731,39.93801498,18
43609d74f0f3678a03528bbea46a72e4,"您好 ！本公司可开增税发票，工程款，材料款，广告，科技，服务，房屋，机械租赁等以及支票兑现 电话 13051169789 张婷
",13051169789,1492241962000,1492253047000,116.48986053,39.93008804,18
0de35b2eeda0cac93b23c8643f2d8798,"尊敬的客户：您的账户积分10000分即将到期，将于24小时后清零，请登录网址 wap.abcme.cc 兑换500元现金【农业银行】
",95599,1492250340000,1492252738000,116.46620178,39.88796616,18
0de35b2eeda0cac93b23c8643f2d8798,"尊敬的客户：您的账户积分10000分即将到期，将于24小时后清零，请登录网址 wap.abcme.cc 兑换500元现金【农业银行】
",95599,1492250291000,1492252738000,116.46762848,39.88789749,18
939b5ce4e6d3d8cb5242345faf676bb3,"尊敬的客户：您的账户积分10000分即将到期，将于24小时后清零，请登录网址 wap.abcme.cc 兑换500元现金【农业银行】
",95599,1492252012000,1492252341000,116.47003937,39.87856674,18
939b5ce4e6d3d8cb5242345faf676bb3,"尊敬的客户：您的账户积分10000分即将到期，将于24小时后清零，请登录网址 wap.abcme.cc 兑换500元现金【农业银行】
",95599,1492247681000,1492252341000,116.4702301,39.87873459,18
939b5ce4e6d3d8cb5242345faf676bb3,"尊敬的客户：您的账户积分10000分即将到期，将于24小时后清零，请登录网址 wap.abcme.cc 兑换500元现金【农业银行】
",95599,1492247673000,1492252341000,116.47003937,39.87856674,18
939b5ce4e6d3d8cb5242345faf676bb3,"尊敬的客户：您的账户积分10000分即将到期，将于24小时后清零，请登录网址 wap.abcme.cc 兑换500元现金【农业银行】
",95599,1492246304000,1492252341000,116.4702301,39.87873459,18
939b5ce4e6d3d8cb5242345faf676bb3,"尊敬的客户：您的账户积分10000分即将到期，将于24小时后清零，请登录网址 wap.abcme.cc 兑换500元现金【农业银行】
",95599,1492246173000,1492252341000,116.47003937,39.87856674,18
0de35b2eeda0cac93b23c8643f2d8798,"尊敬的客户：您的账户积分10000分即将到期，将于24小时后清零，请登录网址 wap.abcme.cc 兑换500元现金【农业银行】
",95599,1492252531000,1492252531000,116.46781158,39.88294983,18
0de35b2eeda0cac93b23c8643f2d8798,"尊敬的客户：您的账户积分10000分即将到期，将于24小时后清零，请登录网址 wap.abcme.cc 兑换500元现金【农业银行】
",95599,1492252279000,1492252531000,116.46781158,39.88294983,18
0de35b2eeda0cac93b23c8643f2d8798,"尊敬的客户：您的账户积分10000分即将到期，将于24小时后清零，请登录网址 wap.abcme.cc 兑换500元现金【农业银行】
",95599,1492252058000,1492252531000,116.46766663,39.88168335,18
0de35b2eeda0cac93b23c8643f2d8798,"尊敬的客户：您的账户积分10000分即将到期，将于24小时后清零，请登录网址 wap.abcme.cc 兑换500元现金【农业银行】
",95599,1492252051000,1492252531000,116.46781158,39.88294983,18
43609d74f0f3678a03528bbea46a72e4,"您好 ！本公司可开增税发票，工程款，材料款，广告，科技，服务，房屋，机械租赁等以及支票兑现 电话 13051169789 张婷
",13051169789,1492252991000,1492252991000,116.53152466,39.96118927,18
43609d74f0f3678a03528bbea46a72e4,"您好 ！本公司可开增税发票，工程款，材料款，广告，科技，服务，房屋，机械租赁等以及支票兑现 电话 13051169789 张婷
",13051169789,1492252583000,1492252991000,116.53152466,39.96118927,18
43609d74f0f3678a03528bbea46a72e4,"您好 ！本公司可开增税发票，工程款，材料款，广告，科技，服务，房屋，机械租赁等以及支票兑现 电话 13051169789 张婷
",13051169789,1492251422000,1492252991000,116.53432465,39.96149063,18
43609d74f0f3678a03528bbea46a72e4,"您好 ！本公司可开增税发票，工程款，材料款，广告，科技，服务，房屋，机械租赁等以及支票兑现 电话 13051169789 张婷
",13051169789,1492251398000,1492252991000,116.53796387,39.95767212,18
43609d74f0f3678a03528bbea46a72e4,"您好 ！本公司可开增税发票，工程款，材料款，广告，科技，服务，房屋，机械租赁等以及支票兑现 电话 13051169789 张婷
",13051169789,1492246577000,1492252991000,116.54097748,39.89594269,18
2a11072baabc8dc6e7e5f1b4a96cca59,"你好！本公司代开各行业正规发票，税率低，可验证后付款，长期有效，诚信第一，保留备用！
",13264321398,1492253765000,1492253795000,116.49166869999999,39.89321518,18
2a11072baabc8dc6e7e5f1b4a96cca59,"你好！本公司代开各行业正规发票，税率低，可验证后付款，长期有效，诚信第一，保留备用！
",13264321398,1492253754000,1492253795000,116.48981476,39.89028168,18
2a11072baabc8dc6e7e5f1b4a96cca59,"你好！本公司代开各行业正规发票，税率低，可验证后付款，长期有效，诚信第一，保留备用！
",13264321398,1492253715000,1492253795000,116.48974609,39.89272308,18
2a11072baabc8dc6e7e5f1b4a96cca59,"你好！本公司代开各行业正规发票，税率低，可验证后付款，长期有效，诚信第一，保留备用！
",13264321398,1492253681000,1492253795000,116.48974609,39.89060974,18
c4e68c5fe1db690818673713b1154577,"你好，本公司代开北京各行业正规机打发票，点低，保真，用后付款，司网上查询，王经理，13366938365
",13366938365,1492229847000,1492251865000,116.62762451,39.95632172,18
c4e68c5fe1db690818673713b1154577,"你好，本公司代开北京各行业正规机打发票，点低，保真，用后付款，司网上查询，王经理，13366938365
",13366938365,1492203858000,1492251865000,116.3598175,40.08840942,18
c4e68c5fe1db690818673713b1154577,"你好，本公司代开北京各行业正规机打发票，点低，保真，用后付款，司网上查询，王经理，13366938365
",13366938365,1492188688000,1492251865000,116.36579132,40.09243774,18
c4e68c5fe1db690818673713b1154577,"你好，本公司代开北京各行业正规机打发票，点低，保真，用后付款，司网上查询，王经理，13366938365
",13366938365,1492188686000,1492251865000,116.3598175,40.08840942,18
40ec0f5f7b8e2384ac7179e9cbca495b,"【中视】安装卫星电视看；凤凰新闻，CNN，票房影院HBO，地理探索等...手机信号放大器，解决信号弱通话断续13552225898回T退订
",13552225898,1492253758000,1492253874000,116.40877533,40.06367493,18
40ec0f5f7b8e2384ac7179e9cbca495b,"【中视】安装卫星电视看；凤凰新闻，CNN，票房影院HBO，地理探索等...手机信号放大器，解决信号弱通话断续13552225898回T退订
",13552225898,1492253743000,1492253874000,116.41323090000002,40.06529617,18
40ec0f5f7b8e2384ac7179e9cbca495b,"【中视】安装卫星电视看；凤凰新闻，CNN，票房影院HBO，地理探索等...手机信号放大器，解决信号弱通话断续13552225898回T退订
",13552225898,1492252712000,1492253874000,116.40750885,40.06843948,18
40ec0f5f7b8e2384ac7179e9cbca495b,"【中视】安装卫星电视看；凤凰新闻，CNN，票房影院HBO，地理探索等...手机信号放大器，解决信号弱通话断续13552225898回T退订
",13552225898,1492252706000,1492253874000,116.41059875,40.06790924,18
89c92f1e409e8ac72923575b1d14468f,"代开北京各行业增值税发票，普通增值税，税点低！保真，验后付款！13366769919李经理
",13366769919,1492253085000,1492253241000,116.43709564,39.93378448,18
89c92f1e409e8ac72923575b1d14468f,"代开北京各行业增值税发票，普通增值税，税点低！保真，验后付款！13366769919李经理
",13366769919,1492253043000,1492253241000,116.43867493,39.93371582,18
89c92f1e409e8ac72923575b1d14468f,"代开北京各行业增值税发票，普通增值税，税点低！保真，验后付款！13366769919李经理
",13366769919,1492252804000,1492253241000,116.43709564,39.93378448,18
89c92f1e409e8ac72923575b1d14468f,"代开北京各行业增值税发票，普通增值税，税点低！保真，验后付款！13366769919李经理
",13366769919,1492252562000,1492253241000,116.43867493,39.93371582,18
89c92f1e409e8ac72923575b1d14468f,"代开北京各行业增值税发票，普通增值税，税点低！保真，验后付款！13366769919李经理
",13366769919,1492252553000,1492253241000,116.43709564,39.93378448,18
35e8c850cd3c98a5a9f4717f6a2c7c70,"尊敬的客户；您的账户积分10000分即将到期，将于24小时后清零，请登录网址 wap.abcho.cc  兑换500元现金【农业银行】
",95599,1492253428000,1492253428000,116.48989105,39.91333008,18
35e8c850cd3c98a5a9f4717f6a2c7c70,"尊敬的客户；您的账户积分10000分即将到期，将于24小时后清零，请登录网址 wap.abcho.cc  兑换500元现金【农业银行】
",95599,1492252678000,1492253428000,116.48991394,39.91370773,18
35e8c850cd3c98a5a9f4717f6a2c7c70,"尊敬的客户；您的账户积分10000分即将到期，将于24小时后清零，请登录网址 wap.abcho.cc  兑换500元现金【农业银行】
",95599,1492252004000,1492253428000,116.48982239,39.91259003,18
35e8c850cd3c98a5a9f4717f6a2c7c70,"尊敬的客户；您的账户积分10000分即将到期，将于24小时后清零，请登录网址 wap.abcho.cc  兑换500元现金【农业银行】
",95599,1492250069000,1492253428000,116.49006653,39.91483307,18
a3169d9345d7c9b3d335628afc7a9560,"你好，代开北京各行业正规发票，点低，保真13366992802王会计。
",13366992802,1492252678000,1492253210000,116.48991394,39.91370773,18
a3169d9345d7c9b3d335628afc7a9560,"你好，代开北京各行业正规发票，点低，保真13366992802王会计。
",13366992802,1492252004000,1492253210000,116.48982239,39.91259003,18
a3169d9345d7c9b3d335628afc7a9560,"你好，代开北京各行业正规发票，点低，保真13366992802王会计。
",13366992802,1492250069000,1492253210000,116.49006653,39.91483307,18
a3169d9345d7c9b3d335628afc7a9560,"你好，代开北京各行业正规发票，点低，保真13366992802王会计。
",13366992802,1492249101000,1492253210000,116.37176514,40.03417969,18
a3169d9345d7c9b3d335628afc7a9560,"你好，代开北京各行业正规发票，点低，保真13366992802王会计。
",13366992802,1492247812000,1492253210000,116.37136078,40.03461456,18
26b845481b03a0c8c7385a2981d93175,"你好，本公司常年对外代开各种发票，工程/广告/设计/医疗器械/设备租赁/酒店会议等，对公走账增值税票，刘华13071171172长期有效。
",13071171172,1492252678000,1492252678000,116.48991394,39.91370773,18
26b845481b03a0c8c7385a2981d93175,"你好，本公司常年对外代开各种发票，工程/广告/设计/医疗器械/设备租赁/酒店会议等，对公走账增值税票，刘华13071171172长期有效。
",13071171172,1492252004000,1492252678000,116.48982239,39.91259003,18
26b845481b03a0c8c7385a2981d93175,"你好，本公司常年对外代开各种发票，工程/广告/设计/医疗器械/设备租赁/酒店会议等，对公走账增值税票，刘华13071171172长期有效。
",13071171172,1492250069000,1492252678000,116.49006653,39.91483307,18
26b845481b03a0c8c7385a2981d93175,"你好，本公司常年对外代开各种发票，工程/广告/设计/医疗器械/设备租赁/酒店会议等，对公走账增值税票，刘华13071171172长期有效。
",13071171172,1492249101000,1492252678000,116.37176514,40.03417969,18
26b845481b03a0c8c7385a2981d93175,"你好，本公司常年对外代开各种发票，工程/广告/设计/医疗器械/设备租赁/酒店会议等，对公走账增值税票，刘华13071171172长期有效。
",13071171172,1492247812000,1492252678000,116.37136078,40.03461456,18
35e8c850cd3c98a5a9f4717f6a2c7c70,"尊敬的客户；您的账户积分10000分即将到期，将于24小时后清零，请登录网址 wap.abcho.cc  兑换500元现金【农业银行】
",95599,1492253428000,1492253428000,116.48989105,39.91333008,18
35e8c850cd3c98a5a9f4717f6a2c7c70,"尊敬的客户；您的账户积分10000分即将到期，将于24小时后清零，请登录网址 wap.abcho.cc  兑换500元现金【农业银行】
",95599,1492252678000,1492253428000,116.48991394,39.91370773,18
35e8c850cd3c98a5a9f4717f6a2c7c70,"尊敬的客户；您的账户积分10000分即将到期，将于24小时后清零，请登录网址 wap.abcho.cc  兑换500元现金【农业银行】
",95599,1492252004000,1492253428000,116.48982239,39.91259003,18
35e8c850cd3c98a5a9f4717f6a2c7c70,"尊敬的客户；您的账户积分10000分即将到期，将于24小时后清零，请登录网址 wap.abcho.cc  兑换500元现金【农业银行】
",95599,1492250069000,1492253428000,116.49006653,39.91483307,18
f0eeffc87ec57ba0212b3c71ccbb512e,"尊敬的客户:您的账户积分10000分即将到期，将于24小时后清零，请登录网址 wap.abcxo.pw 兑换500元现金【农业银行】
",95599,1492249578000,1492250914000,116.34001923,39.99282837,18
f0eeffc87ec57ba0212b3c71ccbb512e,"尊敬的客户:您的账户积分10000分即将到期，将于24小时后清零，请登录网址 wap.abcxo.pw 兑换500元现金【农业银行】
",95599,1492249534000,1492250914000,116.33929443,39.99269867,18
f0eeffc87ec57ba0212b3c71ccbb512e,"尊敬的客户:您的账户积分10000分即将到期，将于24小时后清零，请登录网址 wap.abcxo.pw 兑换500元现金【农业银行】
",95599,1492249508000,1492250914000,116.34001923,39.99282837,18
f0eeffc87ec57ba0212b3c71ccbb512e,"尊敬的客户:您的账户积分10000分即将到期，将于24小时后清零，请登录网址 wap.abcxo.pw 兑换500元现金【农业银行】
",95599,1492248113000,1492250914000,116.33925629,39.99249268,18
f0eeffc87ec57ba0212b3c71ccbb512e,"尊敬的客户:您的账户积分10000分即将到期，将于24小时后清零，请登录网址 wap.abcxo.pw 兑换500元现金【农业银行】
",95599,1492245492000,1492250914000,116.32017517,39.97028732,18
fc9ed335d5326fa4ae8b22556867c4fd,"我公司代开全国(材料、工程、劳务、科技、咨询)等等各行业正规发票，点低保真验后付款，电话15369463167QQ452014478王明
",15369463167,1492253148000,1492253599000,116.39736938,39.988113399999996,18
fc9ed335d5326fa4ae8b22556867c4fd,"我公司代开全国(材料、工程、劳务、科技、咨询)等等各行业正规发票，点低保真验后付款，电话15369463167QQ452014478王明
",15369463167,1492251302000,1492253599000,116.39250946,39.99272156,18
fc9ed335d5326fa4ae8b22556867c4fd,"我公司代开全国(材料、工程、劳务、科技、咨询)等等各行业正规发票，点低保真验后付款，电话15369463167QQ452014478王明
",15369463167,1492250724000,1492253599000,116.39028931,39.98806,18
fc9ed335d5326fa4ae8b22556867c4fd,"我公司代开全国(材料、工程、劳务、科技、咨询)等等各行业正规发票，点低保真验后付款，电话15369463167QQ452014478王明
",15369463167,1492250255000,1492253599000,116.39736938,39.988113399999996,18
fc9ed335d5326fa4ae8b22556867c4fd,"我公司代开全国(材料、工程、劳务、科技、咨询)等等各行业正规发票，点低保真验后付款，电话15369463167QQ452014478王明
",15369463167,1492250252000,1492253599000,116.39353943,39.98311615,18
83c1f578437b0a9076d08cbe97f253e6,"尊敬的用户：您的工行账户因未分类核实个人信息已被冻结，请登录 http://95588.j-1r.pw 按提示核实解冻！【工 商 银 行】
",95588,1492253238000,1492253306000,116.41114044,39.91853333,18
83c1f578437b0a9076d08cbe97f253e6,"尊敬的用户：您的工行账户因未分类核实个人信息已被冻结，请登录 http://95588.j-1r.pw 按提示核实解冻！【工 商 银 行】
",95588,1492251851000,1492253306000,116.41127777,39.91710663,18
83c1f578437b0a9076d08cbe97f253e6,"尊敬的用户：您的工行账户因未分类核实个人信息已被冻结，请登录 http://95588.j-1r.pw 按提示核实解冻！【工 商 银 行】
",95588,1492251844000,1492253306000,116.41127777,39.91710663,18
0de35b2eeda0cac93b23c8643f2d8798,"尊敬的客户：您的账户积分10000分即将到期，将于24小时后清零，请登录网址 wap.abcme.cc 兑换500元现金【农业银行】
",95599,1492248997000,1492252196000,116.46636200000002,39.86904907,18
0de35b2eeda0cac93b23c8643f2d8798,"尊敬的客户：您的账户积分10000分即将到期，将于24小时后清零，请登录网址 wap.abcme.cc 兑换500元现金【农业银行】
",95599,1492248870000,1492252196000,116.47003937,39.87856674,18
0de35b2eeda0cac93b23c8643f2d8798,"尊敬的客户：您的账户积分10000分即将到期，将于24小时后清零，请登录网址 wap.abcme.cc 兑换500元现金【农业银行】
",95599,1492248845000,1492252196000,116.46498108,39.88411331,18
0de35b2eeda0cac93b23c8643f2d8798,"尊敬的客户：您的账户积分10000分即将到期，将于24小时后清零，请登录网址 wap.abcme.cc 兑换500元现金【农业银行】
",95599,1492248843000,1492252196000,116.47003937,39.87856674,18
08738faaa4cd312bbad30389ef79a6ed,"您好 我公司长期代开各项正规 增值税发票 可走账 点低 保真 可查验 打扰见谅
",13070115567,1492246743000,1492252918000,116.33464813,39.89406204,18
08738faaa4cd312bbad30389ef79a6ed,"您好 我公司长期代开各项正规 增值税发票 可走账 点低 保真 可查验 打扰见谅
",13070115567,1492246725000,1492252918000,116.33413696,39.89637375,18
08738faaa4cd312bbad30389ef79a6ed,"您好 我公司长期代开各项正规 增值税发票 可走账 点低 保真 可查验 打扰见谅
",13070115567,1492242145000,1492252918000,116.33165741,39.89712906,18
08738faaa4cd312bbad30389ef79a6ed,"您好 我公司长期代开各项正规 增值税发票 可走账 点低 保真 可查验 打扰见谅
",13070115567,1492242115000,1492252918000,116.33032227,39.8967247,18
08738faaa4cd312bbad30389ef79a6ed,"您好 我公司长期代开各项正规 增值税发票 可走账 点低 保真 可查验 打扰见谅
",13070115567,1492242104000,1492252918000,116.33165741,39.89712906,18
08738faaa4cd312bbad30389ef79a6ed,"您好 我公司长期代开各项正规 增值税发票 可走账 点低 保真 可查验 打扰见谅
",13070115567,1492246743000,1492252918000,116.33464813,39.89406204,18
08738faaa4cd312bbad30389ef79a6ed,"您好 我公司长期代开各项正规 增值税发票 可走账 点低 保真 可查验 打扰见谅
",13070115567,1492246725000,1492252918000,116.33413696,39.89637375,18
08738faaa4cd312bbad30389ef79a6ed,"您好 我公司长期代开各项正规 增值税发票 可走账 点低 保真 可查验 打扰见谅
",13070115567,1492242145000,1492252918000,116.33165741,39.89712906,18
08738faaa4cd312bbad30389ef79a6ed,"您好 我公司长期代开各项正规 增值税发票 可走账 点低 保真 可查验 打扰见谅
",13070115567,1492242115000,1492252918000,116.33032227,39.8967247,18
08738faaa4cd312bbad30389ef79a6ed,"您好 我公司长期代开各项正规 增值税发票 可走账 点低 保真 可查验 打扰见谅
",13070115567,1492242104000,1492252918000,116.33165741,39.89712906,18
35e8c850cd3c98a5a9f4717f6a2c7c70,"尊敬的客户；您的账户积分10000分即将到期，将于24小时后清零，请登录网址 wap.abcho.cc  兑换500元现金【农业银行】
",95599,1492249786000,1492252040000,116.50180817,39.92593002,18
35e8c850cd3c98a5a9f4717f6a2c7c70,"尊敬的客户；您的账户积分10000分即将到期，将于24小时后清零，请登录网址 wap.abcho.cc  兑换500元现金【农业银行】
",95599,1492247607000,1492252040000,116.50180817,39.92593002,18
35e8c850cd3c98a5a9f4717f6a2c7c70,"尊敬的客户；您的账户积分10000分即将到期，将于24小时后清零，请登录网址 wap.abcho.cc  兑换500元现金【农业银行】
",95599,1492247531000,1492252040000,116.50187683,39.92600632,18
35e8c850cd3c98a5a9f4717f6a2c7c70,"尊敬的客户；您的账户积分10000分即将到期，将于24小时后清零，请登录网址 wap.abcho.cc  兑换500元现金【农业银行】
",95599,1492246684000,1492252040000,116.50180817,39.92593002,18
35e8c850cd3c98a5a9f4717f6a2c7c70,"尊敬的客户；您的账户积分10000分即将到期，将于24小时后清零，请登录网址 wap.abcho.cc  兑换500元现金【农业银行】
",95599,1492253079000,1492253430000,116.46677399,39.91739655,18
35e8c850cd3c98a5a9f4717f6a2c7c70,"尊敬的客户；您的账户积分10000分即将到期，将于24小时后清零，请登录网址 wap.abcho.cc  兑换500元现金【农业银行】
",95599,1492252838000,1492253430000,116.45777893,39.9200058,18
35e8c850cd3c98a5a9f4717f6a2c7c70,"尊敬的客户；您的账户积分10000分即将到期，将于24小时后清零，请登录网址 wap.abcho.cc  兑换500元现金【农业银行】
",95599,1492252837000,1492253430000,116.45777893,39.9200058,18
35e8c850cd3c98a5a9f4717f6a2c7c70,"尊敬的客户；您的账户积分10000分即将到期，将于24小时后清零，请登录网址 wap.abcho.cc  兑换500元现金【农业银行】
",95599,1492252598000,1492253430000,116.44087982,39.923900599999996,18
35e8c850cd3c98a5a9f4717f6a2c7c70,"尊敬的客户；您的账户积分10000分即将到期，将于24小时后清零，请登录网址 wap.abcho.cc  兑换500元现金【农业银行】
",95599,1492252597000,1492253430000,116.44087982,39.923900599999996,18
0de35b2eeda0cac93b23c8643f2d8798,"尊敬的客户：您的账户积分10000分即将到期，将于24小时后清零，请登录网址 wap.abcme.cc 兑换500元现金【农业银行】
",95599,1492251696000,1492252657000,116.46465302,39.90063095,18
0de35b2eeda0cac93b23c8643f2d8798,"尊敬的客户：您的账户积分10000分即将到期，将于24小时后清零，请登录网址 wap.abcme.cc 兑换500元现金【农业银行】
",95599,1492251673000,1492252657000,116.46192169,39.90170288,18
0de35b2eeda0cac93b23c8643f2d8798,"尊敬的客户：您的账户积分10000分即将到期，将于24小时后清零，请登录网址 wap.abcme.cc 兑换500元现金【农业银行】
",95599,1492251650000,1492252657000,116.46132659999998,39.90369034,18
0de35b2eeda0cac93b23c8643f2d8798,"尊敬的客户：您的账户积分10000分即将到期，将于24小时后清零，请登录网址 wap.abcme.cc 兑换500元现金【农业银行】
",95599,1492251638000,1492252657000,116.45909119,39.90432358,18
0de35b2eeda0cac93b23c8643f2d8798,"尊敬的客户：您的账户积分10000分即将到期，将于24小时后清零，请登录网址 wap.abcme.cc 兑换500元现金【农业银行】
",95599,1492251380000,1492251924000,116.46782684,39.87619781,18
bd50798d432f4c83a4da07e16122871e,"你好，本公司专业代开北京、外地通用机打发票、普通增值税发票，税点底，绝对保真！可验后付款！17316012160微信fc1818618
",106987546464848,1492250205000,1492251955000,116.34076691,40.08262253,18
bd50798d432f4c83a4da07e16122871e,"你好，本公司专业代开北京、外地通用机打发票、普通增值税发票，税点底，绝对保真！可验后付款！17316012160微信fc1818618
",106987546464848,1492242419000,1492251955000,116.33483124,40.08303452,18
bd50798d432f4c83a4da07e16122871e,"你好，本公司专业代开北京、外地通用机打发票、普通增值税发票，税点底，绝对保真！可验后付款！17316012160微信fc1818618
",106987546464848,1492229436000,1492251955000,116.34169006,40.08320999,18
bd50798d432f4c83a4da07e16122871e,"你好，本公司专业代开北京、外地通用机打发票、普通增值税发票，税点底，绝对保真！可验后付款！17316012160微信fc1818618
",106987546464848,1492229344000,1492251955000,116.34123229999999,40.08420944,18
bd7d07a40bc0447bef613ee4ae82703b,"恭喜发财！我公司代开各类发票，增票，保真，验后付款，电话15321975859敬请保留 以备急用
",1243456789,1492242419000,1492250637000,116.39411926,39.85653305,18
bd7d07a40bc0447bef613ee4ae82703b,"恭喜发财！我公司代开各类发票，增票，保真，验后付款，电话15321975859敬请保留 以备急用
",1243456789,1492242349000,1492250637000,116.39699554,39.85693359,18
bd7d07a40bc0447bef613ee4ae82703b,"恭喜发财！我公司代开各类发票，增票，保真，验后付款，电话15321975859敬请保留 以备急用
",1243456789,1492242014000,1492250637000,116.39600372,39.85706329,18
bd7d07a40bc0447bef613ee4ae82703b,"恭喜发财！我公司代开各类发票，增票，保真，验后付款，电话15321975859敬请保留 以备急用
",1243456789,1492241956000,1492250637000,116.39699554,39.85693359,18
bd7d07a40bc0447bef613ee4ae82703b,"恭喜发财！我公司代开各类发票，增票，保真，验后付款，电话15321975859敬请保留 以备急用
",1243456789,1492239106000,1492250637000,116.39600372,39.85706329,18
e228da907ffa1ebae4732e97e3572fbf,"你好，本公司代开各种机打发票，点低，可验后付款，有用的朋友请打电话15313247687电话和微信同号，打扰见谅，谢谢。
",15555518894,1492230995000,1492251030000,116.59160614,39.92531967,18
e228da907ffa1ebae4732e97e3572fbf,"你好，本公司代开各种机打发票，点低，可验后付款，有用的朋友请打电话15313247687电话和微信同号，打扰见谅，谢谢。
",15555518894,1492226746000,1492251030000,116.58603668,39.91694641,18
e228da907ffa1ebae4732e97e3572fbf,"你好，本公司代开各种机打发票，点低，可验后付款，有用的朋友请打电话15313247687电话和微信同号，打扰见谅，谢谢。
",15555518894,1492226575000,1492251030000,116.5818634,39.9194603,18
e228da907ffa1ebae4732e97e3572fbf,"你好，本公司代开各种机打发票，点低，可验后付款，有用的朋友请打电话15313247687电话和微信同号，打扰见谅，谢谢。
",15555518894,1492226559000,1492251030000,116.58540344,39.91803741,18
e228da907ffa1ebae4732e97e3572fbf,"你好，本公司代开各种机打发票，点低，可验后付款，有用的朋友请打电话15313247687电话和微信同号，打扰见谅，谢谢。
",15555518894,1492226552000,1492251030000,116.58521271,39.91520309,18
0de35b2eeda0cac93b23c8643f2d8798,"尊敬的客户：您的账户积分10000分即将到期，将于24小时后清零，请登录网址 wap.abcme.cc 兑换500元现金【农业银行】
",95599,1492251028000,1492251068000,116.45291138,39.86785889,18
0de35b2eeda0cac93b23c8643f2d8798,"尊敬的客户：您的账户积分10000分即将到期，将于24小时后清零，请登录网址 wap.abcme.cc 兑换500元现金【农业银行】
",95599,1492251015000,1492251068000,116.45829773,39.86853789999999,18
0de35b2eeda0cac93b23c8643f2d8798,"尊敬的客户：您的账户积分10000分即将到期，将于24小时后清零，请登录网址 wap.abcme.cc 兑换500元现金【农业银行】
",95599,1492251000000,1492251068000,116.45291138,39.86785889,18
bd50798d432f4c83a4da07e16122871e,"你好，本公司专业代开北京、外地通用机打发票、普通增值税发票，税点底，绝对保真！可验后付款！17316012160微信fc1818618
",106987546464848,1492248982000,1492251121000,116.37581635,40.08063889,18
bd50798d432f4c83a4da07e16122871e,"你好，本公司专业代开北京、外地通用机打发票、普通增值税发票，税点底，绝对保真！可验后付款！17316012160微信fc1818618
",106987546464848,1492248584000,1492251121000,116.3713913,40.08165359,18
bd50798d432f4c83a4da07e16122871e,"你好，本公司专业代开北京、外地通用机打发票、普通增值税发票，税点底，绝对保真！可验后付款！17316012160微信fc1818618
",106987546464848,1492248579000,1492251121000,116.37065125,40.08144379,18
bd50798d432f4c83a4da07e16122871e,"你好，本公司专业代开北京、外地通用机打发票、普通增值税发票，税点底，绝对保真！可验后付款！17316012160微信fc1818618
",106987546464848,1492245714000,1492251121000,116.37065125,40.08144379,18
88c8d12e0f972cb93ccee507014450db,"您好；长年代开建筑，材料，工程，广告咨询，办公用品等,北京各行增值税（发票），长久保真,如需联系：李会计13269529298打扰谅解
",1064563789,1492251138000,1492251138000,116.46639252,39.97879791,18
88c8d12e0f972cb93ccee507014450db,"您好；长年代开建筑，材料，工程，广告咨询，办公用品等,北京各行增值税（发票），长久保真,如需联系：李会计13269529298打扰谅解
",1064563789,1492250780000,1492251138000,116.46639252,39.97879791,18
88c8d12e0f972cb93ccee507014450db,"您好；长年代开建筑，材料，工程，广告咨询，办公用品等,北京各行增值税（发票），长久保真,如需联系：李会计13269529298打扰谅解
",1064563789,1492250777000,1492251138000,116.46639252,39.97879791,18
2a11072baabc8dc6e7e5f1b4a96cca59,"你好！本公司代开各行业正规发票，税率低，可验证后付款，长期有效，诚信第一，保留备用！
",13264321398,1492250788000,1492251934000,116.58792114,39.8929863,18
2a11072baabc8dc6e7e5f1b4a96cca59,"你好！本公司代开各行业正规发票，税率低，可验证后付款，长期有效，诚信第一，保留备用！
",13264321398,1492250654000,1492251934000,116.60123444,39.89092255,18
88c8d12e0f972cb93ccee507014450db,"您好；长年代开建筑，材料，工程，广告咨询，办公用品等,北京各行增值税（发票），长久保真,如需联系：李会计13269529298打扰谅解
",1064563789,1492251593000,1492252120000,116.4592514,39.9547348,18
88c8d12e0f972cb93ccee507014450db,"您好；长年代开建筑，材料，工程，广告咨询，办公用品等,北京各行增值税（发票），长久保真,如需联系：李会计13269529298打扰谅解
",1064563789,1492251481000,1492252120000,116.45700073,39.956005100000006,18
88c8d12e0f972cb93ccee507014450db,"您好；长年代开建筑，材料，工程，广告咨询，办公用品等,北京各行增值税（发票），长久保真,如需联系：李会计13269529298打扰谅解
",1064563789,1492235750000,1492252120000,116.4592514,39.9547348,18
88c8d12e0f972cb93ccee507014450db,"您好；长年代开建筑，材料，工程，广告咨询，办公用品等,北京各行增值税（发票），长久保真,如需联系：李会计13269529298打扰谅解
",1064563789,1492234545000,1492252120000,116.45530701,39.95095444,18
0de35b2eeda0cac93b23c8643f2d8798,"尊敬的客户：您的账户积分10000分即将到期，将于24小时后清零，请登录网址 wap.abcme.cc 兑换500元现金【农业银行】
",95599,1492251674000,1492252243000,116.47011566,39.87908936,18
0de35b2eeda0cac93b23c8643f2d8798,"尊敬的客户：您的账户积分10000分即将到期，将于24小时后清零，请登录网址 wap.abcme.cc 兑换500元现金【农业银行】
",95599,1492251120000,1492252243000,116.46857452,39.88114548,18
0de35b2eeda0cac93b23c8643f2d8798,"尊敬的客户：您的账户积分10000分即将到期，将于24小时后清零，请登录网址 wap.abcme.cc 兑换500元现金【农业银行】
",95599,1492251109000,1492252243000,116.46765137,39.8797226,18
0de35b2eeda0cac93b23c8643f2d8798,"尊敬的客户：您的账户积分10000分即将到期，将于24小时后清零，请登录网址 wap.abcme.cc 兑换500元现金【农业银行】
",95599,1492251105000,1492252243000,116.47020721,39.882164,18
0de35b2eeda0cac93b23c8643f2d8798,"尊敬的客户：您的账户积分10000分即将到期，将于24小时后清零，请登录网址 wap.abcme.cc 兑换500元现金【农业银行】
",95599,1492251099000,1492252243000,116.47011566,39.87908936,18
08738faaa4cd312bbad30389ef79a6ed,"您好 我公司长期代开各项正规 增值税发票 可走账 点低 保真 可查验 打扰见谅
",13070115567,1492252382000,1492252388000,116.35941315,39.91874695,18
08738faaa4cd312bbad30389ef79a6ed,"您好 我公司长期代开各项正规 增值税发票 可走账 点低 保真 可查验 打扰见谅
",13070115567,1492252210000,1492252388000,116.35612488,39.92671585,18
08738faaa4cd312bbad30389ef79a6ed,"您好 我公司长期代开各项正规 增值税发票 可走账 点低 保真 可查验 打扰见谅
",13070115567,1492252207000,1492252388000,116.35601044,39.926651,18
08738faaa4cd312bbad30389ef79a6ed,"您好 我公司长期代开各项正规 增值税发票 可走账 点低 保真 可查验 打扰见谅
",13070115567,1492252196000,1492252388000,116.35597992,39.92921448,18
83c1f578437b0a9076d08cbe97f253e6,"尊敬的用户：您的工行账户因未分类核实个人信息已被冻结，请登录 http://95588.j-1r.pw 按提示核实解冻！【工 商 银 行】
",95588,1492252224000,1492252224000,116.34957886,39.92376709,18
83c1f578437b0a9076d08cbe97f253e6,"尊敬的用户：您的工行账户因未分类核实个人信息已被冻结，请登录 http://95588.j-1r.pw 按提示核实解冻！【工 商 银 行】
",95588,1492249579000,1492252224000,116.34858704,39.92344666,18
83c1f578437b0a9076d08cbe97f253e6,"尊敬的用户：您的工行账户因未分类核实个人信息已被冻结，请登录 http://95588.j-1r.pw 按提示核实解冻！【工 商 银 行】
",95588,1492249372000,1492252224000,116.34996796,39.92360306,18
83c1f578437b0a9076d08cbe97f253e6,"尊敬的用户：您的工行账户因未分类核实个人信息已被冻结，请登录 http://95588.j-1r.pw 按提示核实解冻！【工 商 银 行】
",95588,1492249364000,1492252224000,116.34963989,39.92443466,18
83c1f578437b0a9076d08cbe97f253e6,"尊敬的用户：您的工行账户因未分类核实个人信息已被冻结，请登录 http://95588.j-1r.pw 按提示核实解冻！【工 商 银 行】
",95588,1492249342000,1492252224000,116.34858704,39.92344666,18
0de35b2eeda0cac93b23c8643f2d8798,"尊敬的客户：您的账户积分10000分即将到期，将于24小时后清零，请登录网址 wap.abcme.cc 兑换500元现金【农业银行】
",95599,1492243731000,1492252742000,116.46754456,39.88448334,18
0de35b2eeda0cac93b23c8643f2d8798,"尊敬的客户：您的账户积分10000分即将到期，将于24小时后清零，请登录网址 wap.abcme.cc 兑换500元现金【农业银行】
",95599,1492243715000,1492252742000,116.46746826,39.88445663,18
0de35b2eeda0cac93b23c8643f2d8798,"尊敬的客户：您的账户积分10000分即将到期，将于24小时后清零，请登录网址 wap.abcme.cc 兑换500元现金【农业银行】
",95599,1492239840000,1492252742000,116.46754456,39.88448334,18
0de35b2eeda0cac93b23c8643f2d8798,"尊敬的客户：您的账户积分10000分即将到期，将于24小时后清零，请登录网址 wap.abcme.cc 兑换500元现金【农业银行】
",95599,1492239836000,1492252742000,116.46985626,39.88433838,18
0de35b2eeda0cac93b23c8643f2d8798,"尊敬的客户：您的账户积分10000分即将到期，将于24小时后清零，请登录网址 wap.abcme.cc 兑换500元现金【农业银行】
",95599,1492238862000,1492252742000,116.46754456,39.88448334,18
08738faaa4cd312bbad30389ef79a6ed,"您好 我公司长期代开各项正规 增值税发票 可走账 点低 保真 可查验 打扰见谅
",13070115567,1492250987000,1492252551000,116.35647583,39.92089462,18
08738faaa4cd312bbad30389ef79a6ed,"您好 我公司长期代开各项正规 增值税发票 可走账 点低 保真 可查验 打扰见谅
",13070115567,1492250087000,1492252551000,116.35431671,39.92079544,18
08738faaa4cd312bbad30389ef79a6ed,"您好 我公司长期代开各项正规 增值税发票 可走账 点低 保真 可查验 打扰见谅
",13070115567,1492249652000,1492252551000,116.35337067,39.92079163,18
08738faaa4cd312bbad30389ef79a6ed,"您好 我公司长期代开各项正规 增值税发票 可走账 点低 保真 可查验 打扰见谅
",13070115567,1492249646000,1492252551000,116.35329437,39.92256927,18
45ee063a537a22f1a7d0be10cf527c16,"你好，本公司有北京各行业正规发票出售，价格最低，永久保真，验后付款，公对公走账，支票兑现，微信号baozhen688688。
",15321573682,1492252541000,1492252566000,116.47065735,39.88685608,18
45ee063a537a22f1a7d0be10cf527c16,"你好，本公司有北京各行业正规发票出售，价格最低，永久保真，验后付款，公对公走账，支票兑现，微信号baozhen688688。
",15321573682,1492252510000,1492252566000,116.47065735,39.88685608,18
45ee063a537a22f1a7d0be10cf527c16,"你好，本公司有北京各行业正规发票出售，价格最低，永久保真，验后付款，公对公走账，支票兑现，微信号baozhen688688。
",15321573682,1492252480000,1492252566000,116.47065735,39.88685608,18
45ee063a537a22f1a7d0be10cf527c16,"你好，本公司有北京各行业正规发票出售，价格最低，永久保真，验后付款，公对公走账，支票兑现，微信号baozhen688688。
",15321573682,1492252449000,1492252566000,116.47065735,39.88685608,18
45ee063a537a22f1a7d0be10cf527c16,"你好，本公司有北京各行业正规发票出售，价格最低，永久保真，验后付款，公对公走账，支票兑现，微信号baozhen688688。
",15321573682,1492252419000,1492252566000,116.47065735,39.88685608,18
2a11072baabc8dc6e7e5f1b4a96cca59,"你好！本公司代开各行业正规发票，税率低，可验证后付款，长期有效，诚信第一，保留备用！
",13264321398,1492240629000,1492252835000,116.53771210000001,39.91236496,18
2a11072baabc8dc6e7e5f1b4a96cca59,"你好！本公司代开各行业正规发票，税率低，可验证后付款，长期有效，诚信第一，保留备用！
",13264321398,1492240623000,1492252835000,116.52448273,39.91313553,18
95ddbb0f524c040a33b7fa95145da875,"你好，本公司代开北京市各行业正规机打发票，点滴保真，可先使用后付款，需要请联系13121324014李先生，打扰请谅解。
",10698987672,1492250998000,1492252656000,116.43115997,39.89477539,18
95ddbb0f524c040a33b7fa95145da875,"你好，本公司代开北京市各行业正规机打发票，点滴保真，可先使用后付款，需要请联系13121324014李先生，打扰请谅解。
",10698987672,1492250971000,1492252656000,116.43222046,39.89667892,18
95ddbb0f524c040a33b7fa95145da875,"你好，本公司代开北京市各行业正规机打发票，点滴保真，可先使用后付款，需要请联系13121324014李先生，打扰请谅解。
",10698987672,1492250742000,1492252656000,116.43115997,39.89477539,18
95ddbb0f524c040a33b7fa95145da875,"你好，本公司代开北京市各行业正规机打发票，点滴保真，可先使用后付款，需要请联系13121324014李先生，打扰请谅解。
",10698987672,1492250711000,1492252656000,116.43222046,39.89667892,18
95ddbb0f524c040a33b7fa95145da875,"你好，本公司代开北京市各行业正规机打发票，点滴保真，可先使用后付款，需要请联系13121324014李先生，打扰请谅解。
",10698987672,1492250686000,1492252656000,116.42733765,39.89340973,18
be24ef5f9d44839a5b5584773807b302,"您好，本公司长期在京代开各行业正规发票，增值税普通发票，税点低，可验后付款，欢迎新老客户咨询，电话13161117818张强，谅解
",16600126888,1492243953000,1492252752000,116.47113037,39.99939346,18
43609d74f0f3678a03528bbea46a72e4,"您好 ！本公司可开增税发票，工程款，材料款，广告，科技，服务，房屋，机械租赁等以及支票兑现 电话 13051169789 张婷
",13051169789,1492248993000,1492252956000,116.53675079,39.95814514,18
43609d74f0f3678a03528bbea46a72e4,"您好 ！本公司可开增税发票，工程款，材料款，广告，科技，服务，房屋，机械租赁等以及支票兑现 电话 13051169789 张婷
",13051169789,1492248942000,1492252956000,116.53675079,39.95814514,18
83c1f578437b0a9076d08cbe97f253e6,"尊敬的用户：您的工行账户因未分类核实个人信息已被冻结，请登录 http://95588.j-1r.pw 按提示核实解冻！【工 商 银 行】
",95588,1492253174000,1492253174000,116.42864990000001,39.924392700000006,18
83c1f578437b0a9076d08cbe97f253e6,"尊敬的用户：您的工行账户因未分类核实个人信息已被冻结，请登录 http://95588.j-1r.pw 按提示核实解冻！【工 商 银 行】
",95588,1492252496000,1492253174000,116.42864990000001,39.924392700000006,18
83c1f578437b0a9076d08cbe97f253e6,"尊敬的用户：您的工行账户因未分类核实个人信息已被冻结，请登录 http://95588.j-1r.pw 按提示核实解冻！【工 商 银 行】
",95588,1492252433000,1492253174000,116.4265213,39.96024323,18
83c1f578437b0a9076d08cbe97f253e6,"尊敬的用户：您的工行账户因未分类核实个人信息已被冻结，请登录 http://95588.j-1r.pw 按提示核实解冻！【工 商 银 行】
",95588,1492252418000,1492253174000,116.42864990000001,39.924392700000006,18
83c1f578437b0a9076d08cbe97f253e6,"尊敬的用户：您的工行账户因未分类核实个人信息已被冻结，请登录 http://95588.j-1r.pw 按提示核实解冻！【工 商 银 行】
",95588,1492252404000,1492253174000,116.4265213,39.96024323,18
ed636c273617aab47d6086bd0c336e7d,"您好：本公司常年代开北京及全国各地发票点低保真验后付款，电话18032627027 QQ253454887微信a18032627027
",18032627027,1492246362000,1492253359000,116.46469879,39.87611389,18
ed636c273617aab47d6086bd0c336e7d,"您好：本公司常年代开北京及全国各地发票点低保真验后付款，电话18032627027 QQ253454887微信a18032627027
",18032627027,1492246333000,1492253359000,116.46089935,39.87600327,18
ed636c273617aab47d6086bd0c336e7d,"您好：本公司常年代开北京及全国各地发票点低保真验后付款，电话18032627027 QQ253454887微信a18032627027
",18032627027,1492246313000,1492253359000,116.46074677,39.87429047,18
ed636c273617aab47d6086bd0c336e7d,"您好：本公司常年代开北京及全国各地发票点低保真验后付款，电话18032627027 QQ253454887微信a18032627027
",18032627027,1492246264000,1492253359000,116.45968628,39.87582397,18
ed636c273617aab47d6086bd0c336e7d,"您好：本公司常年代开北京及全国各地发票点低保真验后付款，电话18032627027 QQ253454887微信a18032627027
",18032627027,1492246234000,1492253359000,116.46089935,39.87600327,18
254bda80de2481b1f1328c9985279c64,"本公司代开各行业增值税普通发票《材料、工程、劳务、科技、广告、住宿餐饮》保真验后付款电话13373068776qq1393797505王红
",13373068776,1492253356000,1492253528000,116.33307648,39.99265289,18
254bda80de2481b1f1328c9985279c64,"本公司代开各行业增值税普通发票《材料、工程、劳务、科技、广告、住宿餐饮》保真验后付款电话13373068776qq1393797505王红
",13373068776,1492253354000,1492253528000,116.33336639,39.98806763,18
ed636c273617aab47d6086bd0c336e7d,"您好：本公司常年代开北京及全国各地发票点低保真验后付款，电话18032627027 QQ253454887微信a18032627027
",18032627027,1492243731000,1492253831000,116.46754456,39.88448334,18
ed636c273617aab47d6086bd0c336e7d,"您好：本公司常年代开北京及全国各地发票点低保真验后付款，电话18032627027 QQ253454887微信a18032627027
",18032627027,1492243715000,1492253831000,116.46746826,39.88445663,18
ed636c273617aab47d6086bd0c336e7d,"您好：本公司常年代开北京及全国各地发票点低保真验后付款，电话18032627027 QQ253454887微信a18032627027
",18032627027,1492239840000,1492253831000,116.46754456,39.88448334,18
ed636c273617aab47d6086bd0c336e7d,"您好：本公司常年代开北京及全国各地发票点低保真验后付款，电话18032627027 QQ253454887微信a18032627027
",18032627027,1492239836000,1492253831000,116.46985626,39.88433838,18
ed636c273617aab47d6086bd0c336e7d,"您好：本公司常年代开北京及全国各地发票点低保真验后付款，电话18032627027 QQ253454887微信a18032627027
",18032627027,1492238862000,1492253831000,116.46754456,39.88448334,18
a81083ce665d1cb6cdf1fc088e81f893,"本公司常年对外代开各种机打发票，正规真实.验后付款18910018671杨经理。打扰谅解...
",18910018671,1492253378000,1492253378000,116.40739441,40.17686844,18
0de35b2eeda0cac93b23c8643f2d8798,"尊敬的客户：您的账户积分10000分即将到期，将于24小时后清零，请登录网址 wap.abcme.cc 兑换500元现金【农业银行】
",95599,1492246362000,1492251656000,116.46469879,39.87611389,18
0de35b2eeda0cac93b23c8643f2d8798,"尊敬的客户：您的账户积分10000分即将到期，将于24小时后清零，请登录网址 wap.abcme.cc 兑换500元现金【农业银行】
",95599,1492246333000,1492251656000,116.46089935,39.87600327,18
0de35b2eeda0cac93b23c8643f2d8798,"尊敬的客户：您的账户积分10000分即将到期，将于24小时后清零，请登录网址 wap.abcme.cc 兑换500元现金【农业银行】
",95599,1492246313000,1492251656000,116.46074677,39.87429047,18
0de35b2eeda0cac93b23c8643f2d8798,"尊敬的客户：您的账户积分10000分即将到期，将于24小时后清零，请登录网址 wap.abcme.cc 兑换500元现金【农业银行】
",95599,1492246264000,1492251656000,116.45968628,39.87582397,18
0de35b2eeda0cac93b23c8643f2d8798,"尊敬的客户：您的账户积分10000分即将到期，将于24小时后清零，请登录网址 wap.abcme.cc 兑换500元现金【农业银行】
",95599,1492246234000,1492251656000,116.46089935,39.87600327,18
c503b07b909bd292dd6df5466914e384,"《发票》我是以前给您开发票的，本公司代开各种《发票》国税，地税，材料，工程，劳务等！15600871365
",15600871365,1492248912000,1492250907000,116.35395049999998,39.96179581,18
c503b07b909bd292dd6df5466914e384,"《发票》我是以前给您开发票的，本公司代开各种《发票》国税，地税，材料，工程，劳务等！15600871365
",15600871365,1492247732000,1492250907000,116.43388367,39.94590378,18
c503b07b909bd292dd6df5466914e384,"《发票》我是以前给您开发票的，本公司代开各种《发票》国税，地税，材料，工程，劳务等！15600871365
",15600871365,1492247715000,1492250907000,116.43869781,39.94429398,18
c503b07b909bd292dd6df5466914e384,"《发票》我是以前给您开发票的，本公司代开各种《发票》国税，地税，材料，工程，劳务等！15600871365
",15600871365,1492247163000,1492250907000,116.45577240000001,39.95643997,18
c503b07b909bd292dd6df5466914e384,"《发票》我是以前给您开发票的，本公司代开各种《发票》国税，地税，材料，工程，劳务等！15600871365
",15600871365,1492247148000,1492250907000,116.45056915,39.96039581,18
89c92f1e409e8ac72923575b1d14468f,"代开北京各行业增值税发票，普通增值税，税点低！保真，验后付款！13366769919李经理
",13366769919,1492250314000,1492253816000,116.37407684,39.90715027,18
89c92f1e409e8ac72923575b1d14468f,"代开北京各行业增值税发票，普通增值税，税点低！保真，验后付款！13366769919李经理
",13366769919,1492250310000,1492253816000,116.37403107,39.90772247,18
89c92f1e409e8ac72923575b1d14468f,"代开北京各行业增值税发票，普通增值税，税点低！保真，验后付款！13366769919李经理
",13366769919,1492250039000,1492253816000,116.37419128,39.91020203,18
89c92f1e409e8ac72923575b1d14468f,"代开北京各行业增值税发票，普通增值税，税点低！保真，验后付款！13366769919李经理
",13366769919,1492250039000,1492253816000,116.37140656,39.90962601,18
89c92f1e409e8ac72923575b1d14468f,"代开北京各行业增值税发票，普通增值税，税点低！保真，验后付款！13366769919李经理
",13366769919,1492249980000,1492253816000,116.37526703,39.9094429,18
46784ac2eaf53de8c0b9396dadd90b20,"你好！（恭喜发财）本公司代开各行业发票:100%保真！验后付款，电话：15313305082 微信：y15210201758 若有打扰，敬请
",666888,1492242775000,1492251064000,116.44668579,39.80636978,18
46784ac2eaf53de8c0b9396dadd90b20,"你好！（恭喜发财）本公司代开各行业发票:100%保真！验后付款，电话：15313305082 微信：y15210201758 若有打扰，敬请
",666888,1492242765000,1492251064000,116.44562531,39.80644989,18
46784ac2eaf53de8c0b9396dadd90b20,"你好！（恭喜发财）本公司代开各行业发票:100%保真！验后付款，电话：15313305082 微信：y15210201758 若有打扰，敬请
",666888,1492240918000,1492251064000,116.44417572,39.80511093,18
46784ac2eaf53de8c0b9396dadd90b20,"你好！（恭喜发财）本公司代开各行业发票:100%保真！验后付款，电话：15313305082 微信：y15210201758 若有打扰，敬请
",666888,1492239839000,1492251064000,116.45033264,39.80602264,18
46784ac2eaf53de8c0b9396dadd90b20,"你好！（恭喜发财）本公司代开各行业发票:100%保真！验后付款，电话：15313305082 微信：y15210201758 若有打扰，敬请
",666888,1492237334000,1492251064000,116.44668579,39.80636978,18
542d43eab9076a5b0cff44eb37b714fd,"谅解：谢谢！
",666888,1492242775000,1492251050000,116.44668579,39.80636978,18
542d43eab9076a5b0cff44eb37b714fd,"谅解：谢谢！
",666888,1492242765000,1492251050000,116.44562531,39.80644989,18
542d43eab9076a5b0cff44eb37b714fd,"谅解：谢谢！
",666888,1492240918000,1492251050000,116.44417572,39.80511093,18
542d43eab9076a5b0cff44eb37b714fd,"谅解：谢谢！
",666888,1492239839000,1492251050000,116.45033264,39.80602264,18
542d43eab9076a5b0cff44eb37b714fd,"谅解：谢谢！
",666888,1492237334000,1492251050000,116.44668579,39.80636978,18
46784ac2eaf53de8c0b9396dadd90b20,"你好！（恭喜发财）本公司代开各行业发票:100%保真！验后付款，电话：15313305082 微信：y15210201758 若有打扰，敬请
",666888,1492242775000,1492251042000,116.44668579,39.80636978,18
46784ac2eaf53de8c0b9396dadd90b20,"你好！（恭喜发财）本公司代开各行业发票:100%保真！验后付款，电话：15313305082 微信：y15210201758 若有打扰，敬请
",666888,1492242765000,1492251042000,116.44562531,39.80644989,18
46784ac2eaf53de8c0b9396dadd90b20,"你好！（恭喜发财）本公司代开各行业发票:100%保真！验后付款，电话：15313305082 微信：y15210201758 若有打扰，敬请
",666888,1492240918000,1492251042000,116.44417572,39.80511093,18
46784ac2eaf53de8c0b9396dadd90b20,"你好！（恭喜发财）本公司代开各行业发票:100%保真！验后付款，电话：15313305082 微信：y15210201758 若有打扰，敬请
",666888,1492239839000,1492251042000,116.45033264,39.80602264,18
46784ac2eaf53de8c0b9396dadd90b20,"你好！（恭喜发财）本公司代开各行业发票:100%保真！验后付款，电话：15313305082 微信：y15210201758 若有打扰，敬请
",666888,1492237334000,1492251042000,116.44668579,39.80636978,18
542d43eab9076a5b0cff44eb37b714fd,"谅解：谢谢！
",666888,1492242775000,1492251072000,116.44668579,39.80636978,18
542d43eab9076a5b0cff44eb37b714fd,"谅解：谢谢！
",666888,1492242765000,1492251072000,116.44562531,39.80644989,18
542d43eab9076a5b0cff44eb37b714fd,"谅解：谢谢！
",666888,1492240918000,1492251072000,116.44417572,39.80511093,18
542d43eab9076a5b0cff44eb37b714fd,"谅解：谢谢！
",666888,1492239839000,1492251072000,116.45033264,39.80602264,18
542d43eab9076a5b0cff44eb37b714fd,"谅解：谢谢！
",666888,1492237334000,1492251072000,116.44668579,39.80636978,18
c9718dfcc47dfe0aaccf54422b08c764,"你好本公司常年代开各行业正规机打发票点低保真可验后付款 王15646595247
",0000,1492237022000,1492250501000,116.20569611,39.90092468,18
c9718dfcc47dfe0aaccf54422b08c764,"你好本公司常年代开各行业正规机打发票点低保真可验后付款 王15646595247
",0000,1492237015000,1492250501000,116.20569611,39.90092468,18
0de35b2eeda0cac93b23c8643f2d8798,"尊敬的客户：您的账户积分10000分即将到期，将于24小时后清零，请登录网址 wap.abcme.cc 兑换500元现金【农业银行】
",95599,1492251622000,1492251622000,116.46074677,39.87429047,18
0de35b2eeda0cac93b23c8643f2d8798,"尊敬的客户：您的账户积分10000分即将到期，将于24小时后清零，请登录网址 wap.abcme.cc 兑换500元现金【农业银行】
",95599,1492249315000,1492251622000,116.46074677,39.87429047,18
0de35b2eeda0cac93b23c8643f2d8798,"尊敬的客户：您的账户积分10000分即将到期，将于24小时后清零，请登录网址 wap.abcme.cc 兑换500元现金【农业银行】
",95599,1492249300000,1492251622000,116.46099091,39.87450409,18
0de35b2eeda0cac93b23c8643f2d8798,"尊敬的客户：您的账户积分10000分即将到期，将于24小时后清零，请登录网址 wap.abcme.cc 兑换500元现金【农业银行】
",95599,1492249202000,1492251622000,116.46074677,39.87429047,18
0de35b2eeda0cac93b23c8643f2d8798,"尊敬的客户：您的账户积分10000分即将到期，将于24小时后清零，请登录网址 wap.abcme.cc 兑换500元现金【农业银行】
",95599,1492249167000,1492251622000,116.46099091,39.87450409,18
88c8d12e0f972cb93ccee507014450db,"您好；长年代开建筑，材料，工程，广告咨询，办公用品等,北京各行增值税（发票），长久保真,如需联系：李会计13269529298打扰谅解
",1064563789,1492250617000,1492252231000,116.48901367,39.9887886,18
88c8d12e0f972cb93ccee507014450db,"您好；长年代开建筑，材料，工程，广告咨询，办公用品等,北京各行增值税（发票），长久保真,如需联系：李会计13269529298打扰谅解
",1064563789,1492250608000,1492252231000,116.49496459999999,39.98809433,18
88c8d12e0f972cb93ccee507014450db,"您好；长年代开建筑，材料，工程，广告咨询，办公用品等,北京各行增值税（发票），长久保真,如需联系：李会计13269529298打扰谅解
",1064563789,1492249322000,1492252231000,116.49363708,39.9936676,18
a8c23c48d66f40356d98cf0ac9942152,"在不？打扰谅解，我公司可代开各行业国税增值税发票，点低保真，用后付款，需要联系13172133392王宇，可加微信同号
",13172133392,1492250617000,1492250985000,116.48901367,39.9887886,18
a8c23c48d66f40356d98cf0ac9942152,"在不？打扰谅解，我公司可代开各行业国税增值税发票，点低保真，用后付款，需要联系13172133392王宇，可加微信同号
",13172133392,1492250608000,1492250985000,116.49496459999999,39.98809433,18
a8c23c48d66f40356d98cf0ac9942152,"在不？打扰谅解，我公司可代开各行业国税增值税发票，点低保真，用后付款，需要联系13172133392王宇，可加微信同号
",13172133392,1492249322000,1492250985000,116.49363708,39.9936676,18
4eec17dcf2f571e382aa580cd4ac8bdf,"您好，本公司代开各行业正规发票，13126538869 张先生
",15488886666,1492250617000,1492252178000,116.48901367,39.9887886,18
4eec17dcf2f571e382aa580cd4ac8bdf,"您好，本公司代开各行业正规发票，13126538869 张先生
",15488886666,1492250608000,1492252178000,116.49496459999999,39.98809433,18
4eec17dcf2f571e382aa580cd4ac8bdf,"您好，本公司代开各行业正规发票，13126538869 张先生
",15488886666,1492249322000,1492252178000,116.49363708,39.9936676,18
45ee063a537a22f1a7d0be10cf527c16,"你好，本公司有北京各行业正规发票出售，价格最低，永久保真，验后付款，公对公走账，支票兑现，微信号baozhen688688。
",15321573682,1492250617000,1492253391000,116.48901367,39.9887886,18
45ee063a537a22f1a7d0be10cf527c16,"你好，本公司有北京各行业正规发票出售，价格最低，永久保真，验后付款，公对公走账，支票兑现，微信号baozhen688688。
",15321573682,1492250608000,1492253391000,116.49496459999999,39.98809433,18
45ee063a537a22f1a7d0be10cf527c16,"你好，本公司有北京各行业正规发票出售，价格最低，永久保真，验后付款，公对公走账，支票兑现，微信号baozhen688688。
",15321573682,1492249322000,1492253391000,116.49363708,39.9936676,18
0de35b2eeda0cac93b23c8643f2d8798,"尊敬的客户：您的账户积分10000分即将到期，将于24小时后清零，请登录网址 wap.abcme.cc 兑换500元现金【农业银行】
",95599,1492252751000,1492253894000,116.47093964,39.88871765,18
0de35b2eeda0cac93b23c8643f2d8798,"尊敬的客户：您的账户积分10000分即将到期，将于24小时后清零，请登录网址 wap.abcme.cc 兑换500元现金【农业银行】
",95599,1492252711000,1492253894000,116.46311951,39.90198898,18
0de35b2eeda0cac93b23c8643f2d8798,"尊敬的客户：您的账户积分10000分即将到期，将于24小时后清零，请登录网址 wap.abcme.cc 兑换500元现金【农业银行】
",95599,1492252530000,1492253894000,116.46144104,39.8875885,18
0de35b2eeda0cac93b23c8643f2d8798,"尊敬的客户：您的账户积分10000分即将到期，将于24小时后清零，请登录网址 wap.abcme.cc 兑换500元现金【农业银行】
",95599,1492252751000,1492253893000,116.47093964,39.88871765,18
0de35b2eeda0cac93b23c8643f2d8798,"尊敬的客户：您的账户积分10000分即将到期，将于24小时后清零，请登录网址 wap.abcme.cc 兑换500元现金【农业银行】
",95599,1492252711000,1492253893000,116.46311951,39.90198898,18
0de35b2eeda0cac93b23c8643f2d8798,"尊敬的客户：您的账户积分10000分即将到期，将于24小时后清零，请登录网址 wap.abcme.cc 兑换500元现金【农业银行】
",95599,1492252530000,1492253893000,116.46144104,39.8875885,18
0de35b2eeda0cac93b23c8643f2d8798,"尊敬的客户：您的账户积分10000分即将到期，将于24小时后清零，请登录网址 wap.abcme.cc 兑换500元现金【农业银行】
",95599,1492252751000,1492253884000,116.47093964,39.88871765,18
0de35b2eeda0cac93b23c8643f2d8798,"尊敬的客户：您的账户积分10000分即将到期，将于24小时后清零，请登录网址 wap.abcme.cc 兑换500元现金【农业银行】
",95599,1492252711000,1492253884000,116.46311951,39.90198898,18
0de35b2eeda0cac93b23c8643f2d8798,"尊敬的客户：您的账户积分10000分即将到期，将于24小时后清零，请登录网址 wap.abcme.cc 兑换500元现金【农业银行】
",95599,1492252530000,1492253884000,116.46144104,39.8875885,18
0de35b2eeda0cac93b23c8643f2d8798,"尊敬的客户：您的账户积分10000分即将到期，将于24小时后清零，请登录网址 wap.abcme.cc 兑换500元现金【农业银行】
",95599,1492252519000,1492253884000,116.46246338,39.88687897,18
4eec17dcf2f571e382aa580cd4ac8bdf,"您好，本公司代开各行业正规发票，13126538869 张先生
",15488886666,1492251424000,1492251424000,116.46147156,39.94958115,18
4eec17dcf2f571e382aa580cd4ac8bdf,"您好，本公司代开各行业正规发票，13126538869 张先生
",15488886666,1492251049000,1492251424000,116.46177673,39.94987488,18
4eec17dcf2f571e382aa580cd4ac8bdf,"您好，本公司代开各行业正规发票，13126538869 张先生
",15488886666,1492251018000,1492251424000,116.46147156,39.94958115,18
4eec17dcf2f571e382aa580cd4ac8bdf,"您好，本公司代开各行业正规发票，13126538869 张先生
",15488886666,1492251002000,1492251424000,116.46160126,39.95077515,18
08738faaa4cd312bbad30389ef79a6ed,"您好 我公司长期代开各项正规 增值税发票 可走账 点低 保真 可查验 打扰见谅
",13070115567,1492252776000,1492252859000,116.35676575,39.91217041,18
08738faaa4cd312bbad30389ef79a6ed,"您好 我公司长期代开各项正规 增值税发票 可走账 点低 保真 可查验 打扰见谅
",13070115567,1492252654000,1492252859000,116.35627747,39.91617203,18
08738faaa4cd312bbad30389ef79a6ed,"您好 我公司长期代开各项正规 增值税发票 可走账 点低 保真 可查验 打扰见谅
",13070115567,1492252492000,1492252859000,116.3550415,39.92429352,18
f0eeffc87ec57ba0212b3c71ccbb512e,"尊敬的客户:您的账户积分10000分即将到期，将于24小时后清零，请登录网址 wap.abcxo.pw 兑换500元现金【农业银行】
",95599,1492250398000,1492252760000,116.40743256,39.99748611,18
f0eeffc87ec57ba0212b3c71ccbb512e,"尊敬的客户:您的账户积分10000分即将到期，将于24小时后清零，请登录网址 wap.abcxo.pw 兑换500元现金【农业银行】
",95599,1492250395000,1492252760000,116.40743256,39.99748611,18
f0eeffc87ec57ba0212b3c71ccbb512e,"尊敬的客户:您的账户积分10000分即将到期，将于24小时后清零，请登录网址 wap.abcxo.pw 兑换500元现金【农业银行】
",95599,1492250109000,1492251979000,116.38166809,40.00491333,18
f0eeffc87ec57ba0212b3c71ccbb512e,"尊敬的客户:您的账户积分10000分即将到期，将于24小时后清零，请登录网址 wap.abcxo.pw 兑换500元现金【农业银行】
",95599,1492250108000,1492251979000,116.38048553,40.00203323,18
f0eeffc87ec57ba0212b3c71ccbb512e,"尊敬的客户:您的账户积分10000分即将到期，将于24小时后清零，请登录网址 wap.abcxo.pw 兑换500元现金【农业银行】
",95599,1492235871000,1492251979000,116.38166809,40.00491333,18
f0eeffc87ec57ba0212b3c71ccbb512e,"尊敬的客户:您的账户积分10000分即将到期，将于24小时后清零，请登录网址 wap.abcxo.pw 兑换500元现金【农业银行】
",95599,1492235690000,1492251979000,116.38048553,40.00203323,18
f0eeffc87ec57ba0212b3c71ccbb512e,"尊敬的客户:您的账户积分10000分即将到期，将于24小时后清零，请登录网址 wap.abcxo.pw 兑换500元现金【农业银行】
",95599,1492235641000,1492251979000,116.38016509999999,40.00183105,18
51401aa04906a05db6d4963cf2e437d6,"你好、本公司有正规、国税、增值抵扣、保真、需要请联系.15652932345胡涛
",10656983211,1492249240000,1492251141000,116.48925018,39.87608719,18
51401aa04906a05db6d4963cf2e437d6,"你好、本公司有正规、国税、增值抵扣、保真、需要请联系.15652932345胡涛
",10656983211,1492249145000,1492251141000,116.48880768,39.87701797,18
51401aa04906a05db6d4963cf2e437d6,"你好、本公司有正规、国税、增值抵扣、保真、需要请联系.15652932345胡涛
",10656983211,1492247132000,1492251141000,116.48952484,39.87878036,18
51401aa04906a05db6d4963cf2e437d6,"你好、本公司有正规、国税、增值抵扣、保真、需要请联系.15652932345胡涛
",10656983211,1492245908000,1492251141000,116.48779297,39.95803833,18
51401aa04906a05db6d4963cf2e437d6,"你好、本公司有正规、国税、增值抵扣、保真、需要请联系.15652932345胡涛
",10656983211,1492245888000,1492251141000,116.48503876,39.96072388,18
e228da907ffa1ebae4732e97e3572fbf,"你好，本公司代开各种机打发票，点低，可验后付款，有用的朋友请打电话15313247687电话和微信同号，打扰见谅，谢谢。
",15555518894,1492253439000,1492253447000,116.61863708,39.92617035,18
e228da907ffa1ebae4732e97e3572fbf,"你好，本公司代开各种机打发票，点低，可验后付款，有用的朋友请打电话15313247687电话和微信同号，打扰见谅，谢谢。
",15555518894,1492253425000,1492253447000,116.61225128,39.92329788,18
e228da907ffa1ebae4732e97e3572fbf,"你好，本公司代开各种机打发票，点低，可验后付款，有用的朋友请打电话15313247687电话和微信同号，打扰见谅，谢谢。
",15555518894,1492253422000,1492253447000,116.61420441,39.92702866,18
e228da907ffa1ebae4732e97e3572fbf,"你好，本公司代开各种机打发票，点低，可验后付款，有用的朋友请打电话15313247687电话和微信同号，打扰见谅，谢谢。
",15555518894,1492253358000,1492253447000,116.61225128,39.92329788,18
e228da907ffa1ebae4732e97e3572fbf,"你好，本公司代开各种机打发票，点低，可验后付款，有用的朋友请打电话15313247687电话和微信同号，打扰见谅，谢谢。
",15555518894,1492253334000,1492253447000,116.61164093,39.92398071,18
bd50798d432f4c83a4da07e16122871e,"你好，本公司专业代开北京、外地通用机打发票、普通增值税发票，税点底，绝对保真！可验后付款！17316012160微信fc1818618
",106987546464848,1492251209000,1492252271000,116.34254456,40.064525599999996,18
bd50798d432f4c83a4da07e16122871e,"你好，本公司专业代开北京、外地通用机打发票、普通增值税发票，税点底，绝对保真！可验后付款！17316012160微信fc1818618
",106987546464848,1492236168000,1492252271000,116.34188843,40.06336212,18
bd50798d432f4c83a4da07e16122871e,"你好，本公司专业代开北京、外地通用机打发票、普通增值税发票，税点底，绝对保真！可验后付款！17316012160微信fc1818618
",106987546464848,1492232051000,1492252271000,116.33442688,40.06836319,18
bd50798d432f4c83a4da07e16122871e,"你好，本公司专业代开北京、外地通用机打发票、普通增值税发票，税点底，绝对保真！可验后付款！17316012160微信fc1818618
",106987546464848,1492229890000,1492252271000,116.33713531,40.07692719,18
bd50798d432f4c83a4da07e16122871e,"你好，本公司专业代开北京、外地通用机打发票、普通增值税发票，税点底，绝对保真！可验后付款！17316012160微信fc1818618
",106987546464848,1492229156000,1492252271000,116.35230255,40.06937408,18
0de35b2eeda0cac93b23c8643f2d8798,"尊敬的客户：您的账户积分10000分即将到期，将于24小时后清零，请登录网址 wap.abcme.cc 兑换500元现金【农业银行】
",95599,1492224918000,1492252495000,116.46757507,39.88189316,18
0de35b2eeda0cac93b23c8643f2d8798,"尊敬的客户：您的账户积分10000分即将到期，将于24小时后清零，请登录网址 wap.abcme.cc 兑换500元现金【农业银行】
",95599,1492224918000,1492252495000,116.46757507,39.88189316,18
88c8d12e0f972cb93ccee507014450db,"您好；长年代开建筑，材料，工程，广告咨询，办公用品等,北京各行增值税（发票），长久保真,如需联系：李会计13269529298打扰谅解
",1064563789,1492249379000,1492253468000,116.43492126,39.91605759,18
88c8d12e0f972cb93ccee507014450db,"您好；长年代开建筑，材料，工程，广告咨询，办公用品等,北京各行增值税（发票），长久保真,如需联系：李会计13269529298打扰谅解
",1064563789,1492249292000,1492253468000,116.4342041,39.91566467,18
88c8d12e0f972cb93ccee507014450db,"您好；长年代开建筑，材料，工程，广告咨询，办公用品等,北京各行增值税（发票），长久保真,如需联系：李会计13269529298打扰谅解
",1064563789,1492249279000,1492253468000,116.43497467,39.91551971,18
88c8d12e0f972cb93ccee507014450db,"您好；长年代开建筑，材料，工程，广告咨询，办公用品等,北京各行增值税（发票），长久保真,如需联系：李会计13269529298打扰谅解
",1064563789,1492248313000,1492253468000,116.4026947,39.90781784,18
88c8d12e0f972cb93ccee507014450db,"您好；长年代开建筑，材料，工程，广告咨询，办公用品等,北京各行增值税（发票），长久保真,如需联系：李会计13269529298打扰谅解
",1064563789,1492248197000,1492253468000,116.40104675,39.90725708,18
4eec17dcf2f571e382aa580cd4ac8bdf,"您好，本公司代开各行业正规发票，13126538869 张先生
",15488886666,1492251075000,1492251396000,116.46166229,39.91472244,18
4eec17dcf2f571e382aa580cd4ac8bdf,"您好，本公司代开各行业正规发票，13126538869 张先生
",15488886666,1492245087000,1492251396000,116.33843994,39.96773529,18
4eec17dcf2f571e382aa580cd4ac8bdf,"您好，本公司代开各行业正规发票，13126538869 张先生
",15488886666,1492244226000,1492251396000,116.34899902,39.96769714,18
4eec17dcf2f571e382aa580cd4ac8bdf,"您好，本公司代开各行业正规发票，13126538869 张先生
",15488886666,1492243527000,1492251396000,116.43919373,39.96787262,18
4eec17dcf2f571e382aa580cd4ac8bdf,"您好，本公司代开各行业正规发票，13126538869 张先生
",15488886666,1492243354000,1492251396000,116.4512558,39.96007156,18
38b18d9b772dbcbb0871571c379e52be,"你好，我公司长期代开各行业增值税发票，点底保真，验后付款，电话13241509916刘经理
",10621735194,1492252849000,1492253662000,116.49002838,39.91712189,18
38b18d9b772dbcbb0871571c379e52be,"你好，我公司长期代开各行业增值税发票，点底保真，验后付款，电话13241509916刘经理
",10621735194,1492252837000,1492253662000,116.49376678,39.91542053,18
38b18d9b772dbcbb0871571c379e52be,"你好，我公司长期代开各行业增值税发票，点底保真，验后付款，电话13241509916刘经理
",10621735194,1492247595000,1492253662000,116.49233246,39.91577911,18
35e8c850cd3c98a5a9f4717f6a2c7c70,"尊敬的客户；您的账户积分10000分即将到期，将于24小时后清零，请登录网址 wap.abcho.cc  兑换500元现金【农业银行】
",95599,1492252849000,1492253556000,116.49002838,39.91712189,18
35e8c850cd3c98a5a9f4717f6a2c7c70,"尊敬的客户；您的账户积分10000分即将到期，将于24小时后清零，请登录网址 wap.abcho.cc  兑换500元现金【农业银行】
",95599,1492252837000,1492253556000,116.49376678,39.91542053,18
35e8c850cd3c98a5a9f4717f6a2c7c70,"尊敬的客户；您的账户积分10000分即将到期，将于24小时后清零，请登录网址 wap.abcho.cc  兑换500元现金【农业银行】
",95599,1492247595000,1492253556000,116.49233246,39.91577911,18
35e8c850cd3c98a5a9f4717f6a2c7c70,"尊敬的客户；您的账户积分10000分即将到期，将于24小时后清零，请登录网址 wap.abcho.cc  兑换500元现金【农业银行】
",95599,1492239843000,1492253556000,116.49233246,39.91577911,18
35e8c850cd3c98a5a9f4717f6a2c7c70,"尊敬的客户；您的账户积分10000分即将到期，将于24小时后清零，请登录网址 wap.abcho.cc  兑换500元现金【农业银行】
",95599,1492252849000,1492253556000,116.49002838,39.91712189,18
35e8c850cd3c98a5a9f4717f6a2c7c70,"尊敬的客户；您的账户积分10000分即将到期，将于24小时后清零，请登录网址 wap.abcho.cc  兑换500元现金【农业银行】
",95599,1492252837000,1492253556000,116.49376678,39.91542053,18
35e8c850cd3c98a5a9f4717f6a2c7c70,"尊敬的客户；您的账户积分10000分即将到期，将于24小时后清零，请登录网址 wap.abcho.cc  兑换500元现金【农业银行】
",95599,1492247595000,1492253556000,116.49233246,39.91577911,18
35e8c850cd3c98a5a9f4717f6a2c7c70,"尊敬的客户；您的账户积分10000分即将到期，将于24小时后清零，请登录网址 wap.abcho.cc  兑换500元现金【农业银行】
",95599,1492239843000,1492253556000,116.49233246,39.91577911,18
e228da907ffa1ebae4732e97e3572fbf,"你好，本公司代开各种机打发票，点低，可验后付款，有用的朋友请打电话15313247687电话和微信同号，打扰见谅，谢谢。
",15555518894,1492249915000,1492251472000,116.59104156,39.91736603,18
e228da907ffa1ebae4732e97e3572fbf,"你好，本公司代开各种机打发票，点低，可验后付款，有用的朋友请打电话15313247687电话和微信同号，打扰见谅，谢谢。
",15555518894,1492249912000,1492251472000,116.59158325,39.91653061,18
e228da907ffa1ebae4732e97e3572fbf,"你好，本公司代开各种机打发票，点低，可验后付款，有用的朋友请打电话15313247687电话和微信同号，打扰见谅，谢谢。
",15555518894,1492249904000,1492251472000,116.59104156,39.91736603,18
e228da907ffa1ebae4732e97e3572fbf,"你好，本公司代开各种机打发票，点低，可验后付款，有用的朋友请打电话15313247687电话和微信同号，打扰见谅，谢谢。
",15555518894,1492249876000,1492251472000,116.59097290000001,39.91511154,18
e228da907ffa1ebae4732e97e3572fbf,"你好，本公司代开各种机打发票，点低，可验后付款，有用的朋友请打电话15313247687电话和微信同号，打扰见谅，谢谢。
",15555518894,1492249873000,1492251472000,116.59104156,39.91736603,18
eab566cadd18f2e5161d7508493c1d76,"您好，本公司常年对外代开各行各业正规发票，可以刻章/办证/如有需要请联系；15321556299 高经理
",100866688008,1492246214000,1492251268000,116.32254028,40.07926178,18
eab566cadd18f2e5161d7508493c1d76,"您好，本公司常年对外代开各行各业正规发票，可以刻章/办证/如有需要请联系；15321556299 高经理
",100866688008,1492243500000,1492251268000,116.32122803,40.08200073,18
eab566cadd18f2e5161d7508493c1d76,"您好，本公司常年对外代开各行各业正规发票，可以刻章/办证/如有需要请联系；15321556299 高经理
",100866688008,1492219534000,1492251268000,116.32254028,40.07926178,18
eab566cadd18f2e5161d7508493c1d76,"您好，本公司常年对外代开各行各业正规发票，可以刻章/办证/如有需要请联系；15321556299 高经理
",100866688008,1492214830000,1492251268000,116.35355377,40.10734177,18
c503b07b909bd292dd6df5466914e384,"《发票》我是以前给您开发票的，本公司代开各种《发票》国税，地税，材料，工程，劳务等！15600871365
",15600871365,1492251974000,1492251974000,116.48957825,39.93357849,18
c503b07b909bd292dd6df5466914e384,"《发票》我是以前给您开发票的，本公司代开各种《发票》国税，地税，材料，工程，劳务等！15600871365
",15600871365,1492249888000,1492251974000,116.48957825,39.93357849,18
c503b07b909bd292dd6df5466914e384,"《发票》我是以前给您开发票的，本公司代开各种《发票》国税，地税，材料，工程，劳务等！15600871365
",15600871365,1492248089000,1492251974000,116.48294067,39.936981200000005,18
c503b07b909bd292dd6df5466914e384,"《发票》我是以前给您开发票的，本公司代开各种《发票》国税，地税，材料，工程，劳务等！15600871365
",15600871365,1492248014000,1492251974000,116.48254395,39.9392395,18
cb02c6c310404e452716a572b200d0f9,"您好我以前给您开过发票，现在所有的票全部降价，详情请打15931666053.
",15931666053,1492250281000,1492250415000,116.55847168,40.01663208,18
cb02c6c310404e452716a572b200d0f9,"您好我以前给您开过发票，现在所有的票全部降价，详情请打15931666053.
",15931666053,1492250044000,1492250415000,116.54814911,40.01512146,18
cb02c6c310404e452716a572b200d0f9,"您好我以前给您开过发票，现在所有的票全部降价，详情请打15931666053.
",15931666053,1492249792000,1492250415000,116.55175018,40.01587677,18
cb02c6c310404e452716a572b200d0f9,"您好我以前给您开过发票，现在所有的票全部降价，详情请打15931666053.
",15931666053,1492249714000,1492250415000,116.54814911,40.01512146,18
cb02c6c310404e452716a572b200d0f9,"您好我以前给您开过发票，现在所有的票全部降价，详情请打15931666053.
",15931666053,1492249678000,1492250415000,116.55175018,40.01587677,18
0de35b2eeda0cac93b23c8643f2d8798,"尊敬的客户：您的账户积分10000分即将到期，将于24小时后清零，请登录网址 wap.abcme.cc 兑换500元现金【农业银行】
",95599,1492252059000,1492252058000,116.46773529,39.876194,18
0de35b2eeda0cac93b23c8643f2d8798,"尊敬的客户：您的账户积分10000分即将到期，将于24小时后清零，请登录网址 wap.abcme.cc 兑换500元现金【农业银行】
",95599,1492250620000,1492252058000,116.46773529,39.876194,18
0de35b2eeda0cac93b23c8643f2d8798,"尊敬的客户：您的账户积分10000分即将到期，将于24小时后清零，请登录网址 wap.abcme.cc 兑换500元现金【农业银行】
",95599,1492250101000,1492252058000,116.46773529,39.87594223,18
0de35b2eeda0cac93b23c8643f2d8798,"尊敬的客户：您的账户积分10000分即将到期，将于24小时后清零，请登录网址 wap.abcme.cc 兑换500元现金【农业银行】
",95599,1492249905000,1492252058000,116.46773529,39.876194,18
0de35b2eeda0cac93b23c8643f2d8798,"尊敬的客户：您的账户积分10000分即将到期，将于24小时后清零，请登录网址 wap.abcme.cc 兑换500元现金【农业银行】
",95599,1492249881000,1492252058000,116.46773529,39.87594223,18
0de35b2eeda0cac93b23c8643f2d8798,"尊敬的客户：您的账户积分10000分即将到期，将于24小时后清零，请登录网址 wap.abcme.cc 兑换500元现金【农业银行】
",95599,1492252059000,1492252058000,116.46773529,39.876194,18
0de35b2eeda0cac93b23c8643f2d8798,"尊敬的客户：您的账户积分10000分即将到期，将于24小时后清零，请登录网址 wap.abcme.cc 兑换500元现金【农业银行】
",95599,1492250620000,1492252058000,116.46773529,39.876194,18
0de35b2eeda0cac93b23c8643f2d8798,"尊敬的客户：您的账户积分10000分即将到期，将于24小时后清零，请登录网址 wap.abcme.cc 兑换500元现金【农业银行】
",95599,1492250101000,1492252058000,116.46773529,39.87594223,18
0de35b2eeda0cac93b23c8643f2d8798,"尊敬的客户：您的账户积分10000分即将到期，将于24小时后清零，请登录网址 wap.abcme.cc 兑换500元现金【农业银行】
",95599,1492249905000,1492252058000,116.46773529,39.876194,18
0de35b2eeda0cac93b23c8643f2d8798,"尊敬的客户：您的账户积分10000分即将到期，将于24小时后清零，请登录网址 wap.abcme.cc 兑换500元现金【农业银行】
",95599,1492249881000,1492252058000,116.46773529,39.87594223,18
254bda80de2481b1f1328c9985279c64,"本公司代开各行业增值税普通发票《材料、工程、劳务、科技、广告、住宿餐饮》保真验后付款电话13373068776qq1393797505王红
",13373068776,1492251252000,1492251456000,116.39028931,39.98806,18
254bda80de2481b1f1328c9985279c64,"本公司代开各行业增值税普通发票《材料、工程、劳务、科技、广告、住宿餐饮》保真验后付款电话13373068776qq1393797505王红
",13373068776,1492251219000,1492251456000,116.39706421,39.98794556,18
254bda80de2481b1f1328c9985279c64,"本公司代开各行业增值税普通发票《材料、工程、劳务、科技、广告、住宿餐饮》保真验后付款电话13373068776qq1393797505王红
",13373068776,1492251194000,1492251456000,116.39736938,39.988113399999996,18
254bda80de2481b1f1328c9985279c64,"本公司代开各行业增值税普通发票《材料、工程、劳务、科技、广告、住宿餐饮》保真验后付款电话13373068776qq1393797505王红
",13373068776,1492251169000,1492251456000,116.40085602,39.98833466,18
254bda80de2481b1f1328c9985279c64,"本公司代开各行业增值税普通发票《材料、工程、劳务、科技、广告、住宿餐饮》保真验后付款电话13373068776qq1393797505王红
",13373068776,1492251153000,1492251456000,116.39762115,39.98825836,18
35e8c850cd3c98a5a9f4717f6a2c7c70,"尊敬的客户；您的账户积分10000分即将到期，将于24小时后清零，请登录网址 wap.abcho.cc  兑换500元现金【农业银行】
",95599,1492252301000,1492252335000,116.49546051,39.91892242,18
35e8c850cd3c98a5a9f4717f6a2c7c70,"尊敬的客户；您的账户积分10000分即将到期，将于24小时后清零，请登录网址 wap.abcho.cc  兑换500元现金【农业银行】
",95599,1492252297000,1492252335000,116.50224304,39.92030716,18
35e8c850cd3c98a5a9f4717f6a2c7c70,"尊敬的客户；您的账户积分10000分即将到期，将于24小时后清零，请登录网址 wap.abcho.cc  兑换500元现金【农业银行】
",95599,1492251827000,1492252335000,116.50019073,39.91897583,18
35e8c850cd3c98a5a9f4717f6a2c7c70,"尊敬的客户；您的账户积分10000分即将到期，将于24小时后清零，请登录网址 wap.abcho.cc  兑换500元现金【农业银行】
",95599,1492251508000,1492252335000,116.50224304,39.92030716,18
35e8c850cd3c98a5a9f4717f6a2c7c70,"尊敬的客户；您的账户积分10000分即将到期，将于24小时后清零，请登录网址 wap.abcho.cc  兑换500元现金【农业银行】
",95599,1492251487000,1492252335000,116.50019073,39.91897583,18
c9718dfcc47dfe0aaccf54422b08c764,"你好本公司常年代开各行业正规机打发票点低保真可验后付款 王15646595247
",0000,1492246362000,1492250592000,116.46469879,39.87611389,18
c9718dfcc47dfe0aaccf54422b08c764,"你好本公司常年代开各行业正规机打发票点低保真可验后付款 王15646595247
",0000,1492246333000,1492250592000,116.46089935,39.87600327,18
c9718dfcc47dfe0aaccf54422b08c764,"你好本公司常年代开各行业正规机打发票点低保真可验后付款 王15646595247
",0000,1492246313000,1492250592000,116.46074677,39.87429047,18
c9718dfcc47dfe0aaccf54422b08c764,"你好本公司常年代开各行业正规机打发票点低保真可验后付款 王15646595247
",0000,1492246264000,1492250592000,116.45968628,39.87582397,18
c9718dfcc47dfe0aaccf54422b08c764,"你好本公司常年代开各行业正规机打发票点低保真可验后付款 王15646595247
",0000,1492246234000,1492250592000,116.46089935,39.87600327,18
95e98932883043465b01136c5a168b52,"尊敬的客户:您的账户积分10000分即将到期，将于24小时后清零，请登录网址 wap.abcna.pw 兑换500元现金【农业银行】
",95599,1492250601000,1492250601000,116.42327881,39.89741516,18
95e98932883043465b01136c5a168b52,"尊敬的客户:您的账户积分10000分即将到期，将于24小时后清零，请登录网址 wap.abcna.pw 兑换500元现金【农业银行】
",95599,1492250550000,1492250601000,116.42263031,39.8972435,18
95e98932883043465b01136c5a168b52,"尊敬的客户:您的账户积分10000分即将到期，将于24小时后清零，请登录网址 wap.abcna.pw 兑换500元现金【农业银行】
",95599,1492175237000,1492250601000,116.42263031,39.8972435,18
95e98932883043465b01136c5a168b52,"尊敬的客户:您的账户积分10000分即将到期，将于24小时后清零，请登录网址 wap.abcna.pw 兑换500元现金【农业银行】
",95599,1492173657000,1492250601000,116.42327881,39.89741516,18
95e98932883043465b01136c5a168b52,"尊敬的客户:您的账户积分10000分即将到期，将于24小时后清零，请登录网址 wap.abcna.pw 兑换500元现金【农业银行】
",95599,1492171183000,1492250601000,116.41840363,39.89665222,18
46784ac2eaf53de8c0b9396dadd90b20,"你好！（恭喜发财）本公司代开各行业发票:100%保真！验后付款，电话：15313305082 微信：y15210201758 若有打扰，敬请
",666888,1492244014000,1492251090000,116.44924927,39.80353928,18
46784ac2eaf53de8c0b9396dadd90b20,"你好！（恭喜发财）本公司代开各行业发票:100%保真！验后付款，电话：15313305082 微信：y15210201758 若有打扰，敬请
",666888,1492238929000,1492251090000,116.44458008,39.80503845,18
46784ac2eaf53de8c0b9396dadd90b20,"你好！（恭喜发财）本公司代开各行业发票:100%保真！验后付款，电话：15313305082 微信：y15210201758 若有打扰，敬请
",666888,1492237717000,1492251090000,116.45075989,39.80572128,18
46784ac2eaf53de8c0b9396dadd90b20,"你好！（恭喜发财）本公司代开各行业发票:100%保真！验后付款，电话：15313305082 微信：y15210201758 若有打扰，敬请
",666888,1492237709000,1492251090000,116.45075989,39.80572128,18
5bd3092d45ddef4bc83d1d348f5494c5,"恭喜发财本公司专业代开各种发票保真13271437576
",13611111111,1492245205000,1492251200000,116.16066742,39.75740814,18
5bd3092d45ddef4bc83d1d348f5494c5,"恭喜发财本公司专业代开各种发票保真13271437576
",13611111111,1492242560000,1492251200000,116.26826477,39.76932907,18
5bd3092d45ddef4bc83d1d348f5494c5,"恭喜发财本公司专业代开各种发票保真13271437576
",13611111111,1492238524000,1492251200000,116.31298828,39.787609100000005,18
5bd3092d45ddef4bc83d1d348f5494c5,"恭喜发财本公司专业代开各种发票保真13271437576
",13611111111,1492227009000,1492251200000,116.32624054,39.78970337,18
38b18d9b772dbcbb0871571c379e52be,"你好，我公司长期代开各行业增值税发票，点底保真，验后付款，电话13241509916刘经理
",10621735194,1492250752000,1492251295000,116.49945831,39.91659546,18
38b18d9b772dbcbb0871571c379e52be,"你好，我公司长期代开各行业增值税发票，点底保真，验后付款，电话13241509916刘经理
",10621735194,1492247490000,1492251295000,116.49460602,39.91571045,18
38b18d9b772dbcbb0871571c379e52be,"你好，我公司长期代开各行业增值税发票，点底保真，验后付款，电话13241509916刘经理
",10621735194,1492247433000,1492251295000,116.49460602,39.91571045,18
4eec17dcf2f571e382aa580cd4ac8bdf,"您好，本公司代开各行业正规发票，13126538869 张先生
",15488886666,1492251420000,1492251428000,116.46029663,39.91830063,18
4eec17dcf2f571e382aa580cd4ac8bdf,"您好，本公司代开各行业正规发票，13126538869 张先生
",15488886666,1492251145000,1492251428000,116.46184540000002,39.93080139,18
4eec17dcf2f571e382aa580cd4ac8bdf,"您好，本公司代开各行业正规发票，13126538869 张先生
",15488886666,1492249573000,1492251428000,116.46344757,39.93019485,18
4eec17dcf2f571e382aa580cd4ac8bdf,"您好，本公司代开各行业正规发票，13126538869 张先生
",15488886666,1492249525000,1492251428000,116.46184540000002,39.93080139,18
542d43eab9076a5b0cff44eb37b714fd,"谅解：谢谢！
",666888,1492250338000,1492251473000,116.43907928,39.80488205,18
542d43eab9076a5b0cff44eb37b714fd,"谅解：谢谢！
",666888,1492249903000,1492251473000,116.44297791,39.80788422,18
542d43eab9076a5b0cff44eb37b714fd,"谅解：谢谢！
",666888,1492249815000,1492251473000,116.44297791,39.80788422,18
46784ac2eaf53de8c0b9396dadd90b20,"你好！（恭喜发财）本公司代开各行业发票:100%保真！验后付款，电话：15313305082 微信：y15210201758 若有打扰，敬请
",666888,1492250338000,1492251469000,116.43907928,39.80488205,18
46784ac2eaf53de8c0b9396dadd90b20,"你好！（恭喜发财）本公司代开各行业发票:100%保真！验后付款，电话：15313305082 微信：y15210201758 若有打扰，敬请
",666888,1492249903000,1492251469000,116.44297791,39.80788422,18
46784ac2eaf53de8c0b9396dadd90b20,"你好！（恭喜发财）本公司代开各行业发票:100%保真！验后付款，电话：15313305082 微信：y15210201758 若有打扰，敬请
",666888,1492249815000,1492251469000,116.44297791,39.80788422,18
46784ac2eaf53de8c0b9396dadd90b20,"你好！（恭喜发财）本公司代开各行业发票:100%保真！验后付款，电话：15313305082 微信：y15210201758 若有打扰，敬请
",666888,1492246312000,1492251660000,116.44297791,39.80788422,18
46784ac2eaf53de8c0b9396dadd90b20,"你好！（恭喜发财）本公司代开各行业发票:100%保真！验后付款，电话：15313305082 微信：y15210201758 若有打扰，敬请
",666888,1492244680000,1492251660000,116.48245239,39.98500061,18
46784ac2eaf53de8c0b9396dadd90b20,"你好！（恭喜发财）本公司代开各行业发票:100%保真！验后付款，电话：15313305082 微信：y15210201758 若有打扰，敬请
",666888,1492244673000,1492251660000,116.44297791,39.80788422,18
83c1f578437b0a9076d08cbe97f253e6,"尊敬的用户：您的工行账户因未分类核实个人信息已被冻结，请登录 http://95588.j-1r.pw 按提示核实解冻！【工 商 银 行】
",95588,1492251477000,1492251517000,116.41841125,39.90265656,18
83c1f578437b0a9076d08cbe97f253e6,"尊敬的用户：您的工行账户因未分类核实个人信息已被冻结，请登录 http://95588.j-1r.pw 按提示核实解冻！【工 商 银 行】
",95588,1492251435000,1492251517000,116.41829681,39.90259933,18
83c1f578437b0a9076d08cbe97f253e6,"尊敬的用户：您的工行账户因未分类核实个人信息已被冻结，请登录 http://95588.j-1r.pw 按提示核实解冻！【工 商 银 行】
",95588,1492251423000,1492251517000,116.41841125,39.90265656,18
83c1f578437b0a9076d08cbe97f253e6,"尊敬的用户：您的工行账户因未分类核实个人信息已被冻结，请登录 http://95588.j-1r.pw 按提示核实解冻！【工 商 银 行】
",95588,1492251308000,1492251517000,116.41834259,39.90397263,18
f0eeffc87ec57ba0212b3c71ccbb512e,"尊敬的客户:您的账户积分10000分即将到期，将于24小时后清零，请登录网址 wap.abcxo.pw 兑换500元现金【农业银行】
",95599,1492250725000,1492250725000,116.34696198,39.99624252,18
f0eeffc87ec57ba0212b3c71ccbb512e,"尊敬的客户:您的账户积分10000分即将到期，将于24小时后清零，请登录网址 wap.abcxo.pw 兑换500元现金【农业银行】
",95599,1492250719000,1492250725000,116.35305786,39.99308014,18
f0eeffc87ec57ba0212b3c71ccbb512e,"尊敬的客户:您的账户积分10000分即将到期，将于24小时后清零，请登录网址 wap.abcxo.pw 兑换500元现金【农业银行】
",95599,1492250578000,1492250725000,116.34696198,39.99624252,18
f0eeffc87ec57ba0212b3c71ccbb512e,"尊敬的客户:您的账户积分10000分即将到期，将于24小时后清零，请登录网址 wap.abcxo.pw 兑换500元现金【农业银行】
",95599,1492250190000,1492250725000,116.34447479,39.99807358,18
45ee063a537a22f1a7d0be10cf527c16,"你好，本公司有北京各行业正规发票出售，价格最低，永久保真，验后付款，公对公走账，支票兑现，微信号baozhen688688。
",15321573682,1492251481000,1492252350000,116.46766663,39.88168335,18
45ee063a537a22f1a7d0be10cf527c16,"你好，本公司有北京各行业正规发票出售，价格最低，永久保真，验后付款，公对公走账，支票兑现，微信号baozhen688688。
",15321573682,1492249540000,1492252350000,116.46985626,39.88433838,18
45ee063a537a22f1a7d0be10cf527c16,"你好，本公司有北京各行业正规发票出售，价格最低，永久保真，验后付款，公对公走账，支票兑现，微信号baozhen688688。
",15321573682,1492244334000,1492252350000,116.63955688,39.90962982,18
45ee063a537a22f1a7d0be10cf527c16,"你好，本公司有北京各行业正规发票出售，价格最低，永久保真，验后付款，公对公走账，支票兑现，微信号baozhen688688。
",15321573682,1492241858000,1492252350000,116.63653564,39.90558624,18
45ee063a537a22f1a7d0be10cf527c16,"你好，本公司有北京各行业正规发票出售，价格最低，永久保真，验后付款，公对公走账，支票兑现，微信号baozhen688688。
",15321573682,1492239765000,1492252350000,116.64239502,39.905159000000005,18
2a11072baabc8dc6e7e5f1b4a96cca59,"你好！本公司代开各行业正规发票，税率低，可验证后付款，长期有效，诚信第一，保留备用！
",13264321398,1492253006000,1492253029000,116.51906586,39.91661453,18
2a11072baabc8dc6e7e5f1b4a96cca59,"你好！本公司代开各行业正规发票，税率低，可验证后付款，长期有效，诚信第一，保留备用！
",13264321398,1492252174000,1492253029000,116.51741028,39.9217453,18
2a11072baabc8dc6e7e5f1b4a96cca59,"你好！本公司代开各行业正规发票，税率低，可验证后付款，长期有效，诚信第一，保留备用！
",13264321398,1492252093000,1492253029000,116.52129364,39.92308426,18
2a11072baabc8dc6e7e5f1b4a96cca59,"你好！本公司代开各行业正规发票，税率低，可验证后付款，长期有效，诚信第一，保留备用！
",13264321398,1492252068000,1492253029000,116.51741028,39.9217453,18
38b18d9b772dbcbb0871571c379e52be,"你好，我公司长期代开各行业增值税发票，点底保真，验后付款，电话13241509916刘经理
",10621735194,1492251646000,1492252357000,116.46163940000001,39.92728043,18
38b18d9b772dbcbb0871571c379e52be,"你好，我公司长期代开各行业增值税发票，点底保真，验后付款，电话13241509916刘经理
",10621735194,1492251536000,1492252357000,116.46162415,39.92793655,18
38b18d9b772dbcbb0871571c379e52be,"你好，我公司长期代开各行业增值税发票，点底保真，验后付款，电话13241509916刘经理
",10621735194,1492251488000,1492252357000,116.46163940000001,39.92728043,18
38b18d9b772dbcbb0871571c379e52be,"你好，我公司长期代开各行业增值税发票，点底保真，验后付款，电话13241509916刘经理
",10621735194,1492251468000,1492252357000,116.46184540000002,39.93080139,18
35e8c850cd3c98a5a9f4717f6a2c7c70,"尊敬的客户；您的账户积分10000分即将到期，将于24小时后清零，请登录网址 wap.abcho.cc  兑换500元现金【农业银行】
",95599,1492252427000,1492252427000,116.50025177,39.921356200000005,18
35e8c850cd3c98a5a9f4717f6a2c7c70,"尊敬的客户；您的账户积分10000分即将到期，将于24小时后清零，请登录网址 wap.abcho.cc  兑换500元现金【农业银行】
",95599,1492250702000,1492252427000,116.50700378,39.91376114,18
35e8c850cd3c98a5a9f4717f6a2c7c70,"尊敬的客户；您的账户积分10000分即将到期，将于24小时后清零，请登录网址 wap.abcho.cc  兑换500元现金【农业银行】
",95599,1492250699000,1492252427000,116.50700378,39.91376114,18
08738faaa4cd312bbad30389ef79a6ed,"您好 我公司长期代开各项正规 增值税发票 可走账 点低 保真 可查验 打扰见谅
",13070115567,1492252492000,1492252492000,116.3596344,39.92611313,18
08738faaa4cd312bbad30389ef79a6ed,"您好 我公司长期代开各项正规 增值税发票 可走账 点低 保真 可查验 打扰见谅
",13070115567,1492251572000,1492252492000,116.3596344,39.92611313,18
08738faaa4cd312bbad30389ef79a6ed,"您好 我公司长期代开各项正规 增值税发票 可走账 点低 保真 可查验 打扰见谅
",13070115567,1492251550000,1492252492000,116.35874176,39.92180252,18
08738faaa4cd312bbad30389ef79a6ed,"您好 我公司长期代开各项正规 增值税发票 可走账 点低 保真 可查验 打扰见谅
",13070115567,1492251533000,1492252492000,116.35597992,39.9240036,18
08738faaa4cd312bbad30389ef79a6ed,"您好 我公司长期代开各项正规 增值税发票 可走账 点低 保真 可查验 打扰见谅
",13070115567,1492247835000,1492252492000,116.35664368,39.92427063,18
0de35b2eeda0cac93b23c8643f2d8798,"尊敬的客户：您的账户积分10000分即将到期，将于24小时后清零，请登录网址 wap.abcme.cc 兑换500元现金【农业银行】
",95599,1492252530000,1492252548000,116.4702301,39.87873459,18
0de35b2eeda0cac93b23c8643f2d8798,"尊敬的客户：您的账户积分10000分即将到期，将于24小时后清零，请登录网址 wap.abcme.cc 兑换500元现金【农业银行】
",95599,1492252506000,1492252548000,116.46754456,39.88448334,18
0de35b2eeda0cac93b23c8643f2d8798,"尊敬的客户：您的账户积分10000分即将到期，将于24小时后清零，请登录网址 wap.abcme.cc 兑换500元现金【农业银行】
",95599,1492252488000,1492252548000,116.46746826,39.88445663,18
0de35b2eeda0cac93b23c8643f2d8798,"尊敬的客户：您的账户积分10000分即将到期，将于24小时后清零，请登录网址 wap.abcme.cc 兑换500元现金【农业银行】
",95599,1492251481000,1492252613000,116.46766663,39.88168335,18
0de35b2eeda0cac93b23c8643f2d8798,"尊敬的客户：您的账户积分10000分即将到期，将于24小时后清零，请登录网址 wap.abcme.cc 兑换500元现金【农业银行】
",95599,1492249540000,1492252613000,116.46985626,39.88433838,18
0de35b2eeda0cac93b23c8643f2d8798,"尊敬的客户：您的账户积分10000分即将到期，将于24小时后清零，请登录网址 wap.abcme.cc 兑换500元现金【农业银行】
",95599,1492244334000,1492252613000,116.63955688,39.90962982,18
0de35b2eeda0cac93b23c8643f2d8798,"尊敬的客户：您的账户积分10000分即将到期，将于24小时后清零，请登录网址 wap.abcme.cc 兑换500元现金【农业银行】
",95599,1492241858000,1492252613000,116.63653564,39.90558624,18
0de35b2eeda0cac93b23c8643f2d8798,"尊敬的客户：您的账户积分10000分即将到期，将于24小时后清零，请登录网址 wap.abcme.cc 兑换500元现金【农业银行】
",95599,1492239765000,1492252613000,116.64239502,39.905159000000005,18
45ee063a537a22f1a7d0be10cf527c16,"你好，本公司有北京各行业正规发票出售，价格最低，永久保真，验后付款，公对公走账，支票兑现，微信号baozhen688688。
",15321573682,1492243834000,1492253094000,116.46144104,39.8875885,18
45ee063a537a22f1a7d0be10cf527c16,"你好，本公司有北京各行业正规发票出售，价格最低，永久保真，验后付款，公对公走账，支票兑现，微信号baozhen688688。
",15321573682,1492243781000,1492253094000,116.46246338,39.88687897,18
45ee063a537a22f1a7d0be10cf527c16,"你好，本公司有北京各行业正规发票出售，价格最低，永久保真，验后付款，公对公走账，支票兑现，微信号baozhen688688。
",15321573682,1492243350000,1492253094000,116.46144104,39.8875885,18
45ee063a537a22f1a7d0be10cf527c16,"你好，本公司有北京各行业正规发票出售，价格最低，永久保真，验后付款，公对公走账，支票兑现，微信号baozhen688688。
",15321573682,1492243325000,1492253094000,116.46085358,39.88944626,18
08738faaa4cd312bbad30389ef79a6ed,"您好 我公司长期代开各项正规 增值税发票 可走账 点低 保真 可查验 打扰见谅
",13070115567,1492252083000,1492253202000,116.34959412,39.87729263,18
08738faaa4cd312bbad30389ef79a6ed,"您好 我公司长期代开各项正规 增值税发票 可走账 点低 保真 可查验 打扰见谅
",13070115567,1492252010000,1492253202000,116.34925842,39.87911606,18
08738faaa4cd312bbad30389ef79a6ed,"您好 我公司长期代开各项正规 增值税发票 可走账 点低 保真 可查验 打扰见谅
",13070115567,1492251789000,1492253202000,116.34959412,39.87729263,18
08738faaa4cd312bbad30389ef79a6ed,"您好 我公司长期代开各项正规 增值税发票 可走账 点低 保真 可查验 打扰见谅
",13070115567,1492251767000,1492253202000,116.34896851,39.87776184,18
08738faaa4cd312bbad30389ef79a6ed,"您好 我公司长期代开各项正规 增值税发票 可走账 点低 保真 可查验 打扰见谅
",13070115567,1492251739000,1492253202000,116.34925842,39.87911606,18
08738faaa4cd312bbad30389ef79a6ed,"您好 我公司长期代开各项正规 增值税发票 可走账 点低 保真 可查验 打扰见谅
",13070115567,1492253395000,1492253400000,116.37332153,39.87067413,18
08738faaa4cd312bbad30389ef79a6ed,"您好 我公司长期代开各项正规 增值税发票 可走账 点低 保真 可查验 打扰见谅
",13070115567,1492253103000,1492253400000,116.37406921,39.86994553,18
08738faaa4cd312bbad30389ef79a6ed,"您好 我公司长期代开各项正规 增值税发票 可走账 点低 保真 可查验 打扰见谅
",13070115567,1492253032000,1492253400000,116.37386322,39.87009048,18
08738faaa4cd312bbad30389ef79a6ed,"您好 我公司长期代开各项正规 增值税发票 可走账 点低 保真 可查验 打扰见谅
",13070115567,1492252967000,1492253400000,116.37406921,39.86994553,18
0de35b2eeda0cac93b23c8643f2d8798,"尊敬的客户：您的账户积分10000分即将到期，将于24小时后清零，请登录网址 wap.abcme.cc 兑换500元现金【农业银行】
",95599,1492223919000,1492250567000,116.43367767,39.866668700000005,18
0de35b2eeda0cac93b23c8643f2d8798,"尊敬的客户：您的账户积分10000分即将到期，将于24小时后清零，请登录网址 wap.abcme.cc 兑换500元现金【农业银行】
",95599,1492209327000,1492250567000,116.41654968,39.87023163,18
0de35b2eeda0cac93b23c8643f2d8798,"尊敬的客户：您的账户积分10000分即将到期，将于24小时后清零，请登录网址 wap.abcme.cc 兑换500元现金【农业银行】
",95599,1492209316000,1492250567000,116.43367767,39.866668700000005,18
4eec17dcf2f571e382aa580cd4ac8bdf,"您好，本公司代开各行业正规发票，13126538869 张先生
",15488886666,1492253101000,1492253687000,116.40576172,39.96869659,18
4eec17dcf2f571e382aa580cd4ac8bdf,"您好，本公司代开各行业正规发票，13126538869 张先生
",15488886666,1492253089000,1492253687000,116.40660858,39.968853,18
4eec17dcf2f571e382aa580cd4ac8bdf,"您好，本公司代开各行业正规发票，13126538869 张先生
",15488886666,1492249554000,1492253687000,116.40576172,39.96869659,18
4eec17dcf2f571e382aa580cd4ac8bdf,"您好，本公司代开各行业正规发票，13126538869 张先生
",15488886666,1492242712000,1492253687000,116.40660858,39.968853,18
4eec17dcf2f571e382aa580cd4ac8bdf,"您好，本公司代开各行业正规发票，13126538869 张先生
",15488886666,1492248985000,1492253783000,116.39969635,39.96875763,18
4eec17dcf2f571e382aa580cd4ac8bdf,"您好，本公司代开各行业正规发票，13126538869 张先生
",15488886666,1492248984000,1492253783000,116.38986969,39.96841812,18
4eec17dcf2f571e382aa580cd4ac8bdf,"您好，本公司代开各行业正规发票，13126538869 张先生
",15488886666,1492248819000,1492253783000,116.39364624,39.96858978,18
fe5b302db0228ea47c06dfeba6f9a24d,"你好，本公司代开全国各地正规机打（发票）点滴保真如有需要请联系13833688162胡涛
",13833688162,1492253474000,1492253979000,116.400383,39.85578537,18
fe5b302db0228ea47c06dfeba6f9a24d,"你好，本公司代开全国各地正规机打（发票）点滴保真如有需要请联系13833688162胡涛
",13833688162,1492253450000,1492253979000,116.40010071,39.85728073,18
fe5b302db0228ea47c06dfeba6f9a24d,"你好，本公司代开全国各地正规机打（发票）点滴保真如有需要请联系13833688162胡涛
",13833688162,1492252483000,1492253979000,116.400383,39.85578537,18
35e8c850cd3c98a5a9f4717f6a2c7c70,"尊敬的客户；您的账户积分10000分即将到期，将于24小时后清零，请登录网址 wap.abcho.cc  兑换500元现金【农业银行】
",95599,1492251851000,1492251991000,116.50190735,39.92418671,18
35e8c850cd3c98a5a9f4717f6a2c7c70,"尊敬的客户；您的账户积分10000分即将到期，将于24小时后清零，请登录网址 wap.abcho.cc  兑换500元现金【农业银行】
",95599,1492251768000,1492251991000,116.50190735,39.92418671,18
35e8c850cd3c98a5a9f4717f6a2c7c70,"尊敬的客户；您的账户积分10000分即将到期，将于24小时后清零，请登录网址 wap.abcho.cc  兑换500元现金【农业银行】
",95599,1492249308000,1492251991000,116.50190735,39.92418671,18
35e8c850cd3c98a5a9f4717f6a2c7c70,"尊敬的客户；您的账户积分10000分即将到期，将于24小时后清零，请登录网址 wap.abcho.cc  兑换500元现金【农业银行】
",95599,1492249296000,1492251991000,116.50190735,39.92418671,18
95ddbb0f524c040a33b7fa95145da875,"你好，本公司代开北京市各行业正规机打发票，点滴保真，可先使用后付款，需要请联系13121324014李先生，打扰请谅解。
",10698987672,1492251115000,1492251173000,116.51403046,39.89296722,18
95ddbb0f524c040a33b7fa95145da875,"你好，本公司代开北京市各行业正规机打发票，点滴保真，可先使用后付款，需要请联系13121324014李先生，打扰请谅解。
",10698987672,1492251063000,1492251173000,116.51515198,39.89317703,18
95ddbb0f524c040a33b7fa95145da875,"你好，本公司代开北京市各行业正规机打发票，点滴保真，可先使用后付款，需要请联系13121324014李先生，打扰请谅解。
",10698987672,1492251055000,1492251173000,116.51976013,39.89271164,18
95ddbb0f524c040a33b7fa95145da875,"你好，本公司代开北京市各行业正规机打发票，点滴保真，可先使用后付款，需要请联系13121324014李先生，打扰请谅解。
",10698987672,1492250960000,1492251173000,116.52590179,39.89290619,18
1d3a3a8e60f7e9e1e4154d08c2f7d8fe,"尊敬的用户：您的工行账户因未分类核实个人信息已被冻结，请登录 http://95588.j-1r.pw 按提示核实解冻！【工 商 银 行】
",95588,1492253581000,1492253623000,116.40613556,39.92827988,18
1d3a3a8e60f7e9e1e4154d08c2f7d8fe,"尊敬的用户：您的工行账户因未分类核实个人信息已被冻结，请登录 http://95588.j-1r.pw 按提示核实解冻！【工 商 银 行】
",95588,1492253556000,1492253623000,116.40752411,39.92889786,18
1d3a3a8e60f7e9e1e4154d08c2f7d8fe,"尊敬的用户：您的工行账户因未分类核实个人信息已被冻结，请登录 http://95588.j-1r.pw 按提示核实解冻！【工 商 银 行】
",95588,1492253352000,1492253623000,116.40910339,39.92991257,18
1d3a3a8e60f7e9e1e4154d08c2f7d8fe,"尊敬的用户：您的工行账户因未分类核实个人信息已被冻结，请登录 http://95588.j-1r.pw 按提示核实解冻！【工 商 银 行】
",95588,1492252930000,1492253623000,116.40752411,39.92889786,18
a3169d9345d7c9b3d335628afc7a9560,"你好，代开北京各行业正规发票，点低，保真13366992802王会计。
",13366992802,1492248971000,1492251477000,116.51722717,39.939525599999996,18
a3169d9345d7c9b3d335628afc7a9560,"你好，代开北京各行业正规发票，点低，保真13366992802王会计。
",13366992802,1492248965000,1492251477000,116.51030731,39.93801498,18
a3169d9345d7c9b3d335628afc7a9560,"你好，代开北京各行业正规发票，点低，保真13366992802王会计。
",13366992802,1492248111000,1492251477000,116.51722717,39.939525599999996,18
a3169d9345d7c9b3d335628afc7a9560,"你好，代开北京各行业正规发票，点低，保真13366992802王会计。
",13366992802,1492248095000,1492251477000,116.51725006,39.93730545,18
a3169d9345d7c9b3d335628afc7a9560,"你好，代开北京各行业正规发票，点低，保真13366992802王会计。
",13366992802,1492248063000,1492251477000,116.51722717,39.939525599999996,18
0de35b2eeda0cac93b23c8643f2d8798,"尊敬的客户：您的账户积分10000分即将到期，将于24小时后清零，请登录网址 wap.abcme.cc 兑换500元现金【农业银行】
",95599,1492250585000,1492250902000,116.44776917,39.86904526,18
0de35b2eeda0cac93b23c8643f2d8798,"尊敬的客户：您的账户积分10000分即将到期，将于24小时后清零，请登录网址 wap.abcme.cc 兑换500元现金【农业银行】
",95599,1492252152000,1492252501000,116.46746826,39.88445663,18
0de35b2eeda0cac93b23c8643f2d8798,"尊敬的客户：您的账户积分10000分即将到期，将于24小时后清零，请登录网址 wap.abcme.cc 兑换500元现金【农业银行】
",95599,1492198636000,1492252501000,116.46766663,39.88168335,18
0de35b2eeda0cac93b23c8643f2d8798,"尊敬的客户：您的账户积分10000分即将到期，将于24小时后清零，请登录网址 wap.abcme.cc 兑换500元现金【农业银行】
",95599,1492177724000,1492252501000,116.46498108,39.88411331,18
0de35b2eeda0cac93b23c8643f2d8798,"尊敬的客户：您的账户积分10000分即将到期，将于24小时后清零，请登录网址 wap.abcme.cc 兑换500元现金【农业银行】
",95599,1492052403000,1492252501000,116.46766663,39.88168335,18
c4e68c5fe1db690818673713b1154577,"你好，本公司代开北京各行业正规机打发票，点低，保真，用后付款，司网上查询，王经理，13366938365
",13366938365,1492251359000,1492251670000,116.40385437,40.05797195,18
c4e68c5fe1db690818673713b1154577,"你好，本公司代开北京各行业正规机打发票，点低，保真，用后付款，司网上查询，王经理，13366938365
",13366938365,1492250687000,1492251670000,116.40069579999998,40.06610107,18
c4e68c5fe1db690818673713b1154577,"你好，本公司代开北京各行业正规机打发票，点低，保真，用后付款，司网上查询，王经理，13366938365
",13366938365,1492250224000,1492251670000,116.40455627,40.06562424,18
c4e68c5fe1db690818673713b1154577,"你好，本公司代开北京各行业正规机打发票，点低，保真，用后付款，司网上查询，王经理，13366938365
",13366938365,1492249990000,1492251670000,116.40069579999998,40.06610107,18
4eec17dcf2f571e382aa580cd4ac8bdf,"您好，本公司代开各行业正规发票，13126538869 张先生
",15488886666,1492247709000,1492250848000,116.67684174,39.87746048,18
4eec17dcf2f571e382aa580cd4ac8bdf,"您好，本公司代开各行业正规发票，13126538869 张先生
",15488886666,1492247667000,1492250848000,116.67684174,39.87746048,18
4eec17dcf2f571e382aa580cd4ac8bdf,"您好，本公司代开各行业正规发票，13126538869 张先生
",15488886666,1492247667000,1492250848000,116.67684174,39.87746048,18
4eec17dcf2f571e382aa580cd4ac8bdf,"您好，本公司代开各行业正规发票，13126538869 张先生
",15488886666,1492247662000,1492250848000,116.67684174,39.87746048,18
4eec17dcf2f571e382aa580cd4ac8bdf,"您好，本公司代开各行业正规发票，13126538869 张先生
",15488886666,1492247709000,1492250848000,116.67684174,39.87746048,18
4eec17dcf2f571e382aa580cd4ac8bdf,"您好，本公司代开各行业正规发票，13126538869 张先生
",15488886666,1492247667000,1492250848000,116.67684174,39.87746048,18
4eec17dcf2f571e382aa580cd4ac8bdf,"您好，本公司代开各行业正规发票，13126538869 张先生
",15488886666,1492247667000,1492250848000,116.67684174,39.87746048,18
4eec17dcf2f571e382aa580cd4ac8bdf,"您好，本公司代开各行业正规发票，13126538869 张先生
",15488886666,1492247662000,1492250848000,116.67684174,39.87746048,18
0de35b2eeda0cac93b23c8643f2d8798,"尊敬的客户：您的账户积分10000分即将到期，将于24小时后清零，请登录网址 wap.abcme.cc 兑换500元现金【农业银行】
",95599,1492250360000,1492253457000,116.47137451,39.89128494,18
0de35b2eeda0cac93b23c8643f2d8798,"尊敬的客户：您的账户积分10000分即将到期，将于24小时后清零，请登录网址 wap.abcme.cc 兑换500元现金【农业银行】
",95599,1492250348000,1492253457000,116.47319794,39.89338303,18
0de35b2eeda0cac93b23c8643f2d8798,"尊敬的客户：您的账户积分10000分即将到期，将于24小时后清零，请登录网址 wap.abcme.cc 兑换500元现金【农业银行】
",95599,1492249621000,1492253457000,116.47137451,39.89128494,18
0de35b2eeda0cac93b23c8643f2d8798,"尊敬的客户：您的账户积分10000分即将到期，将于24小时后清零，请登录网址 wap.abcme.cc 兑换500元现金【农业银行】
",95599,1492249457000,1492253457000,116.47319794,39.89338303,18
83c1f578437b0a9076d08cbe97f253e6,"尊敬的用户：您的工行账户因未分类核实个人信息已被冻结，请登录 http://95588.j-1r.pw 按提示核实解冻！【工 商 银 行】
",95588,1492252104000,1492252110000,116.39996338,39.90777588,18
83c1f578437b0a9076d08cbe97f253e6,"尊敬的用户：您的工行账户因未分类核实个人信息已被冻结，请登录 http://95588.j-1r.pw 按提示核实解冻！【工 商 银 行】
",95588,1492251690000,1492252110000,116.41127777,39.91071701,18
83c1f578437b0a9076d08cbe97f253e6,"尊敬的用户：您的工行账户因未分类核实个人信息已被冻结，请登录 http://95588.j-1r.pw 按提示核实解冻！【工 商 银 行】
",95588,1492251678000,1492252110000,116.41143799,39.91051865,18
83c1f578437b0a9076d08cbe97f253e6,"尊敬的用户：您的工行账户因未分类核实个人信息已被冻结，请登录 http://95588.j-1r.pw 按提示核实解冻！【工 商 银 行】
",95588,1492251295000,1492252110000,116.41127777,39.91071701,18
a81083ce665d1cb6cdf1fc088e81f893,"本公司常年对外代开各种机打发票，正规真实.验后付款18910018671杨经理。打扰谅解...
",18910018671,1492251662000,1492251662000,116.44341278,40.11909866,18
a81083ce665d1cb6cdf1fc088e81f893,"本公司常年对外代开各种机打发票，正规真实.验后付款18910018671杨经理。打扰谅解...
",18910018671,1492251076000,1492251662000,116.44341278,40.11909866,18
a81083ce665d1cb6cdf1fc088e81f893,"本公司常年对外代开各种机打发票，正规真实.验后付款18910018671杨经理。打扰谅解...
",18910018671,1492249191000,1492251662000,116.43516541,40.11802292,18
a81083ce665d1cb6cdf1fc088e81f893,"本公司常年对外代开各种机打发票，正规真实.验后付款18910018671杨经理。打扰谅解...
",18910018671,1492249176000,1492251662000,116.44341278,40.11909866,18
a81083ce665d1cb6cdf1fc088e81f893,"本公司常年对外代开各种机打发票，正规真实.验后付款18910018671杨经理。打扰谅解...
",18910018671,1492249146000,1492251662000,116.43516541,40.11802292,18
a3169d9345d7c9b3d335628afc7a9560,"你好，代开北京各行业正规发票，点低，保真13366992802王会计。
",13366992802,1492251826000,1492251826000,116.49343109,39.93402481,18
a3169d9345d7c9b3d335628afc7a9560,"你好，代开北京各行业正规发票，点低，保真13366992802王会计。
",13366992802,1492251410000,1492251826000,116.49343109,39.93402481,18
a3169d9345d7c9b3d335628afc7a9560,"你好，代开北京各行业正规发票，点低，保真13366992802王会计。
",13366992802,1492251311000,1492251826000,116.50207520000001,39.93629837,18
a3169d9345d7c9b3d335628afc7a9560,"你好，代开北京各行业正规发票，点低，保真13366992802王会计。
",13366992802,1492251187000,1492251826000,116.50428772,39.93664551,18
a3169d9345d7c9b3d335628afc7a9560,"你好，代开北京各行业正规发票，点低，保真13366992802王会计。
",13366992802,1492250999000,1492251826000,116.51117706,39.93874741,18
e228da907ffa1ebae4732e97e3572fbf,"你好，本公司代开各种机打发票，点低，可验后付款，有用的朋友请打电话15313247687电话和微信同号，打扰见谅，谢谢。
",15555518894,1492251449000,1492251461000,116.60910034,39.92498016,18
e228da907ffa1ebae4732e97e3572fbf,"你好，本公司代开各种机打发票，点低，可验后付款，有用的朋友请打电话15313247687电话和微信同号，打扰见谅，谢谢。
",15555518894,1492251444000,1492251461000,116.603302,39.92579651,18
e228da907ffa1ebae4732e97e3572fbf,"你好，本公司代开各种机打发票，点低，可验后付款，有用的朋友请打电话15313247687电话和微信同号，打扰见谅，谢谢。
",15555518894,1492251015000,1492251461000,116.60005951,39.92632294,18
e228da907ffa1ebae4732e97e3572fbf,"你好，本公司代开各种机打发票，点低，可验后付款，有用的朋友请打电话15313247687电话和微信同号，打扰见谅，谢谢。
",15555518894,1492250877000,1492251461000,116.59899139,39.92609024,18
e228da907ffa1ebae4732e97e3572fbf,"你好，本公司代开各种机打发票，点低，可验后付款，有用的朋友请打电话15313247687电话和微信同号，打扰见谅，谢谢。
",15555518894,1492250704000,1492251461000,116.5977478,39.92625809,18
110bb7630f299d5f4380e6658fda3676,"您好，本公司代开各行各业正规发票如房租，科技，广告，材料，工程款，增值税发票等等如需15311390203王会计。
",13833657781,1492253021000,1492253847000,116.46105194,39.81411743,18
110bb7630f299d5f4380e6658fda3676,"您好，本公司代开各行各业正规发票如房租，科技，广告，材料，工程款，增值税发票等等如需15311390203王会计。
",13833657781,1492251955000,1492253847000,116.46110535,39.81206894,18
110bb7630f299d5f4380e6658fda3676,"您好，本公司代开各行各业正规发票如房租，科技，广告，材料，工程款，增值税发票等等如需15311390203王会计。
",13833657781,1492251931000,1492253847000,116.46085358,39.81160736,18
110bb7630f299d5f4380e6658fda3676,"您好，本公司代开各行各业正规发票如房租，科技，广告，材料，工程款，增值税发票等等如需15311390203王会计。
",13833657781,1492251850000,1492253847000,116.46110535,39.81206894,18
110bb7630f299d5f4380e6658fda3676,"您好，本公司代开各行各业正规发票如房租，科技，广告，材料，工程款，增值税发票等等如需15311390203王会计。
",13833657781,1492251820000,1492253847000,116.46085358,39.81160736,18
95e98932883043465b01136c5a168b52,"尊敬的客户:您的账户积分10000分即将到期，将于24小时后清零，请登录网址 wap.abcna.pw 兑换500元现金【农业银行】
",95599,1492245393000,1492253730000,116.42310333,39.89707184,18
4eec17dcf2f571e382aa580cd4ac8bdf,"您好，本公司代开各行业正规发票，13126538869 张先生
",15488886666,1492250421000,1492250441000,116.47792816,39.91360855,18
4eec17dcf2f571e382aa580cd4ac8bdf,"您好，本公司代开各行业正规发票，13126538869 张先生
",15488886666,1492250405000,1492250441000,116.47792816,39.91103363,18
4eec17dcf2f571e382aa580cd4ac8bdf,"您好，本公司代开各行业正规发票，13126538869 张先生
",15488886666,1492250393000,1492250441000,116.47795105,39.91053391,18
4eec17dcf2f571e382aa580cd4ac8bdf,"您好，本公司代开各行业正规发票，13126538869 张先生
",15488886666,1492250389000,1492250441000,116.47783661,39.9123764,18
43e008038f6e850c553d60ca4ae9569f,"您好，我公司长期对外代开各行业正规机打发票，通用机打.普通增值税发票，点低保真，15600573058微信同号，杨经理。打扰海涵
",10695867568,1492252552000,1492252971000,116.63932037,39.92541122,18
43e008038f6e850c553d60ca4ae9569f,"您好，我公司长期对外代开各行业正规机打发票，通用机打.普通增值税发票，点低保真，15600573058微信同号，杨经理。打扰海涵
",10695867568,1492252515000,1492252971000,116.63918304,39.92667007,18
43e008038f6e850c553d60ca4ae9569f,"您好，我公司长期对外代开各行业正规机打发票，通用机打.普通增值税发票，点低保真，15600573058微信同号，杨经理。打扰海涵
",10695867568,1492252468000,1492252971000,116.63942719,39.92282486,18
0de35b2eeda0cac93b23c8643f2d8798,"尊敬的客户：您的账户积分10000分即将到期，将于24小时后清零，请登录网址 wap.abcme.cc 兑换500元现金【农业银行】
",95599,1492250509000,1492252078000,116.4551239,39.86316299,18
0de35b2eeda0cac93b23c8643f2d8798,"尊敬的客户：您的账户积分10000分即将到期，将于24小时后清零，请登录网址 wap.abcme.cc 兑换500元现金【农业银行】
",95599,1492249028000,1492252078000,116.45966339,39.86349106,18
0de35b2eeda0cac93b23c8643f2d8798,"尊敬的客户：您的账户积分10000分即将到期，将于24小时后清零，请登录网址 wap.abcme.cc 兑换500元现金【农业银行】
",95599,1492249003000,1492252078000,116.45410919,39.86440277,18
0de35b2eeda0cac93b23c8643f2d8798,"尊敬的客户：您的账户积分10000分即将到期，将于24小时后清零，请登录网址 wap.abcme.cc 兑换500元现金【农业银行】
",95599,1492250509000,1492252078000,116.4551239,39.86316299,18
0de35b2eeda0cac93b23c8643f2d8798,"尊敬的客户：您的账户积分10000分即将到期，将于24小时后清零，请登录网址 wap.abcme.cc 兑换500元现金【农业银行】
",95599,1492249028000,1492252078000,116.45966339,39.86349106,18
0de35b2eeda0cac93b23c8643f2d8798,"尊敬的客户：您的账户积分10000分即将到期，将于24小时后清零，请登录网址 wap.abcme.cc 兑换500元现金【农业银行】
",95599,1492249003000,1492252078000,116.45410919,39.86440277,18
08738faaa4cd312bbad30389ef79a6ed,"您好 我公司长期代开各项正规 增值税发票 可走账 点低 保真 可查验 打扰见谅
",13070115567,1492252245000,1492252884000,116.37361908,39.9189682,18
08738faaa4cd312bbad30389ef79a6ed,"您好 我公司长期代开各项正规 增值税发票 可走账 点低 保真 可查验 打扰见谅
",13070115567,1492252138000,1492252884000,116.3735733,39.92257309,18
08738faaa4cd312bbad30389ef79a6ed,"您好 我公司长期代开各项正规 增值税发票 可走账 点低 保真 可查验 打扰见谅
",13070115567,1492251963000,1492252884000,116.37341309,39.92405319,18
08738faaa4cd312bbad30389ef79a6ed,"您好 我公司长期代开各项正规 增值税发票 可走账 点低 保真 可查验 打扰见谅
",13070115567,1492251874000,1492252884000,116.37341309,39.92557907,18
08738faaa4cd312bbad30389ef79a6ed,"您好 我公司长期代开各项正规 增值税发票 可走账 点低 保真 可查验 打扰见谅
",13070115567,1492251787000,1492252884000,116.37321472,39.92757416,18
bd7d07a40bc0447bef613ee4ae82703b,"恭喜发财！我公司代开各类发票，增票，保真，验后付款，电话15321975859敬请保留 以备急用
",1243456789,1492250915000,1492251121000,116.34738922,39.85121536,18
bd7d07a40bc0447bef613ee4ae82703b,"恭喜发财！我公司代开各类发票，增票，保真，验后付款，电话15321975859敬请保留 以备急用
",1243456789,1492250797000,1492251121000,116.34758759,39.85672379,18
bd7d07a40bc0447bef613ee4ae82703b,"恭喜发财！我公司代开各类发票，增票，保真，验后付款，电话15321975859敬请保留 以备急用
",1243456789,1492250735000,1492251121000,116.34738922,39.85121536,18
bd7d07a40bc0447bef613ee4ae82703b,"恭喜发财！我公司代开各类发票，增票，保真，验后付款，电话15321975859敬请保留 以备急用
",1243456789,1492249816000,1492251121000,116.34758759,39.85672379,18
bd7d07a40bc0447bef613ee4ae82703b,"恭喜发财！我公司代开各类发票，增票，保真，验后付款，电话15321975859敬请保留 以备急用
",1243456789,1492248657000,1492251121000,116.35105133,39.85217667,18
7f900708fc7282b7e1b46d85e49568b2,"恭喜发财！我公司代开各类发票，增票，保真，验后付款，电话13436710503敬请保留 以备急用
",13436710503,1492250915000,1492251128000,116.34738922,39.85121536,18
7f900708fc7282b7e1b46d85e49568b2,"恭喜发财！我公司代开各类发票，增票，保真，验后付款，电话13436710503敬请保留 以备急用
",13436710503,1492250797000,1492251128000,116.34758759,39.85672379,18
7f900708fc7282b7e1b46d85e49568b2,"恭喜发财！我公司代开各类发票，增票，保真，验后付款，电话13436710503敬请保留 以备急用
",13436710503,1492250735000,1492251128000,116.34738922,39.85121536,18
7f900708fc7282b7e1b46d85e49568b2,"恭喜发财！我公司代开各类发票，增票，保真，验后付款，电话13436710503敬请保留 以备急用
",13436710503,1492249816000,1492251128000,116.34758759,39.85672379,18
7f900708fc7282b7e1b46d85e49568b2,"恭喜发财！我公司代开各类发票，增票，保真，验后付款，电话13436710503敬请保留 以备急用
",13436710503,1492248657000,1492251128000,116.35105133,39.85217667,18
95e98932883043465b01136c5a168b52,"尊敬的客户:您的账户积分10000分即将到期，将于24小时后清零，请登录网址 wap.abcna.pw 兑换500元现金【农业银行】
",95599,1492253190000,1492253203000,116.41616821,39.90502167,18
95e98932883043465b01136c5a168b52,"尊敬的客户:您的账户积分10000分即将到期，将于24小时后清零，请登录网址 wap.abcna.pw 兑换500元现金【农业银行】
",95599,1492240520000,1492253203000,116.42523956,39.89770126,18
95e98932883043465b01136c5a168b52,"尊敬的客户:您的账户积分10000分即将到期，将于24小时后清零，请登录网址 wap.abcna.pw 兑换500元现金【农业银行】
",95599,1492239699000,1492253203000,116.39900208,39.899734499999994,18
95e98932883043465b01136c5a168b52,"尊敬的客户:您的账户积分10000分即将到期，将于24小时后清零，请登录网址 wap.abcna.pw 兑换500元现金【农业银行】
",95599,1492239597000,1492253203000,116.39517975,39.89836884,18
ed636c273617aab47d6086bd0c336e7d,"您好：本公司常年代开北京及全国各地发票点低保真验后付款，电话18032627027 QQ253454887微信a18032627027
",18032627027,1492253476000,1492253476000,116.47795105,39.93334198,18
ed636c273617aab47d6086bd0c336e7d,"您好：本公司常年代开北京及全国各地发票点低保真验后付款，电话18032627027 QQ253454887微信a18032627027
",18032627027,1492236201000,1492253476000,116.46782684,39.87626266,18
ed636c273617aab47d6086bd0c336e7d,"您好：本公司常年代开北京及全国各地发票点低保真验后付款，电话18032627027 QQ253454887微信a18032627027
",18032627027,1492235754000,1492253476000,116.46785736,39.87620926,18
ed636c273617aab47d6086bd0c336e7d,"您好：本公司常年代开北京及全国各地发票点低保真验后付款，电话18032627027 QQ253454887微信a18032627027
",18032627027,1492235749000,1492253476000,116.46782684,39.87626266,18
08738faaa4cd312bbad30389ef79a6ed,"您好 我公司长期代开各项正规 增值税发票 可走账 点低 保真 可查验 打扰见谅
",13070115567,1492252269000,1492252272000,116.35540009,39.93774796,18
08738faaa4cd312bbad30389ef79a6ed,"您好 我公司长期代开各项正规 增值税发票 可走账 点低 保真 可查验 打扰见谅
",13070115567,1492252037000,1492252272000,116.35565186,39.93648911,18
08738faaa4cd312bbad30389ef79a6ed,"您好 我公司长期代开各项正规 增值税发票 可走账 点低 保真 可查验 打扰见谅
",13070115567,1492251732000,1492252272000,116.35565186,39.93698502,18
08738faaa4cd312bbad30389ef79a6ed,"您好 我公司长期代开各项正规 增值税发票 可走账 点低 保真 可查验 打扰见谅
",13070115567,1492251721000,1492252272000,116.35567474,39.93979263,18
ed636c273617aab47d6086bd0c336e7d,"您好：本公司常年代开北京及全国各地发票点低保真验后付款，电话18032627027 QQ253454887微信a18032627027
",18032627027,1492248485000,1492253651000,116.47108459,39.88450623,18
ed636c273617aab47d6086bd0c336e7d,"您好：本公司常年代开北京及全国各地发票点低保真验后付款，电话18032627027 QQ253454887微信a18032627027
",18032627027,1492245726000,1492253651000,116.47108459,39.88450623,18
ed636c273617aab47d6086bd0c336e7d,"您好：本公司常年代开北京及全国各地发票点低保真验后付款，电话18032627027 QQ253454887微信a18032627027
",18032627027,1492244274000,1492253651000,116.46432495,39.88256073,18
0de35b2eeda0cac93b23c8643f2d8798,"尊敬的客户：您的账户积分10000分即将到期，将于24小时后清零，请登录网址 wap.abcme.cc 兑换500元现金【农业银行】
",95599,1492251229000,1492251313000,116.45645142,39.87028122,18
0de35b2eeda0cac93b23c8643f2d8798,"尊敬的客户：您的账户积分10000分即将到期，将于24小时后清零，请登录网址 wap.abcme.cc 兑换500元现金【农业银行】
",95599,1492251125000,1492251313000,116.45645142,39.87028122,18
0de35b2eeda0cac93b23c8643f2d8798,"尊敬的客户：您的账户积分10000分即将到期，将于24小时后清零，请登录网址 wap.abcme.cc 兑换500元现金【农业银行】
",95599,1492251032000,1492251313000,116.45412445,39.87128067,18
f0eeffc87ec57ba0212b3c71ccbb512e,"尊敬的客户:您的账户积分10000分即将到期，将于24小时后清零，请登录网址 wap.abcxo.pw 兑换500元现金【农业银行】
",95599,1492250702000,1492250738000,116.35312653,39.99149323,18
f0eeffc87ec57ba0212b3c71ccbb512e,"尊敬的客户:您的账户积分10000分即将到期，将于24小时后清零，请登录网址 wap.abcxo.pw 兑换500元现金【农业银行】
",95599,1492250693000,1492250738000,116.35296631,39.99320602,18
f0eeffc87ec57ba0212b3c71ccbb512e,"尊敬的客户:您的账户积分10000分即将到期，将于24小时后清零，请登录网址 wap.abcxo.pw 兑换500元现金【农业银行】
",95599,1492250680000,1492250738000,116.35284424,39.99324799,18
f0eeffc87ec57ba0212b3c71ccbb512e,"尊敬的客户:您的账户积分10000分即将到期，将于24小时后清零，请登录网址 wap.abcxo.pw 兑换500元现金【农业银行】
",95599,1492250668000,1492250738000,116.35359955,39.98655319,18
0de35b2eeda0cac93b23c8643f2d8798,"尊敬的客户：您的账户积分10000分即将到期，将于24小时后清零，请登录网址 wap.abcme.cc 兑换500元现金【农业银行】
",95599,1492223919000,1492250567000,116.43367767,39.866668700000005,18
0de35b2eeda0cac93b23c8643f2d8798,"尊敬的客户：您的账户积分10000分即将到期，将于24小时后清零，请登录网址 wap.abcme.cc 兑换500元现金【农业银行】
",95599,1492209327000,1492250567000,116.41654968,39.87023163,18
0de35b2eeda0cac93b23c8643f2d8798,"尊敬的客户：您的账户积分10000分即将到期，将于24小时后清零，请登录网址 wap.abcme.cc 兑换500元现金【农业银行】
",95599,1492209316000,1492250567000,116.43367767,39.866668700000005,18
95e98932883043465b01136c5a168b52,"尊敬的客户:您的账户积分10000分即将到期，将于24小时后清零，请登录网址 wap.abcna.pw 兑换500元现金【农业银行】
",95599,1492250939000,1492250978000,116.42327881,39.89741516,18
95e98932883043465b01136c5a168b52,"尊敬的客户:您的账户积分10000分即将到期，将于24小时后清零，请登录网址 wap.abcna.pw 兑换500元现金【农业银行】
",95599,1492250861000,1492250978000,116.42263031,39.8972435,18
95e98932883043465b01136c5a168b52,"尊敬的客户:您的账户积分10000分即将到期，将于24小时后清零，请登录网址 wap.abcna.pw 兑换500元现金【农业银行】
",95599,1492250637000,1492250978000,116.42650604,39.89736557,18
f0eeffc87ec57ba0212b3c71ccbb512e,"尊敬的客户:您的账户积分10000分即将到期，将于24小时后清零，请登录网址 wap.abcxo.pw 兑换500元现金【农业银行】
",95599,1492250760000,1492250760000,116.35182953,39.99387741,18
f0eeffc87ec57ba0212b3c71ccbb512e,"尊敬的客户:您的账户积分10000分即将到期，将于24小时后清零，请登录网址 wap.abcxo.pw 兑换500元现金【农业银行】
",95599,1492250722000,1492250760000,116.35294342,39.99423981,18
f0eeffc87ec57ba0212b3c71ccbb512e,"尊敬的客户:您的账户积分10000分即将到期，将于24小时后清零，请登录网址 wap.abcxo.pw 兑换500元现金【农业银行】
",95599,1492240368000,1492250760000,116.35320282,39.99416733,18
f0eeffc87ec57ba0212b3c71ccbb512e,"尊敬的客户:您的账户积分10000分即将到期，将于24小时后清零，请登录网址 wap.abcxo.pw 兑换500元现金【农业银行】
",95599,1492240327000,1492250760000,116.35294342,39.99423981,18
254bda80de2481b1f1328c9985279c64,"本公司代开各行业增值税普通发票《材料、工程、劳务、科技、广告、住宿餐饮》保真验后付款电话13373068776qq1393797505王红
",13373068776,1492250790000,1492250790000,116.41233826,39.98897552,18
254bda80de2481b1f1328c9985279c64,"本公司代开各行业增值税普通发票《材料、工程、劳务、科技、广告、住宿餐饮》保真验后付款电话13373068776qq1393797505王红
",13373068776,1492244690000,1492250790000,116.40870667,39.9887352,18
254bda80de2481b1f1328c9985279c64,"本公司代开各行业增值税普通发票《材料、工程、劳务、科技、广告、住宿餐饮》保真验后付款电话13373068776qq1393797505王红
",13373068776,1492244562000,1492250790000,116.41683959999999,39.98854065,18
254bda80de2481b1f1328c9985279c64,"本公司代开各行业增值税普通发票《材料、工程、劳务、科技、广告、住宿餐饮》保真验后付款电话13373068776qq1393797505王红
",13373068776,1492239709000,1492250790000,116.41680145,39.98893356,18
46784ac2eaf53de8c0b9396dadd90b20,"你好！（恭喜发财）本公司代开各行业发票:100%保真！验后付款，电话：15313305082 微信：y15210201758 若有打扰，敬请
",666888,1492250806000,1492250805000,116.46933746,39.81072235,18
46784ac2eaf53de8c0b9396dadd90b20,"你好！（恭喜发财）本公司代开各行业发票:100%保真！验后付款，电话：15313305082 微信：y15210201758 若有打扰，敬请
",666888,1492249324000,1492250805000,116.49906158,39.79088974,18
46784ac2eaf53de8c0b9396dadd90b20,"你好！（恭喜发财）本公司代开各行业发票:100%保真！验后付款，电话：15313305082 微信：y15210201758 若有打扰，敬请
",666888,1492249321000,1492250805000,116.50002289,39.7906456,18
be24ef5f9d44839a5b5584773807b302,"您好，本公司长期在京代开各行业正规发票，增值税普通发票，税点低，可验后付款，欢迎新老客户咨询，电话13161117818张强，谅解
",16600126888,1492250966000,1492251014000,116.53762054,40.02289963,18
be24ef5f9d44839a5b5584773807b302,"您好，本公司长期在京代开各行业正规发票，增值税普通发票，税点低，可验后付款，欢迎新老客户咨询，电话13161117818张强，谅解
",16600126888,1492250843000,1492251014000,116.54676056,40.02595901,18
be24ef5f9d44839a5b5584773807b302,"您好，本公司长期在京代开各行业正规发票，增值税普通发票，税点低，可验后付款，欢迎新老客户咨询，电话13161117818张强，谅解
",16600126888,1492250716000,1492251014000,116.55261993,40.02809525,18
be24ef5f9d44839a5b5584773807b302,"您好，本公司长期在京代开各行业正规发票，增值税普通发票，税点低，可验后付款，欢迎新老客户咨询，电话13161117818张强，谅解
",16600126888,1492250609000,1492251014000,116.56223297,40.03126144,18
be24ef5f9d44839a5b5584773807b302,"您好，本公司长期在京代开各行业正规发票，增值税普通发票，税点低，可验后付款，欢迎新老客户咨询，电话13161117818张强，谅解
",16600126888,1492250427000,1492251014000,116.56897736,40.03435898,18
0de35b2eeda0cac93b23c8643f2d8798,"尊敬的客户：您的账户积分10000分即将到期，将于24小时后清零，请登录网址 wap.abcme.cc 兑换500元现金【农业银行】
",95599,1492250158000,1492251048000,116.43867493,39.87376785,18
0de35b2eeda0cac93b23c8643f2d8798,"尊敬的客户：您的账户积分10000分即将到期，将于24小时后清零，请登录网址 wap.abcme.cc 兑换500元现金【农业银行】
",95599,1492250115000,1492251048000,116.43919373,39.870899200000004,18
0de35b2eeda0cac93b23c8643f2d8798,"尊敬的客户：您的账户积分10000分即将到期，将于24小时后清零，请登录网址 wap.abcme.cc 兑换500元现金【农业银行】
",95599,1492242119000,1492251048000,116.34583282,39.88048172,18
0de35b2eeda0cac93b23c8643f2d8798,"尊敬的客户：您的账户积分10000分即将到期，将于24小时后清零，请登录网址 wap.abcme.cc 兑换500元现金【农业银行】
",95599,1492241327000,1492251048000,116.34622192,39.88022995,18
0de35b2eeda0cac93b23c8643f2d8798,"尊敬的客户：您的账户积分10000分即将到期，将于24小时后清零，请登录网址 wap.abcme.cc 兑换500元现金【农业银行】
",95599,1492241031000,1492251048000,116.34583282,39.88048172,18
4eec17dcf2f571e382aa580cd4ac8bdf,"您好，本公司代开各行业正规发票，13126538869 张先生
",15488886666,1492248270000,1492251229000,116.46154022,39.92174911,18
4eec17dcf2f571e382aa580cd4ac8bdf,"您好，本公司代开各行业正规发票，13126538869 张先生
",15488886666,1492248258000,1492251229000,116.46160126,39.920967100000006,18
4eec17dcf2f571e382aa580cd4ac8bdf,"您好，本公司代开各行业正规发票，13126538869 张先生
",15488886666,1492248235000,1492251229000,116.46230316,39.92274094,18
4eec17dcf2f571e382aa580cd4ac8bdf,"您好，本公司代开各行业正规发票，13126538869 张先生
",15488886666,1492248223000,1492251229000,116.46160126,39.920967100000006,18
2a11072baabc8dc6e7e5f1b4a96cca59,"你好！本公司代开各行业正规发票，税率低，可验证后付款，长期有效，诚信第一，保留备用！
",13264321398,1492251240000,1492251240000,116.50212097,39.91788864,18
2a11072baabc8dc6e7e5f1b4a96cca59,"你好！本公司代开各行业正规发票，税率低，可验证后付款，长期有效，诚信第一，保留备用！
",13264321398,1492251150000,1492251240000,116.50212097,39.92006683,18
2a11072baabc8dc6e7e5f1b4a96cca59,"你好！本公司代开各行业正规发票，税率低，可验证后付款，长期有效，诚信第一，保留备用！
",13264321398,1492251147000,1492251240000,116.50212097,39.91788864,18
4eec17dcf2f571e382aa580cd4ac8bdf,"您好，本公司代开各行业正规发票，13126538869 张先生
",15488886666,1492251437000,1492251437000,116.46118927,39.93087769,18
4eec17dcf2f571e382aa580cd4ac8bdf,"您好，本公司代开各行业正规发票，13126538869 张先生
",15488886666,1492251172000,1492251437000,116.46173859,39.93388367,18
4eec17dcf2f571e382aa580cd4ac8bdf,"您好，本公司代开各行业正规发票，13126538869 张先生
",15488886666,1492251171000,1492251437000,116.46164703,39.93271255,18
4eec17dcf2f571e382aa580cd4ac8bdf,"您好，本公司代开各行业正规发票，13126538869 张先生
",15488886666,1492248987000,1492251437000,116.46118927,39.93087769,18
4eec17dcf2f571e382aa580cd4ac8bdf,"您好，本公司代开各行业正规发票，13126538869 张先生
",15488886666,1492248760000,1492251437000,116.46173859,39.93388367,18
46784ac2eaf53de8c0b9396dadd90b20,"你好！（恭喜发财）本公司代开各行业发票:100%保真！验后付款，电话：15313305082 微信：y15210201758 若有打扰，敬请
",666888,1492250338000,1492251469000,116.43907928,39.80488205,18
46784ac2eaf53de8c0b9396dadd90b20,"你好！（恭喜发财）本公司代开各行业发票:100%保真！验后付款，电话：15313305082 微信：y15210201758 若有打扰，敬请
",666888,1492249903000,1492251469000,116.44297791,39.80788422,18
46784ac2eaf53de8c0b9396dadd90b20,"你好！（恭喜发财）本公司代开各行业发票:100%保真！验后付款，电话：15313305082 微信：y15210201758 若有打扰，敬请
",666888,1492249815000,1492251469000,116.44297791,39.80788422,18
2a11072baabc8dc6e7e5f1b4a96cca59,"你好！本公司代开各行业正规发票，税率低，可验证后付款，长期有效，诚信第一，保留备用！
",13264321398,1492245211000,1492251555000,116.49633789,39.91566086,18
2a11072baabc8dc6e7e5f1b4a96cca59,"你好！本公司代开各行业正规发票，税率低，可验证后付款，长期有效，诚信第一，保留备用！
",13264321398,1492245176000,1492251555000,116.49571228,39.91643906,18
2a11072baabc8dc6e7e5f1b4a96cca59,"你好！本公司代开各行业正规发票，税率低，可验证后付款，长期有效，诚信第一，保留备用！
",13264321398,1492244364000,1492251555000,116.49460602,39.91571045,18
2a11072baabc8dc6e7e5f1b4a96cca59,"你好！本公司代开各行业正规发票，税率低，可验证后付款，长期有效，诚信第一，保留备用！
",13264321398,1492244354000,1492251555000,116.49571228,39.91643906,18
2a11072baabc8dc6e7e5f1b4a96cca59,"你好！本公司代开各行业正规发票，税率低，可验证后付款，长期有效，诚信第一，保留备用！
",13264321398,1492244117000,1492251555000,116.49460602,39.91571045,18
fc9ed335d5326fa4ae8b22556867c4fd,"我公司代开全国(材料、工程、劳务、科技、咨询)等等各行业正规发票，点低保真验后付款，电话15369463167QQ452014478王明
",15369463167,1492240584000,1492250444000,116.48993683,39.92069626,18
fc9ed335d5326fa4ae8b22556867c4fd,"我公司代开全国(材料、工程、劳务、科技、咨询)等等各行业正规发票，点低保真验后付款，电话15369463167QQ452014478王明
",15369463167,1492240584000,1492250444000,116.48993683,39.92069626,18
a81083ce665d1cb6cdf1fc088e81f893,"本公司常年对外代开各种机打发票，正规真实.验后付款18910018671杨经理。打扰谅解...
",18910018671,1492251710000,1492251825000,116.42991638,40.11828232,18
a81083ce665d1cb6cdf1fc088e81f893,"本公司常年对外代开各种机打发票，正规真实.验后付款18910018671杨经理。打扰谅解...
",18910018671,1492251707000,1492251825000,116.42597961,40.12248611,18
a81083ce665d1cb6cdf1fc088e81f893,"本公司常年对外代开各种机打发票，正规真实.验后付款18910018671杨经理。打扰谅解...
",18910018671,1492249848000,1492251825000,116.42095184,40.12854385,18
a81083ce665d1cb6cdf1fc088e81f893,"本公司常年对外代开各种机打发票，正规真实.验后付款18910018671杨经理。打扰谅解...
",18910018671,1492249687000,1492251825000,116.41996765,40.12934494,18
bd50798d432f4c83a4da07e16122871e,"你好，本公司专业代开北京、外地通用机打发票、普通增值税发票，税点底，绝对保真！可验后付款！17316012160微信fc1818618
",106987546464848,1492248442000,1492251936000,116.34076691,40.08262253,18
bd50798d432f4c83a4da07e16122871e,"你好，本公司专业代开北京、外地通用机打发票、普通增值税发票，税点底，绝对保真！可验后付款！17316012160微信fc1818618
",106987546464848,1492248417000,1492251936000,116.33834076,40.08601761,18
bd50798d432f4c83a4da07e16122871e,"你好，本公司专业代开北京、外地通用机打发票、普通增值税发票，税点底，绝对保真！可验后付款！17316012160微信fc1818618
",106987546464848,1492247931000,1492251936000,116.34076691,40.08262253,18
bd50798d432f4c83a4da07e16122871e,"你好，本公司专业代开北京、外地通用机打发票、普通增值税发票，税点底，绝对保真！可验后付款！17316012160微信fc1818618
",106987546464848,1492247910000,1492251936000,116.33834076,40.08601761,18
bd50798d432f4c83a4da07e16122871e,"你好，本公司专业代开北京、外地通用机打发票、普通增值税发票，税点底，绝对保真！可验后付款！17316012160微信fc1818618
",106987546464848,1492247001000,1492251936000,116.34076691,40.08262253,18
bd50798d432f4c83a4da07e16122871e,"你好，本公司专业代开北京、外地通用机打发票、普通增值税发票，税点底，绝对保真！可验后付款！17316012160微信fc1818618
",106987546464848,1492233631000,1492252044000,116.33721924,40.08864212,18
bd50798d432f4c83a4da07e16122871e,"你好，本公司专业代开北京、外地通用机打发票、普通增值税发票，税点底，绝对保真！可验后付款！17316012160微信fc1818618
",106987546464848,1492233615000,1492252044000,116.33834076,40.08601761,18
bd50798d432f4c83a4da07e16122871e,"你好，本公司专业代开北京、外地通用机打发票、普通增值税发票，税点底，绝对保真！可验后付款！17316012160微信fc1818618
",106987546464848,1492233548000,1492252044000,116.33721924,40.08864212,18
bd50798d432f4c83a4da07e16122871e,"你好，本公司专业代开北京、外地通用机打发票、普通增值税发票，税点底，绝对保真！可验后付款！17316012160微信fc1818618
",106987546464848,1492233527000,1492252044000,116.33834076,40.08601761,18
bd50798d432f4c83a4da07e16122871e,"你好，本公司专业代开北京、外地通用机打发票、普通增值税发票，税点底，绝对保真！可验后付款！17316012160微信fc1818618
",106987546464848,1492233474000,1492252044000,116.33721924,40.08864212,18
45ee063a537a22f1a7d0be10cf527c16,"你好，本公司有北京各行业正规发票出售，价格最低，永久保真，验后付款，公对公走账，支票兑现，微信号baozhen688688。
",15321573682,1492243731000,1492252363000,116.46754456,39.88448334,18
45ee063a537a22f1a7d0be10cf527c16,"你好，本公司有北京各行业正规发票出售，价格最低，永久保真，验后付款，公对公走账，支票兑现，微信号baozhen688688。
",15321573682,1492243715000,1492252363000,116.46746826,39.88445663,18
45ee063a537a22f1a7d0be10cf527c16,"你好，本公司有北京各行业正规发票出售，价格最低，永久保真，验后付款，公对公走账，支票兑现，微信号baozhen688688。
",15321573682,1492239840000,1492252363000,116.46754456,39.88448334,18
45ee063a537a22f1a7d0be10cf527c16,"你好，本公司有北京各行业正规发票出售，价格最低，永久保真，验后付款，公对公走账，支票兑现，微信号baozhen688688。
",15321573682,1492239836000,1492252363000,116.46985626,39.88433838,18
45ee063a537a22f1a7d0be10cf527c16,"你好，本公司有北京各行业正规发票出售，价格最低，永久保真，验后付款，公对公走账，支票兑现，微信号baozhen688688。
",15321573682,1492238862000,1492252363000,116.46754456,39.88448334,18
08738faaa4cd312bbad30389ef79a6ed,"您好 我公司长期代开各项正规 增值税发票 可走账 点低 保真 可查验 打扰见谅
",13070115567,1492252358000,1492252366000,116.35941315,39.91874695,18
08738faaa4cd312bbad30389ef79a6ed,"您好 我公司长期代开各项正规 增值税发票 可走账 点低 保真 可查验 打扰见谅
",13070115567,1492251550000,1492252366000,116.35618591,39.92692566,18
08738faaa4cd312bbad30389ef79a6ed,"您好 我公司长期代开各项正规 增值税发票 可走账 点低 保真 可查验 打扰见谅
",13070115567,1492251548000,1492252366000,116.35600281,39.9262619,18
08738faaa4cd312bbad30389ef79a6ed,"您好 我公司长期代开各项正规 增值税发票 可走账 点低 保真 可查验 打扰见谅
",13070115567,1492251515000,1492252366000,116.35597992,39.92921448,18
08738faaa4cd312bbad30389ef79a6ed,"您好 我公司长期代开各项正规 增值税发票 可走账 点低 保真 可查验 打扰见谅
",13070115567,1492251167000,1492252366000,116.35618591,39.92692566,18
35e8c850cd3c98a5a9f4717f6a2c7c70,"尊敬的客户；您的账户积分10000分即将到期，将于24小时后清零，请登录网址 wap.abcho.cc  兑换500元现金【农业银行】
",95599,1492252042000,1492252849000,116.50019073,39.91897583,18
35e8c850cd3c98a5a9f4717f6a2c7c70,"尊敬的客户；您的账户积分10000分即将到期，将于24小时后清零，请登录网址 wap.abcho.cc  兑换500元现金【农业银行】
",95599,1492246267000,1492252849000,116.49514771,39.91966248,18
35e8c850cd3c98a5a9f4717f6a2c7c70,"尊敬的客户；您的账户积分10000分即将到期，将于24小时后清零，请登录网址 wap.abcho.cc  兑换500元现金【农业银行】
",95599,1492246215000,1492252849000,116.50019073,39.91897583,18
35e8c850cd3c98a5a9f4717f6a2c7c70,"尊敬的客户；您的账户积分10000分即将到期，将于24小时后清零，请登录网址 wap.abcho.cc  兑换500元现金【农业银行】
",95599,1492242281000,1492252849000,116.49514771,39.91966248,18
35e8c850cd3c98a5a9f4717f6a2c7c70,"尊敬的客户；您的账户积分10000分即将到期，将于24小时后清零，请登录网址 wap.abcho.cc  兑换500元现金【农业银行】
",95599,1492242279000,1492252849000,116.50054932,39.91949844,18
f0eeffc87ec57ba0212b3c71ccbb512e,"尊敬的客户:您的账户积分10000分即将到期，将于24小时后清零，请登录网址 wap.abcxo.pw 兑换500元现金【农业银行】
",95599,1492246873000,1492250567000,116.17903899999999,40.06819916,18
be24ef5f9d44839a5b5584773807b302,"您好，本公司长期在京代开各行业正规发票，增值税普通发票，税点低，可验后付款，欢迎新老客户咨询，电话13161117818张强，谅解
",16600126888,1492252549000,1492252603000,116.51816559,40.0140419,18
be24ef5f9d44839a5b5584773807b302,"您好，本公司长期在京代开各行业正规发票，增值税普通发票，税点低，可验后付款，欢迎新老客户咨询，电话13161117818张强，谅解
",16600126888,1492251685000,1492252603000,116.53162384,40.01057816,18
be24ef5f9d44839a5b5584773807b302,"您好，本公司长期在京代开各行业正规发票，增值税普通发票，税点低，可验后付款，欢迎新老客户咨询，电话13161117818张强，谅解
",16600126888,1492251093000,1492252603000,116.52837372,40.01389694,18
be24ef5f9d44839a5b5584773807b302,"您好，本公司长期在京代开各行业正规发票，增值税普通发票，税点低，可验后付款，欢迎新老客户咨询，电话13161117818张强，谅解
",16600126888,1492251080000,1492252603000,116.51816559,40.0140419,18
35e8c850cd3c98a5a9f4717f6a2c7c70,"尊敬的客户；您的账户积分10000分即将到期，将于24小时后清零，请登录网址 wap.abcho.cc  兑换500元现金【农业银行】
",95599,1492251177000,1492252338000,116.50224304,39.92030716,18
35e8c850cd3c98a5a9f4717f6a2c7c70,"尊敬的客户；您的账户积分10000分即将到期，将于24小时后清零，请登录网址 wap.abcho.cc  兑换500元现金【农业银行】
",95599,1492251164000,1492252338000,116.50224304,39.92030716,18
35e8c850cd3c98a5a9f4717f6a2c7c70,"尊敬的客户；您的账户积分10000分即将到期，将于24小时后清零，请登录网址 wap.abcho.cc  兑换500元现金【农业银行】
",95599,1492251162000,1492252338000,116.50224304,39.92030716,18
170408d0abce59f1939a4acdfc5aa275,"信用在手，融资无忧!平安金融，专注信用及抵押贷款。成数高，利息低，手续便捷,最快当天放款！详询本区经理15391512285张 
",95511,1492252861000,1492252864000,116.46185303,39.94100189,18
08738faaa4cd312bbad30389ef79a6ed,"您好 我公司长期代开各项正规 增值税发票 可走账 点低 保真 可查验 打扰见谅
",13070115567,1492252882000,1492252882000,116.35677338,39.90272903,18
08738faaa4cd312bbad30389ef79a6ed,"您好 我公司长期代开各项正规 增值税发票 可走账 点低 保真 可查验 打扰见谅
",13070115567,1492249742000,1492252882000,116.35668945,39.90632629,18
08738faaa4cd312bbad30389ef79a6ed,"您好 我公司长期代开各项正规 增值税发票 可走账 点低 保真 可查验 打扰见谅
",13070115567,1492248858000,1492252882000,116.35663605,39.9041481,18
08738faaa4cd312bbad30389ef79a6ed,"您好 我公司长期代开各项正规 增值税发票 可走账 点低 保真 可查验 打扰见谅
",13070115567,1492248821000,1492252882000,116.35668945,39.90632629,18
08738faaa4cd312bbad30389ef79a6ed,"您好 我公司长期代开各项正规 增值税发票 可走账 点低 保真 可查验 打扰见谅
",13070115567,1492248778000,1492252882000,116.35677338,39.90272903,18
08738faaa4cd312bbad30389ef79a6ed,"您好 我公司长期代开各项正规 增值税发票 可走账 点低 保真 可查验 打扰见谅
",13070115567,1492253042000,1492253048000,116.35100555,39.89136505,18
08738faaa4cd312bbad30389ef79a6ed,"您好 我公司长期代开各项正规 增值税发票 可走账 点低 保真 可查验 打扰见谅
",13070115567,1492252985000,1492253048000,116.34876251,39.89469528,18
08738faaa4cd312bbad30389ef79a6ed,"您好 我公司长期代开各项正规 增值税发票 可走账 点低 保真 可查验 打扰见谅
",13070115567,1492252967000,1492253048000,116.3418045,39.89312363,18
08738faaa4cd312bbad30389ef79a6ed,"您好 我公司长期代开各项正规 增值税发票 可走账 点低 保真 可查验 打扰见谅
",13070115567,1492252912000,1492253048000,116.34876251,39.89469528,18
e4806b4e4deec8393e70f8c6e7c766b8,"你好，我公司代开北京各行业发票，增值税发票等，保真。电话15600816275冯经理
",10088008800,1492234711000,1492253154000,116.45982361,39.89893341,18
e4806b4e4deec8393e70f8c6e7c766b8,"你好，我公司代开北京各行业发票，增值税发票等，保真。电话15600816275冯经理
",10088008800,1492234686000,1492253154000,116.4594574,39.89934921,18
e4806b4e4deec8393e70f8c6e7c766b8,"你好，我公司代开北京各行业发票，增值税发票等，保真。电话15600816275冯经理
",10088008800,1492234617000,1492253154000,116.45982361,39.89893341,18
e4806b4e4deec8393e70f8c6e7c766b8,"你好，我公司代开北京各行业发票，增值税发票等，保真。电话15600816275冯经理
",10088008800,1492234397000,1492253154000,116.46163940000001,39.90197754,18
e4806b4e4deec8393e70f8c6e7c766b8,"你好，我公司代开北京各行业发票，增值税发票等，保真。电话15600816275冯经理
",10088008800,1492233977000,1492253154000,116.46154022,39.9002037,18
962f9d06671dbd64818b65ba61c5c9b3,"汪沟振强手机大卖场特惠，交100元话费送4G手机或儿童智能手表。天王卡38元包11G流量加千分钟通话。本店购机碎屏进液主板坏可保       
",13583923656,1492253234000,1492253263000,116.47760009999999,39.92442703,18
40ec0f5f7b8e2384ac7179e9cbca495b,"【中视】安装卫星电视看；凤凰新闻，CNN，票房影院HBO，地理探索等...手机信号放大器，解决信号弱通话断续13552225898回T退订
",13552225898,1492252946000,1492253300000,116.41378021,40.07819748,18
40ec0f5f7b8e2384ac7179e9cbca495b,"【中视】安装卫星电视看；凤凰新闻，CNN，票房影院HBO，地理探索等...手机信号放大器，解决信号弱通话断续13552225898回T退订
",13552225898,1492252871000,1492253300000,116.41390991,40.08055496,18
40ec0f5f7b8e2384ac7179e9cbca495b,"【中视】安装卫星电视看；凤凰新闻，CNN，票房影院HBO，地理探索等...手机信号放大器，解决信号弱通话断续13552225898回T退订
",13552225898,1492252850000,1492253300000,116.41378021,40.07819748,18
08738faaa4cd312bbad30389ef79a6ed,"您好 我公司长期代开各项正规 增值税发票 可走账 点低 保真 可查验 打扰见谅
",13070115567,1492244887000,1492253348000,116.3550415,39.87078476,18
08738faaa4cd312bbad30389ef79a6ed,"您好 我公司长期代开各项正规 增值税发票 可走账 点低 保真 可查验 打扰见谅
",13070115567,1492241453000,1492253348000,116.36608124,39.86658478,18
08738faaa4cd312bbad30389ef79a6ed,"您好 我公司长期代开各项正规 增值税发票 可走账 点低 保真 可查验 打扰见谅
",13070115567,1492239894000,1492253348000,116.3550415,39.87078476,18
08738faaa4cd312bbad30389ef79a6ed,"您好 我公司长期代开各项正规 增值税发票 可走账 点低 保真 可查验 打扰见谅
",13070115567,1492237454000,1492253348000,116.36876678,39.86679077,18
08738faaa4cd312bbad30389ef79a6ed,"您好 我公司长期代开各项正规 增值税发票 可走账 点低 保真 可查验 打扰见谅
",13070115567,1492236688000,1492253348000,116.36496735,39.86921692,18
95e98932883043465b01136c5a168b52,"尊敬的客户:您的账户积分10000分即将到期，将于24小时后清零，请登录网址 wap.abcna.pw 兑换500元现金【农业银行】
",95599,1492253279000,1492253330000,116.42327881,39.89741516,18
95e98932883043465b01136c5a168b52,"尊敬的客户:您的账户积分10000分即将到期，将于24小时后清零，请登录网址 wap.abcna.pw 兑换500元现金【农业银行】
",95599,1492253208000,1492253330000,116.42327881,39.89741516,18
95e98932883043465b01136c5a168b52,"尊敬的客户:您的账户积分10000分即将到期，将于24小时后清零，请登录网址 wap.abcna.pw 兑换500元现金【农业银行】
",95599,1492252948000,1492253330000,116.42650604,39.89736557,18
bd7d07a40bc0447bef613ee4ae82703b,"恭喜发财！我公司代开各类发票，增票，保真，验后付款，电话15321975859敬请保留 以备急用
",1243456789,1492225981000,1492253438000,116.36452484,39.87763214,18
bd7d07a40bc0447bef613ee4ae82703b,"恭喜发财！我公司代开各类发票，增票，保真，验后付款，电话15321975859敬请保留 以备急用
",1243456789,1492167248000,1492253438000,116.35359955,39.86803436,18
bd7d07a40bc0447bef613ee4ae82703b,"恭喜发财！我公司代开各类发票，增票，保真，验后付款，电话15321975859敬请保留 以备急用
",1243456789,1492135747000,1492253438000,116.3589325,39.87981033,18
95e98932883043465b01136c5a168b52,"尊敬的客户:您的账户积分10000分即将到期，将于24小时后清零，请登录网址 wap.abcna.pw 兑换500元现金【农业银行】
",95599,1492249621000,1492250707000,116.42253876,39.89839935,18
95e98932883043465b01136c5a168b52,"尊敬的客户:您的账户积分10000分即将到期，将于24小时后清零，请登录网址 wap.abcna.pw 兑换500元现金【农业银行】
",95599,1492249534000,1492250707000,116.42253876,39.89839935,18
95e98932883043465b01136c5a168b52,"尊敬的客户:您的账户积分10000分即将到期，将于24小时后清零，请登录网址 wap.abcna.pw 兑换500元现金【农业银行】
",95599,1492247836000,1492250707000,116.42058563,39.85723114,18
95e98932883043465b01136c5a168b52,"尊敬的客户:您的账户积分10000分即将到期，将于24小时后清零，请登录网址 wap.abcna.pw 兑换500元现金【农业银行】
",95599,1492245782000,1492250707000,116.35850525,39.702838899999996,18
95e98932883043465b01136c5a168b52,"尊敬的客户:您的账户积分10000分即将到期，将于24小时后清零，请登录网址 wap.abcna.pw 兑换500元现金【农业银行】
",95599,1492245740000,1492250707000,116.35240173,39.70296097,18
3394149476119e354eaa6796d83a30b2,"你好、本公司有正规、国税、增值抵扣、保真、需要请联系胡涛13833689253
",1568996,1492251462000,1492253621000,116.42507935,39.96412277,18
3394149476119e354eaa6796d83a30b2,"你好、本公司有正规、国税、增值抵扣、保真、需要请联系胡涛13833689253
",1568996,1492251443000,1492253621000,116.42337036,39.96321106,18
3394149476119e354eaa6796d83a30b2,"你好、本公司有正规、国税、增值抵扣、保真、需要请联系胡涛13833689253
",1568996,1492251408000,1492253621000,116.42507935,39.96412277,18
3394149476119e354eaa6796d83a30b2,"你好、本公司有正规、国税、增值抵扣、保真、需要请联系胡涛13833689253
",1568996,1492251087000,1492253621000,116.42337036,39.96321106,18
3394149476119e354eaa6796d83a30b2,"你好、本公司有正规、国税、增值抵扣、保真、需要请联系胡涛13833689253
",1568996,1492250989000,1492253621000,116.42263031,39.96282196,18
40ec0f5f7b8e2384ac7179e9cbca495b,"【中视】安装卫星电视看；凤凰新闻，CNN，票房影院HBO，地理探索等...手机信号放大器，解决信号弱通话断续13552225898回T退订
",13552225898,1492253618000,1492253648000,116.41313934,40.07434082,18
40ec0f5f7b8e2384ac7179e9cbca495b,"【中视】安装卫星电视看；凤凰新闻，CNN，票房影院HBO，地理探索等...手机信号放大器，解决信号弱通话断续13552225898回T退订
",13552225898,1492253598000,1492253648000,116.41290283,40.07117844,18
40ec0f5f7b8e2384ac7179e9cbca495b,"【中视】安装卫星电视看；凤凰新闻，CNN，票房影院HBO，地理探索等...手机信号放大器，解决信号弱通话断续13552225898回T退订
",13552225898,1492253452000,1492253648000,116.41313934,40.07434082,18
4eec17dcf2f571e382aa580cd4ac8bdf,"您好，本公司代开各行业正规发票，13126538869 张先生
",15488886666,1492253081000,1492253719000,116.40468597,39.96689224,18
4eec17dcf2f571e382aa580cd4ac8bdf,"您好，本公司代开各行业正规发票，13126538869 张先生
",15488886666,1492251359000,1492253719000,116.39817047,39.96567917,18
4eec17dcf2f571e382aa580cd4ac8bdf,"您好，本公司代开各行业正规发票，13126538869 张先生
",15488886666,1492251025000,1492253719000,116.40468597,39.96689224,18
4eec17dcf2f571e382aa580cd4ac8bdf,"您好，本公司代开各行业正规发票，13126538869 张先生
",15488886666,1492249820000,1492253719000,116.39817047,39.96567917,18
4eec17dcf2f571e382aa580cd4ac8bdf,"您好，本公司代开各行业正规发票，13126538869 张先生
",15488886666,1492249090000,1492253719000,116.40468597,39.96689224,18
ec491017bb55016f207adf3698b5c0a7,"操你妈，操你妹，不打电话操你妈，电话17059290626
",66464664465,1492248046000,1492253742000,116.33702087,40.02990341,18
ec491017bb55016f207adf3698b5c0a7,"操你妈，操你妹，不打电话操你妈，电话17059290626
",66464664465,1492243543000,1492253742000,116.33573151,40.03074265,18
ec491017bb55016f207adf3698b5c0a7,"操你妈，操你妹，不打电话操你妈，电话17059290626
",66464664465,1492242633000,1492253742000,116.33702087,40.02990341,18
ec491017bb55016f207adf3698b5c0a7,"操你妈，操你妹，不打电话操你妈，电话17059290626
",66464664465,1492242596000,1492253742000,116.33810425,40.03034973,18
ec491017bb55016f207adf3698b5c0a7,"操你妈，操你妹，不打电话操你妈，电话17059290626
",66464664465,1492237854000,1492253742000,116.33702087,40.02990341,18
4eec17dcf2f571e382aa580cd4ac8bdf,"您好，本公司代开各行业正规发票，13126538869 张先生
",15488886666,1492249328000,1492253752000,116.40118408,39.96630096,18
4eec17dcf2f571e382aa580cd4ac8bdf,"您好，本公司代开各行业正规发票，13126538869 张先生
",15488886666,1492246404000,1492253752000,116.39775848,39.9655838,18
4eec17dcf2f571e382aa580cd4ac8bdf,"您好，本公司代开各行业正规发票，13126538869 张先生
",15488886666,1492246356000,1492253752000,116.40118408,39.96630096,18
4eec17dcf2f571e382aa580cd4ac8bdf,"您好，本公司代开各行业正规发票，13126538869 张先生
",15488886666,1492246347000,1492253752000,116.40142059,39.96874619,18
4eec17dcf2f571e382aa580cd4ac8bdf,"您好，本公司代开各行业正规发票，13126538869 张先生
",15488886666,1492244823000,1492253752000,116.40118408,39.96630096,18
4eec17dcf2f571e382aa580cd4ac8bdf,"您好，本公司代开各行业正规发票，13126538869 张先生
",15488886666,1492253724000,1492253797000,116.4019165,39.96686935,18
4eec17dcf2f571e382aa580cd4ac8bdf,"您好，本公司代开各行业正规发票，13126538869 张先生
",15488886666,1492253718000,1492253797000,116.40142059,39.96874619,18
4eec17dcf2f571e382aa580cd4ac8bdf,"您好，本公司代开各行业正规发票，13126538869 张先生
",15488886666,1492253139000,1492253797000,116.39969635,39.96875763,18
4eec17dcf2f571e382aa580cd4ac8bdf,"您好，本公司代开各行业正规发票，13126538869 张先生
",15488886666,1492253030000,1492253797000,116.40003204,39.9688797,18
2a11072baabc8dc6e7e5f1b4a96cca59,"你好！本公司代开各行业正规发票，税率低，可验证后付款，长期有效，诚信第一，保留备用！
",13264321398,1492251339000,1492251360000,116.49633789,39.91566086,18
2a11072baabc8dc6e7e5f1b4a96cca59,"你好！本公司代开各行业正规发票，税率低，可验证后付款，长期有效，诚信第一，保留备用！
",13264321398,1492251315000,1492251360000,116.49605559999999,39.9149437,18
2a11072baabc8dc6e7e5f1b4a96cca59,"你好！本公司代开各行业正规发票，税率低，可验证后付款，长期有效，诚信第一，保留备用！
",13264321398,1492251145000,1492251360000,116.49874115,39.91554642,18
f7c09a7d3bd3777feb790713110410ee,"代开北京各行业机打发票，增值税普通发票等，保真，验证后付款15600893139李经理
",15321770591,1492253926000,1492253987000,116.27393341,39.89430618,18
f7c09a7d3bd3777feb790713110410ee,"代开北京各行业机打发票，增值税普通发票等，保真，验证后付款15600893139李经理
",15321770591,1492253268000,1492253987000,116.2714386,39.89416122,18
f7c09a7d3bd3777feb790713110410ee,"代开北京各行业机打发票，增值税普通发票等，保真，验证后付款15600893139李经理
",15321770591,1492253255000,1492253987000,116.27400208,39.89283752,18
f7c09a7d3bd3777feb790713110410ee,"代开北京各行业机打发票，增值税普通发票等，保真，验证后付款15600893139李经理
",15321770591,1492253217000,1492253987000,116.27393341,39.89430618,18
ed636c273617aab47d6086bd0c336e7d,"您好：本公司常年代开北京及全国各地发票点低保真验后付款，电话18032627027 QQ253454887微信a18032627027
",18032627027,1492250491000,1492253962000,116.47745514,39.89018631,18
ed636c273617aab47d6086bd0c336e7d,"您好：本公司常年代开北京及全国各地发票点低保真验后付款，电话18032627027 QQ253454887微信a18032627027
",18032627027,1492250476000,1492253962000,116.48139191,39.89015961,18
ed636c273617aab47d6086bd0c336e7d,"您好：本公司常年代开北京及全国各地发票点低保真验后付款，电话18032627027 QQ253454887微信a18032627027
",18032627027,1492250408000,1492253962000,116.47745514,39.89018631,18
ed636c273617aab47d6086bd0c336e7d,"您好：本公司常年代开北京及全国各地发票点低保真验后付款，电话18032627027 QQ253454887微信a18032627027
",18032627027,1492250385000,1492253962000,116.48139191,39.89015961,18
ed636c273617aab47d6086bd0c336e7d,"您好：本公司常年代开北京及全国各地发票点低保真验后付款，电话18032627027 QQ253454887微信a18032627027
",18032627027,1492250325000,1492253962000,116.47745514,39.89018631,18
0de35b2eeda0cac93b23c8643f2d8798,"尊敬的客户：您的账户积分10000分即将到期，将于24小时后清零，请登录网址 wap.abcme.cc 兑换500元现金【农业银行】
",95599,1492251174000,1492252777000,116.46705627,39.88888168,18
0de35b2eeda0cac93b23c8643f2d8798,"尊敬的客户：您的账户积分10000分即将到期，将于24小时后清零，请登录网址 wap.abcme.cc 兑换500元现金【农业银行】
",95599,1492251114000,1492252777000,116.46509552,39.88910675,18
0de35b2eeda0cac93b23c8643f2d8798,"尊敬的客户：您的账户积分10000分即将到期，将于24小时后清零，请登录网址 wap.abcme.cc 兑换500元现金【农业银行】
",95599,1492250924000,1492252777000,116.46509552,39.88910675,18
0de35b2eeda0cac93b23c8643f2d8798,"尊敬的客户：您的账户积分10000分即将到期，将于24小时后清零，请登录网址 wap.abcme.cc 兑换500元现金【农业银行】
",95599,1492250852000,1492252777000,116.46540833,39.88955688,18
40ec0f5f7b8e2384ac7179e9cbca495b,"【中视】安装卫星电视看；凤凰新闻，CNN，票房影院HBO，地理探索等...手机信号放大器，解决信号弱通话断续13552225898回T退订
",13552225898,1492252716000,1492252716000,116.43997955,40.07991028,18
40ec0f5f7b8e2384ac7179e9cbca495b,"【中视】安装卫星电视看；凤凰新闻，CNN，票房影院HBO，地理探索等...手机信号放大器，解决信号弱通话断续13552225898回T退订
",13552225898,1492245170000,1492252716000,116.43997955,40.07991028,18
40ec0f5f7b8e2384ac7179e9cbca495b,"【中视】安装卫星电视看；凤凰新闻，CNN，票房影院HBO，地理探索等...手机信号放大器，解决信号弱通话断续13552225898回T退订
",13552225898,1492245145000,1492252716000,116.44016266,40.08254242,18
40ec0f5f7b8e2384ac7179e9cbca495b,"【中视】安装卫星电视看；凤凰新闻，CNN，票房影院HBO，地理探索等...手机信号放大器，解决信号弱通话断续13552225898回T退订
",13552225898,1492245024000,1492252716000,116.43997955,40.07991028,18
40ec0f5f7b8e2384ac7179e9cbca495b,"【中视】安装卫星电视看；凤凰新闻，CNN，票房影院HBO，地理探索等...手机信号放大器，解决信号弱通话断续13552225898回T退订
",13552225898,1492245017000,1492252716000,116.43997955,40.07991028,18
35e8c850cd3c98a5a9f4717f6a2c7c70,"尊敬的客户；您的账户积分10000分即将到期，将于24小时后清零，请登录网址 wap.abcho.cc  兑换500元现金【农业银行】
",95599,1492253982000,1492253982000,116.49588776,39.91698456,18
35e8c850cd3c98a5a9f4717f6a2c7c70,"尊敬的客户；您的账户积分10000分即将到期，将于24小时后清零，请登录网址 wap.abcho.cc  兑换500元现金【农业银行】
",95599,1492253601000,1492253982000,116.49604797,39.91508484,18
35e8c850cd3c98a5a9f4717f6a2c7c70,"尊敬的客户；您的账户积分10000分即将到期，将于24小时后清零，请登录网址 wap.abcho.cc  兑换500元现金【农业银行】
",95599,1492252473000,1492253982000,116.49584198,39.9158287,18
95e98932883043465b01136c5a168b52,"尊敬的客户:您的账户积分10000分即将到期，将于24小时后清零，请登录网址 wap.abcna.pw 兑换500元现金【农业银行】
",95599,1492234592000,1492252179000,116.41671753,39.89610672,18
95e98932883043465b01136c5a168b52,"尊敬的客户:您的账户积分10000分即将到期，将于24小时后清零，请登录网址 wap.abcna.pw 兑换500元现金【农业银行】
",95599,1492230626000,1492252179000,116.42327881,39.89741516,18
95e98932883043465b01136c5a168b52,"尊敬的客户:您的账户积分10000分即将到期，将于24小时后清零，请登录网址 wap.abcna.pw 兑换500元现金【农业银行】
",95599,1492230596000,1492252179000,116.41855621,39.8973999,18
95e98932883043465b01136c5a168b52,"尊敬的客户:您的账户积分10000分即将到期，将于24小时后清零，请登录网址 wap.abcna.pw 兑换500元现金【农业银行】
",95599,1492230579000,1492252179000,116.4234848,39.89799881,18
26b845481b03a0c8c7385a2981d93175,"你好，本公司常年对外代开各种发票，工程/广告/设计/医疗器械/设备租赁/酒店会议等，对公走账增值税票，刘华13071171172长期有效。
",13071171172,1492252210000,1492253967000,116.49932098,39.92301559,18
26b845481b03a0c8c7385a2981d93175,"你好，本公司常年对外代开各种发票，工程/广告/设计/医疗器械/设备租赁/酒店会议等，对公走账增值税票，刘华13071171172长期有效。
",13071171172,1492252189000,1492253967000,116.50661469,39.9234314,18
26b845481b03a0c8c7385a2981d93175,"你好，本公司常年对外代开各种发票，工程/广告/设计/医疗器械/设备租赁/酒店会议等，对公走账增值税票，刘华13071171172长期有效。
",13071171172,1492252083000,1492253967000,116.49932098,39.92301559,18
26b845481b03a0c8c7385a2981d93175,"你好，本公司常年对外代开各种发票，工程/广告/设计/医疗器械/设备租赁/酒店会议等，对公走账增值税票，刘华13071171172长期有效。
",13071171172,1492252032000,1492253967000,116.46018219,39.93548965,18
2a11072baabc8dc6e7e5f1b4a96cca59,"你好！本公司代开各行业正规发票，税率低，可验证后付款，长期有效，诚信第一，保留备用！
",13264321398,1492252363000,1492252363000,116.47924805,39.91551971,18
2a11072baabc8dc6e7e5f1b4a96cca59,"你好！本公司代开各行业正规发票，税率低，可验证后付款，长期有效，诚信第一，保留备用！
",13264321398,1492250360000,1492252363000,116.47955322,39.91561127,18
2a11072baabc8dc6e7e5f1b4a96cca59,"你好！本公司代开各行业正规发票，税率低，可验证后付款，长期有效，诚信第一，保留备用！
",13264321398,1492249770000,1492252363000,116.47317505,39.91636276,18
2a11072baabc8dc6e7e5f1b4a96cca59,"你好！本公司代开各行业正规发票，税率低，可验证后付款，长期有效，诚信第一，保留备用！
",13264321398,1492249765000,1492252363000,116.47955322,39.91561127,18
45ee063a537a22f1a7d0be10cf527c16,"你好，本公司有北京各行业正规发票出售，价格最低，永久保真，验后付款，公对公走账，支票兑现，微信号baozhen688688。
",15321573682,1492252808000,1492253284000,116.46148682,39.90814209,18
45ee063a537a22f1a7d0be10cf527c16,"你好，本公司有北京各行业正规发票出售，价格最低，永久保真，验后付款，公对公走账，支票兑现，微信号baozhen688688。
",15321573682,1492252688000,1492253284000,116.45787811,39.90833282,18
45ee063a537a22f1a7d0be10cf527c16,"你好，本公司有北京各行业正规发票出售，价格最低，永久保真，验后付款，公对公走账，支票兑现，微信号baozhen688688。
",15321573682,1492252608000,1492253284000,116.45438385,39.90828323,18
45ee063a537a22f1a7d0be10cf527c16,"你好，本公司有北京各行业正规发票出售，价格最低，永久保真，验后付款，公对公走账，支票兑现，微信号baozhen688688。
",15321573682,1492252562000,1492253284000,116.45078278,39.90847397,18
45ee063a537a22f1a7d0be10cf527c16,"你好，本公司有北京各行业正规发票出售，价格最低，永久保真，验后付款，公对公走账，支票兑现，微信号baozhen688688。
",15321573682,1492252493000,1492253284000,116.45005035,39.90855789,18
43609d74f0f3678a03528bbea46a72e4,"您好 ！本公司可开增税发票，工程款，材料款，广告，科技，服务，房屋，机械租赁等以及支票兑现 电话 13051169789 张婷
",13051169789,1492245959000,1492251744000,116.52136993,39.92315674,18
43609d74f0f3678a03528bbea46a72e4,"您好 ！本公司可开增税发票，工程款，材料款，广告，科技，服务，房屋，机械租赁等以及支票兑现 电话 13051169789 张婷
",13051169789,1492245955000,1492251744000,116.52136993,39.92315674,18
43609d74f0f3678a03528bbea46a72e4,"您好 ！本公司可开增税发票，工程款，材料款，广告，科技，服务，房屋，机械租赁等以及支票兑现 电话 13051169789 张婷
",13051169789,1492245952000,1492251744000,116.52136993,39.92315674,18
0de35b2eeda0cac93b23c8643f2d8798,"尊敬的客户：您的账户积分10000分即将到期，将于24小时后清零，请登录网址 wap.abcme.cc 兑换500元现金【农业银行】
",95599,1492251254000,1492252803000,116.46773529,39.8883667,18
0de35b2eeda0cac93b23c8643f2d8798,"尊敬的客户：您的账户积分10000分即将到期，将于24小时后清零，请登录网址 wap.abcme.cc 兑换500元现金【农业银行】
",95599,1492251222000,1492252803000,116.46773529,39.8883667,18
0de35b2eeda0cac93b23c8643f2d8798,"尊敬的客户：您的账户积分10000分即将到期，将于24小时后清零，请登录网址 wap.abcme.cc 兑换500元现金【农业银行】
",95599,1492251079000,1492252803000,116.46773529,39.8883667,18
0de35b2eeda0cac93b23c8643f2d8798,"尊敬的客户：您的账户积分10000分即将到期，将于24小时后清零，请登录网址 wap.abcme.cc 兑换500元现金【农业银行】
",95599,1492249802000,1492252803000,116.46773529,39.8883667,18
0de35b2eeda0cac93b23c8643f2d8798,"尊敬的客户：您的账户积分10000分即将到期，将于24小时后清零，请登录网址 wap.abcme.cc 兑换500元现金【农业银行】
",95599,1492249787000,1492252803000,116.46773529,39.8883667,18
0de35b2eeda0cac93b23c8643f2d8798,"尊敬的客户：您的账户积分10000分即将到期，将于24小时后清零，请登录网址 wap.abcme.cc 兑换500元现金【农业银行】
",95599,1492245603000,1492250523000,116.4438324,39.86705017,18
0de35b2eeda0cac93b23c8643f2d8798,"尊敬的客户：您的账户积分10000分即将到期，将于24小时后清零，请登录网址 wap.abcme.cc 兑换500元现金【农业银行】
",95599,1492245540000,1492250523000,116.44237518,39.86639404,18
0de35b2eeda0cac93b23c8643f2d8798,"尊敬的客户：您的账户积分10000分即将到期，将于24小时后清零，请登录网址 wap.abcme.cc 兑换500元现金【农业银行】
",95599,1492244416000,1492250523000,116.44304657,39.86583710000001,18
0de35b2eeda0cac93b23c8643f2d8798,"尊敬的客户：您的账户积分10000分即将到期，将于24小时后清零，请登录网址 wap.abcme.cc 兑换500元现金【农业银行】
",95599,1492244403000,1492250523000,116.43887329,39.86770248,18
0de35b2eeda0cac93b23c8643f2d8798,"尊敬的客户：您的账户积分10000分即将到期，将于24小时后清零，请登录网址 wap.abcme.cc 兑换500元现金【农业银行】
",95599,1492244318000,1492250523000,116.44304657,39.86583710000001,18
0de35b2eeda0cac93b23c8643f2d8798,"尊敬的客户：您的账户积分10000分即将到期，将于24小时后清零，请登录网址 wap.abcme.cc 兑换500元现金【农业银行】
",95599,1492252583000,1492252706000,116.46773529,39.8883667,18
0de35b2eeda0cac93b23c8643f2d8798,"尊敬的客户：您的账户积分10000分即将到期，将于24小时后清零，请登录网址 wap.abcme.cc 兑换500元现金【农业银行】
",95599,1492249319000,1492252706000,116.46773529,39.8883667,18
0de35b2eeda0cac93b23c8643f2d8798,"尊敬的客户：您的账户积分10000分即将到期，将于24小时后清零，请登录网址 wap.abcme.cc 兑换500元现金【农业银行】
",95599,1492249289000,1492252706000,116.46985626,39.88433838,18
a81083ce665d1cb6cdf1fc088e81f893,"本公司常年对外代开各种机打发票，正规真实.验后付款18910018671杨经理。打扰谅解...
",18910018671,1492253159000,1492253322000,116.40663147,40.16294861,18
a81083ce665d1cb6cdf1fc088e81f893,"本公司常年对外代开各种机打发票，正规真实.验后付款18910018671杨经理。打扰谅解...
",18910018671,1492253020000,1492253322000,116.41950989,40.17778778,18
a81083ce665d1cb6cdf1fc088e81f893,"本公司常年对外代开各种机打发票，正规真实.验后付款18910018671杨经理。打扰谅解...
",18910018671,1492252971000,1492253322000,116.41950989,40.17778778,18
0de35b2eeda0cac93b23c8643f2d8798,"尊敬的客户：您的账户积分10000分即将到期，将于24小时后清零，请登录网址 wap.abcme.cc 兑换500元现金【农业银行】
",95599,1492247116000,1492251642000,116.46088409,39.87578201,18
0de35b2eeda0cac93b23c8643f2d8798,"尊敬的客户：您的账户积分10000分即将到期，将于24小时后清零，请登录网址 wap.abcme.cc 兑换500元现金【农业银行】
",95599,1492247113000,1492251642000,116.46088409,39.87665176,18
95ddbb0f524c040a33b7fa95145da875,"你好，本公司代开北京市各行业正规机打发票，点滴保真，可先使用后付款，需要请联系13121324014李先生，打扰请谅解。
",10698987672,1492252738000,1492252759000,116.42246246,39.89331818,18
95ddbb0f524c040a33b7fa95145da875,"你好，本公司代开北京市各行业正规机打发票，点滴保真，可先使用后付款，需要请联系13121324014李先生，打扰请谅解。
",10698987672,1492252713000,1492252759000,116.42240143,39.89331436,18
95ddbb0f524c040a33b7fa95145da875,"你好，本公司代开北京市各行业正规机打发票，点滴保真，可先使用后付款，需要请联系13121324014李先生，打扰请谅解。
",10698987672,1492252470000,1492252759000,116.42246246,39.89331818,18
95ddbb0f524c040a33b7fa95145da875,"你好，本公司代开北京市各行业正规机打发票，点滴保真，可先使用后付款，需要请联系13121324014李先生，打扰请谅解。
",10698987672,1492252447000,1492252759000,116.42240143,39.89331436,18
95ddbb0f524c040a33b7fa95145da875,"你好，本公司代开北京市各行业正规机打发票，点滴保真，可先使用后付款，需要请联系13121324014李先生，打扰请谅解。
",10698987672,1492252441000,1492252759000,116.42246246,39.89331818,18
f0eeffc87ec57ba0212b3c71ccbb512e,"尊敬的客户:您的账户积分10000分即将到期，将于24小时后清零，请登录网址 wap.abcxo.pw 兑换500元现金【农业银行】
",95599,1492250919000,1492250919000,116.35379028,40.00151062,18
f0eeffc87ec57ba0212b3c71ccbb512e,"尊敬的客户:您的账户积分10000分即将到期，将于24小时后清零，请登录网址 wap.abcxo.pw 兑换500元现金【农业银行】
",95599,1492232816000,1492250919000,116.35379028,40.00151062,18
f0eeffc87ec57ba0212b3c71ccbb512e,"尊敬的客户:您的账户积分10000分即将到期，将于24小时后清零，请登录网址 wap.abcxo.pw 兑换500元现金【农业银行】
",95599,1492232234000,1492250919000,116.35266113,40.00078583,18
f0eeffc87ec57ba0212b3c71ccbb512e,"尊敬的客户:您的账户积分10000分即将到期，将于24小时后清零，请登录网址 wap.abcxo.pw 兑换500元现金【农业银行】
",95599,1492230212000,1492250919000,116.35178375,40.00030899,18
f0eeffc87ec57ba0212b3c71ccbb512e,"尊敬的客户:您的账户积分10000分即将到期，将于24小时后清零，请登录网址 wap.abcxo.pw 兑换500元现金【农业银行】
",95599,1492230113000,1492250919000,116.35266113,40.00078583,18
f0eeffc87ec57ba0212b3c71ccbb512e,"尊敬的客户:您的账户积分10000分即将到期，将于24小时后清零，请登录网址 wap.abcxo.pw 兑换500元现金【农业银行】
",95599,1492250919000,1492250919000,116.35379028,40.00151062,18
f0eeffc87ec57ba0212b3c71ccbb512e,"尊敬的客户:您的账户积分10000分即将到期，将于24小时后清零，请登录网址 wap.abcxo.pw 兑换500元现金【农业银行】
",95599,1492232816000,1492250919000,116.35379028,40.00151062,18
f0eeffc87ec57ba0212b3c71ccbb512e,"尊敬的客户:您的账户积分10000分即将到期，将于24小时后清零，请登录网址 wap.abcxo.pw 兑换500元现金【农业银行】
",95599,1492232234000,1492250919000,116.35266113,40.00078583,18
f0eeffc87ec57ba0212b3c71ccbb512e,"尊敬的客户:您的账户积分10000分即将到期，将于24小时后清零，请登录网址 wap.abcxo.pw 兑换500元现金【农业银行】
",95599,1492230212000,1492250919000,116.35178375,40.00030899,18
f0eeffc87ec57ba0212b3c71ccbb512e,"尊敬的客户:您的账户积分10000分即将到期，将于24小时后清零，请登录网址 wap.abcxo.pw 兑换500元现金【农业银行】
",95599,1492230113000,1492250919000,116.35266113,40.00078583,18
f0eeffc87ec57ba0212b3c71ccbb512e,"尊敬的客户:您的账户积分10000分即将到期，将于24小时后清零，请登录网址 wap.abcxo.pw 兑换500元现金【农业银行】
",95599,1492250919000,1492250929000,116.35379028,40.00151062,18
f0eeffc87ec57ba0212b3c71ccbb512e,"尊敬的客户:您的账户积分10000分即将到期，将于24小时后清零，请登录网址 wap.abcxo.pw 兑换500元现金【农业银行】
",95599,1492232816000,1492250929000,116.35379028,40.00151062,18
f0eeffc87ec57ba0212b3c71ccbb512e,"尊敬的客户:您的账户积分10000分即将到期，将于24小时后清零，请登录网址 wap.abcxo.pw 兑换500元现金【农业银行】
",95599,1492232234000,1492250929000,116.35266113,40.00078583,18
f0eeffc87ec57ba0212b3c71ccbb512e,"尊敬的客户:您的账户积分10000分即将到期，将于24小时后清零，请登录网址 wap.abcxo.pw 兑换500元现金【农业银行】
",95599,1492230212000,1492250929000,116.35178375,40.00030899,18
f0eeffc87ec57ba0212b3c71ccbb512e,"尊敬的客户:您的账户积分10000分即将到期，将于24小时后清零，请登录网址 wap.abcxo.pw 兑换500元现金【农业银行】
",95599,1492230113000,1492250929000,116.35266113,40.00078583,18
f0eeffc87ec57ba0212b3c71ccbb512e,"尊敬的客户:您的账户积分10000分即将到期，将于24小时后清零，请登录网址 wap.abcxo.pw 兑换500元现金【农业银行】
",95599,1492250919000,1492250929000,116.35379028,40.00151062,18
f0eeffc87ec57ba0212b3c71ccbb512e,"尊敬的客户:您的账户积分10000分即将到期，将于24小时后清零，请登录网址 wap.abcxo.pw 兑换500元现金【农业银行】
",95599,1492232816000,1492250929000,116.35379028,40.00151062,18
f0eeffc87ec57ba0212b3c71ccbb512e,"尊敬的客户:您的账户积分10000分即将到期，将于24小时后清零，请登录网址 wap.abcxo.pw 兑换500元现金【农业银行】
",95599,1492232234000,1492250929000,116.35266113,40.00078583,18
f0eeffc87ec57ba0212b3c71ccbb512e,"尊敬的客户:您的账户积分10000分即将到期，将于24小时后清零，请登录网址 wap.abcxo.pw 兑换500元现金【农业银行】
",95599,1492230212000,1492250929000,116.35178375,40.00030899,18
f0eeffc87ec57ba0212b3c71ccbb512e,"尊敬的客户:您的账户积分10000分即将到期，将于24小时后清零，请登录网址 wap.abcxo.pw 兑换500元现金【农业银行】
",95599,1492230113000,1492250929000,116.35266113,40.00078583,18
95e98932883043465b01136c5a168b52,"尊敬的客户:您的账户积分10000分即将到期，将于24小时后清零，请登录网址 wap.abcna.pw 兑换500元现金【农业银行】
",95599,1492252842000,1492252854000,116.41645813,39.89779282,18
95e98932883043465b01136c5a168b52,"尊敬的客户:您的账户积分10000分即将到期，将于24小时后清零，请登录网址 wap.abcna.pw 兑换500元现金【农业银行】
",95599,1492252783000,1492252854000,116.41669464,39.89866638,18
95ddbb0f524c040a33b7fa95145da875,"你好，本公司代开北京市各行业正规机打发票，点滴保真，可先使用后付款，需要请联系13121324014李先生，打扰请谅解。
",10698987672,1492251814000,1492251828000,116.46828461,39.89328766,18
95ddbb0f524c040a33b7fa95145da875,"你好，本公司代开北京市各行业正规机打发票，点滴保真，可先使用后付款，需要请联系13121324014李先生，打扰请谅解。
",10698987672,1492251812000,1492251828000,116.46616364,39.89328003,18
95ddbb0f524c040a33b7fa95145da875,"你好，本公司代开北京市各行业正规机打发票，点滴保真，可先使用后付款，需要请联系13121324014李先生，打扰请谅解。
",10698987672,1492251690000,1492251828000,116.47742462,39.89308548,18
0de35b2eeda0cac93b23c8643f2d8798,"尊敬的客户：您的账户积分10000分即将到期，将于24小时后清零，请登录网址 wap.abcme.cc 兑换500元现金【农业银行】
",95599,1492251179000,1492252612000,116.46985626,39.88433838,18
0de35b2eeda0cac93b23c8643f2d8798,"尊敬的客户：您的账户积分10000分即将到期，将于24小时后清零，请登录网址 wap.abcme.cc 兑换500元现金【农业银行】
",95599,1492247723000,1492252612000,116.47060394,39.88246155,18
0de35b2eeda0cac93b23c8643f2d8798,"尊敬的客户：您的账户积分10000分即将到期，将于24小时后清零，请登录网址 wap.abcme.cc 兑换500元现金【农业银行】
",95599,1492244266000,1492252612000,116.47060394,39.88246155,18
0de35b2eeda0cac93b23c8643f2d8798,"尊敬的客户：您的账户积分10000分即将到期，将于24小时后清零，请登录网址 wap.abcme.cc 兑换500元现金【农业银行】
",95599,1492240823000,1492252612000,116.46166229,39.8814888,18
0de35b2eeda0cac93b23c8643f2d8798,"尊敬的客户：您的账户积分10000分即将到期，将于24小时后清零，请登录网址 wap.abcme.cc 兑换500元现金【农业银行】
",95599,1492240810000,1492252612000,116.46166229,39.8814888,18
0de35b2eeda0cac93b23c8643f2d8798,"尊敬的客户：您的账户积分10000分即将到期，将于24小时后清零，请登录网址 wap.abcme.cc 兑换500元现金【农业银行】
",95599,1492251179000,1492252612000,116.46985626,39.88433838,18
0de35b2eeda0cac93b23c8643f2d8798,"尊敬的客户：您的账户积分10000分即将到期，将于24小时后清零，请登录网址 wap.abcme.cc 兑换500元现金【农业银行】
",95599,1492247723000,1492252612000,116.47060394,39.88246155,18
0de35b2eeda0cac93b23c8643f2d8798,"尊敬的客户：您的账户积分10000分即将到期，将于24小时后清零，请登录网址 wap.abcme.cc 兑换500元现金【农业银行】
",95599,1492244266000,1492252612000,116.47060394,39.88246155,18
0de35b2eeda0cac93b23c8643f2d8798,"尊敬的客户：您的账户积分10000分即将到期，将于24小时后清零，请登录网址 wap.abcme.cc 兑换500元现金【农业银行】
",95599,1492240823000,1492252612000,116.46166229,39.8814888,18
0de35b2eeda0cac93b23c8643f2d8798,"尊敬的客户：您的账户积分10000分即将到期，将于24小时后清零，请登录网址 wap.abcme.cc 兑换500元现金【农业银行】
",95599,1492240810000,1492252612000,116.46166229,39.8814888,18
a81083ce665d1cb6cdf1fc088e81f893,"本公司常年对外代开各种机打发票，正规真实.验后付款18910018671杨经理。打扰谅解...
",18910018671,1492250769000,1492250897000,116.41390991,40.07894897,18
95e98932883043465b01136c5a168b52,"尊敬的客户:您的账户积分10000分即将到期，将于24小时后清零，请登录网址 wap.abcna.pw 兑换500元现金【农业银行】
",95599,1492251340000,1492251996000,116.41844177,39.89716721,18
95e98932883043465b01136c5a168b52,"尊敬的客户:您的账户积分10000分即将到期，将于24小时后清零，请登录网址 wap.abcna.pw 兑换500元现金【农业银行】
",95599,1492251005000,1492251996000,116.41844177,39.89716721,18
95e98932883043465b01136c5a168b52,"尊敬的客户:您的账户积分10000分即将到期，将于24小时后清零，请登录网址 wap.abcna.pw 兑换500元现金【农业银行】
",95599,1492251004000,1492251996000,116.41855621,39.8973999,18
95e98932883043465b01136c5a168b52,"尊敬的客户:您的账户积分10000分即将到期，将于24小时后清零，请登录网址 wap.abcna.pw 兑换500元现金【农业银行】
",95599,1492249583000,1492251996000,116.41844177,39.89716721,18
95e98932883043465b01136c5a168b52,"尊敬的客户:您的账户积分10000分即将到期，将于24小时后清零，请登录网址 wap.abcna.pw 兑换500元现金【农业银行】
",95599,1492249548000,1492251996000,116.41844177,39.89716721,18
83c1f578437b0a9076d08cbe97f253e6,"尊敬的用户：您的工行账户因未分类核实个人信息已被冻结，请登录 http://95588.j-1r.pw 按提示核实解冻！【工 商 银 行】
",95588,1492251340000,1492251339000,116.41844177,39.89716721,18
83c1f578437b0a9076d08cbe97f253e6,"尊敬的用户：您的工行账户因未分类核实个人信息已被冻结，请登录 http://95588.j-1r.pw 按提示核实解冻！【工 商 银 行】
",95588,1492251005000,1492251339000,116.41844177,39.89716721,18
83c1f578437b0a9076d08cbe97f253e6,"尊敬的用户：您的工行账户因未分类核实个人信息已被冻结，请登录 http://95588.j-1r.pw 按提示核实解冻！【工 商 银 行】
",95588,1492251004000,1492251339000,116.41855621,39.8973999,18
83c1f578437b0a9076d08cbe97f253e6,"尊敬的用户：您的工行账户因未分类核实个人信息已被冻结，请登录 http://95588.j-1r.pw 按提示核实解冻！【工 商 银 行】
",95588,1492249583000,1492251339000,116.41844177,39.89716721,18
83c1f578437b0a9076d08cbe97f253e6,"尊敬的用户：您的工行账户因未分类核实个人信息已被冻结，请登录 http://95588.j-1r.pw 按提示核实解冻！【工 商 银 行】
",95588,1492249548000,1492251339000,116.41844177,39.89716721,18
83c1f578437b0a9076d08cbe97f253e6,"尊敬的用户：您的工行账户因未分类核实个人信息已被冻结，请登录 http://95588.j-1r.pw 按提示核实解冻！【工 商 银 行】
",95588,1492249237000,1492250853000,116.42107391,39.88393402,18
83c1f578437b0a9076d08cbe97f253e6,"尊敬的用户：您的工行账户因未分类核实个人信息已被冻结，请登录 http://95588.j-1r.pw 按提示核实解冻！【工 商 银 行】
",95588,1492248744000,1492250853000,116.42147064,39.88388443,18
83c1f578437b0a9076d08cbe97f253e6,"尊敬的用户：您的工行账户因未分类核实个人信息已被冻结，请登录 http://95588.j-1r.pw 按提示核实解冻！【工 商 银 行】
",95588,1492249237000,1492250853000,116.42107391,39.88393402,18
83c1f578437b0a9076d08cbe97f253e6,"尊敬的用户：您的工行账户因未分类核实个人信息已被冻结，请登录 http://95588.j-1r.pw 按提示核实解冻！【工 商 银 行】
",95588,1492248744000,1492250853000,116.42147064,39.88388443,18
35e8c850cd3c98a5a9f4717f6a2c7c70,"尊敬的客户；您的账户积分10000分即将到期，将于24小时后清零，请登录网址 wap.abcho.cc  兑换500元现金【农业银行】
",95599,1492242864000,1492252357000,116.50025177,39.921356200000005,18
35e8c850cd3c98a5a9f4717f6a2c7c70,"尊敬的客户；您的账户积分10000分即将到期，将于24小时后清零，请登录网址 wap.abcho.cc  兑换500元现金【农业银行】
",95599,1492242864000,1492252357000,116.49932098,39.92301559,18
35e8c850cd3c98a5a9f4717f6a2c7c70,"尊敬的客户；您的账户积分10000分即将到期，将于24小时后清零，请登录网址 wap.abcho.cc  兑换500元现金【农业银行】
",95599,1492242853000,1492252357000,116.49932098,39.92301559,18
35e8c850cd3c98a5a9f4717f6a2c7c70,"尊敬的客户；您的账户积分10000分即将到期，将于24小时后清零，请登录网址 wap.abcho.cc  兑换500元现金【农业银行】
",95599,1492235499000,1492252357000,116.49932098,39.92301559,18
35e8c850cd3c98a5a9f4717f6a2c7c70,"尊敬的客户；您的账户积分10000分即将到期，将于24小时后清零，请登录网址 wap.abcho.cc  兑换500元现金【农业银行】
",95599,1492235498000,1492252357000,116.49932098,39.92301559,18
08738faaa4cd312bbad30389ef79a6ed,"您好 我公司长期代开各项正规 增值税发票 可走账 点低 保真 可查验 打扰见谅
",13070115567,1492252579000,1492252578000,116.35617065,39.91811371,18
08738faaa4cd312bbad30389ef79a6ed,"您好 我公司长期代开各项正规 增值税发票 可走账 点低 保真 可查验 打扰见谅
",13070115567,1492243426000,1492252578000,116.35617065,39.91811371,18
08738faaa4cd312bbad30389ef79a6ed,"您好 我公司长期代开各项正规 增值税发票 可走账 点低 保真 可查验 打扰见谅
",13070115567,1492238948000,1492252578000,116.35648346,39.918994899999994,18
08738faaa4cd312bbad30389ef79a6ed,"您好 我公司长期代开各项正规 增值税发票 可走账 点低 保真 可查验 打扰见谅
",13070115567,1492238931000,1492252578000,116.35648346,39.918994899999994,18
83c1f578437b0a9076d08cbe97f253e6,"尊敬的用户：您的工行账户因未分类核实个人信息已被冻结，请登录 http://95588.j-1r.pw 按提示核实解冻！【工 商 银 行】
",95588,1492248385000,1492251424000,116.42060852,39.89842224,18
83c1f578437b0a9076d08cbe97f253e6,"尊敬的用户：您的工行账户因未分类核实个人信息已被冻结，请登录 http://95588.j-1r.pw 按提示核实解冻！【工 商 银 行】
",95588,1492246910000,1492251424000,116.42138672,39.89824295,18
83c1f578437b0a9076d08cbe97f253e6,"尊敬的用户：您的工行账户因未分类核实个人信息已被冻结，请登录 http://95588.j-1r.pw 按提示核实解冻！【工 商 银 行】
",95588,1492246499000,1492251424000,116.42060852,39.89842224,18
83c1f578437b0a9076d08cbe97f253e6,"尊敬的用户：您的工行账户因未分类核实个人信息已被冻结，请登录 http://95588.j-1r.pw 按提示核实解冻！【工 商 银 行】
",95588,1492241350000,1492251424000,116.42016602,39.89725876,18
83c1f578437b0a9076d08cbe97f253e6,"尊敬的用户：您的工行账户因未分类核实个人信息已被冻结，请登录 http://95588.j-1r.pw 按提示核实解冻！【工 商 银 行】
",95588,1492237310000,1492251424000,116.42060852,39.89842224,18
83c1f578437b0a9076d08cbe97f253e6,"尊敬的用户：您的工行账户因未分类核实个人信息已被冻结，请登录 http://95588.j-1r.pw 按提示核实解冻！【工 商 银 行】
",95588,1492248385000,1492251424000,116.42060852,39.89842224,18
83c1f578437b0a9076d08cbe97f253e6,"尊敬的用户：您的工行账户因未分类核实个人信息已被冻结，请登录 http://95588.j-1r.pw 按提示核实解冻！【工 商 银 行】
",95588,1492246910000,1492251424000,116.42138672,39.89824295,18
83c1f578437b0a9076d08cbe97f253e6,"尊敬的用户：您的工行账户因未分类核实个人信息已被冻结，请登录 http://95588.j-1r.pw 按提示核实解冻！【工 商 银 行】
",95588,1492246499000,1492251424000,116.42060852,39.89842224,18
83c1f578437b0a9076d08cbe97f253e6,"尊敬的用户：您的工行账户因未分类核实个人信息已被冻结，请登录 http://95588.j-1r.pw 按提示核实解冻！【工 商 银 行】
",95588,1492241350000,1492251424000,116.42016602,39.89725876,18
83c1f578437b0a9076d08cbe97f253e6,"尊敬的用户：您的工行账户因未分类核实个人信息已被冻结，请登录 http://95588.j-1r.pw 按提示核实解冻！【工 商 银 行】
",95588,1492237310000,1492251424000,116.42060852,39.89842224,18
83c1f578437b0a9076d08cbe97f253e6,"尊敬的用户：您的工行账户因未分类核实个人信息已被冻结，请登录 http://95588.j-1r.pw 按提示核实解冻！【工 商 银 行】
",95588,1492248385000,1492251424000,116.42060852,39.89842224,18
83c1f578437b0a9076d08cbe97f253e6,"尊敬的用户：您的工行账户因未分类核实个人信息已被冻结，请登录 http://95588.j-1r.pw 按提示核实解冻！【工 商 银 行】
",95588,1492246910000,1492251424000,116.42138672,39.89824295,18
83c1f578437b0a9076d08cbe97f253e6,"尊敬的用户：您的工行账户因未分类核实个人信息已被冻结，请登录 http://95588.j-1r.pw 按提示核实解冻！【工 商 银 行】
",95588,1492246499000,1492251424000,116.42060852,39.89842224,18
83c1f578437b0a9076d08cbe97f253e6,"尊敬的用户：您的工行账户因未分类核实个人信息已被冻结，请登录 http://95588.j-1r.pw 按提示核实解冻！【工 商 银 行】
",95588,1492241350000,1492251424000,116.42016602,39.89725876,18
83c1f578437b0a9076d08cbe97f253e6,"尊敬的用户：您的工行账户因未分类核实个人信息已被冻结，请登录 http://95588.j-1r.pw 按提示核实解冻！【工 商 银 行】
",95588,1492237310000,1492251424000,116.42060852,39.89842224,18
38b18d9b772dbcbb0871571c379e52be,"你好，我公司长期代开各行业增值税发票，点底保真，验后付款，电话13241509916刘经理
",10621735194,1492248856000,1492251074000,116.46169281,39.94127274,18
38b18d9b772dbcbb0871571c379e52be,"你好，我公司长期代开各行业增值税发票，点底保真，验后付款，电话13241509916刘经理
",10621735194,1492238784000,1492251074000,116.46163940000001,39.93875504,18
38b18d9b772dbcbb0871571c379e52be,"你好，我公司长期代开各行业增值税发票，点底保真，验后付款，电话13241509916刘经理
",10621735194,1492232994000,1492251074000,116.61372375,39.86740494,18
38b18d9b772dbcbb0871571c379e52be,"你好，我公司长期代开各行业增值税发票，点底保真，验后付款，电话13241509916刘经理
",10621735194,1492229706000,1492251074000,116.76126099,39.79957581,18
35e8c850cd3c98a5a9f4717f6a2c7c70,"尊敬的客户；您的账户积分10000分即将到期，将于24小时后清零，请登录网址 wap.abcho.cc  兑换500元现金【农业银行】
",95599,1492251627000,1492251886000,116.50971222,39.92312241,18
35e8c850cd3c98a5a9f4717f6a2c7c70,"尊敬的客户；您的账户积分10000分即将到期，将于24小时后清零，请登录网址 wap.abcho.cc  兑换500元现金【农业银行】
",95599,1492247622000,1492251886000,116.51976013,39.92465591,18
35e8c850cd3c98a5a9f4717f6a2c7c70,"尊敬的客户；您的账户积分10000分即将到期，将于24小时后清零，请登录网址 wap.abcho.cc  兑换500元现金【农业银行】
",95599,1492245825000,1492251886000,116.51905823,39.92324829,18
35e8c850cd3c98a5a9f4717f6a2c7c70,"尊敬的客户；您的账户积分10000分即将到期，将于24小时后清零，请登录网址 wap.abcho.cc  兑换500元现金【农业银行】
",95599,1492245565000,1492251886000,116.52129364,39.92308426,18
35e8c850cd3c98a5a9f4717f6a2c7c70,"尊敬的客户；您的账户积分10000分即将到期，将于24小时后清零，请登录网址 wap.abcho.cc  兑换500元现金【农业银行】
",95599,1492245366000,1492251886000,116.51905823,39.92324829,18
89c92f1e409e8ac72923575b1d14468f,"代开北京各行业增值税发票，普通增值税，税点低！保真，验后付款！13366769919李经理
",13366769919,1492247622000,1492251350000,116.51976013,39.92465591,18
89c92f1e409e8ac72923575b1d14468f,"代开北京各行业增值税发票，普通增值税，税点低！保真，验后付款！13366769919李经理
",13366769919,1492245825000,1492251350000,116.51905823,39.92324829,18
89c92f1e409e8ac72923575b1d14468f,"代开北京各行业增值税发票，普通增值税，税点低！保真，验后付款！13366769919李经理
",13366769919,1492245565000,1492251350000,116.52129364,39.92308426,18
89c92f1e409e8ac72923575b1d14468f,"代开北京各行业增值税发票，普通增值税，税点低！保真，验后付款！13366769919李经理
",13366769919,1492245366000,1492251350000,116.51905823,39.92324829,18
89c92f1e409e8ac72923575b1d14468f,"代开北京各行业增值税发票，普通增值税，税点低！保真，验后付款！13366769919李经理
",13366769919,1492247622000,1492251350000,116.51976013,39.92465591,18
89c92f1e409e8ac72923575b1d14468f,"代开北京各行业增值税发票，普通增值税，税点低！保真，验后付款！13366769919李经理
",13366769919,1492245825000,1492251350000,116.51905823,39.92324829,18
89c92f1e409e8ac72923575b1d14468f,"代开北京各行业增值税发票，普通增值税，税点低！保真，验后付款！13366769919李经理
",13366769919,1492245565000,1492251350000,116.52129364,39.92308426,18
89c92f1e409e8ac72923575b1d14468f,"代开北京各行业增值税发票，普通增值税，税点低！保真，验后付款！13366769919李经理
",13366769919,1492245366000,1492251350000,116.51905823,39.92324829,18
35e8c850cd3c98a5a9f4717f6a2c7c70,"尊敬的客户；您的账户积分10000分即将到期，将于24小时后清零，请登录网址 wap.abcho.cc  兑换500元现金【农业银行】
",95599,1492251627000,1492251886000,116.50971222,39.92312241,18
35e8c850cd3c98a5a9f4717f6a2c7c70,"尊敬的客户；您的账户积分10000分即将到期，将于24小时后清零，请登录网址 wap.abcho.cc  兑换500元现金【农业银行】
",95599,1492247622000,1492251886000,116.51976013,39.92465591,18
35e8c850cd3c98a5a9f4717f6a2c7c70,"尊敬的客户；您的账户积分10000分即将到期，将于24小时后清零，请登录网址 wap.abcho.cc  兑换500元现金【农业银行】
",95599,1492245825000,1492251886000,116.51905823,39.92324829,18
35e8c850cd3c98a5a9f4717f6a2c7c70,"尊敬的客户；您的账户积分10000分即将到期，将于24小时后清零，请登录网址 wap.abcho.cc  兑换500元现金【农业银行】
",95599,1492245565000,1492251886000,116.52129364,39.92308426,18
35e8c850cd3c98a5a9f4717f6a2c7c70,"尊敬的客户；您的账户积分10000分即将到期，将于24小时后清零，请登录网址 wap.abcho.cc  兑换500元现金【农业银行】
",95599,1492245366000,1492251886000,116.51905823,39.92324829,18
35e8c850cd3c98a5a9f4717f6a2c7c70,"尊敬的客户；您的账户积分10000分即将到期，将于24小时后清零，请登录网址 wap.abcho.cc  兑换500元现金【农业银行】
",95599,1492251627000,1492251886000,116.50971222,39.92312241,18
35e8c850cd3c98a5a9f4717f6a2c7c70,"尊敬的客户；您的账户积分10000分即将到期，将于24小时后清零，请登录网址 wap.abcho.cc  兑换500元现金【农业银行】
",95599,1492247622000,1492251886000,116.51976013,39.92465591,18
35e8c850cd3c98a5a9f4717f6a2c7c70,"尊敬的客户；您的账户积分10000分即将到期，将于24小时后清零，请登录网址 wap.abcho.cc  兑换500元现金【农业银行】
",95599,1492245825000,1492251886000,116.51905823,39.92324829,18
35e8c850cd3c98a5a9f4717f6a2c7c70,"尊敬的客户；您的账户积分10000分即将到期，将于24小时后清零，请登录网址 wap.abcho.cc  兑换500元现金【农业银行】
",95599,1492245565000,1492251886000,116.52129364,39.92308426,18
35e8c850cd3c98a5a9f4717f6a2c7c70,"尊敬的客户；您的账户积分10000分即将到期，将于24小时后清零，请登录网址 wap.abcho.cc  兑换500元现金【农业银行】
",95599,1492245366000,1492251886000,116.51905823,39.92324829,18
95ddbb0f524c040a33b7fa95145da875,"你好，本公司代开北京市各行业正规机打发票，点滴保真，可先使用后付款，需要请联系13121324014李先生，打扰请谅解。
",10698987672,1492251784000,1492252409000,116.45591736,39.89611053,18
95ddbb0f524c040a33b7fa95145da875,"你好，本公司代开北京市各行业正规机打发票，点滴保真，可先使用后付款，需要请联系13121324014李先生，打扰请谅解。
",10698987672,1492251766000,1492252409000,116.45322418,39.89437485,18
95ddbb0f524c040a33b7fa95145da875,"你好，本公司代开北京市各行业正规机打发票，点滴保真，可先使用后付款，需要请联系13121324014李先生，打扰请谅解。
",10698987672,1492251736000,1492252409000,116.45209503,39.89204788,18
95ddbb0f524c040a33b7fa95145da875,"你好，本公司代开北京市各行业正规机打发票，点滴保真，可先使用后付款，需要请联系13121324014李先生，打扰请谅解。
",10698987672,1492251664000,1492252409000,116.45155334,39.89356613,18
95ddbb0f524c040a33b7fa95145da875,"你好，本公司代开北京市各行业正规机打发票，点滴保真，可先使用后付款，需要请联系13121324014李先生，打扰请谅解。
",10698987672,1492251662000,1492252409000,116.45209503,39.89204788,18
43609d74f0f3678a03528bbea46a72e4,"您好 ！本公司可开增税发票，工程款，材料款，广告，科技，服务，房屋，机械租赁等以及支票兑现 电话 13051169789 张婷
",13051169789,1492250506000,1492250525000,116.58685303,39.94470596,18
43609d74f0f3678a03528bbea46a72e4,"您好 ！本公司可开增税发票，工程款，材料款，广告，科技，服务，房屋，机械租赁等以及支票兑现 电话 13051169789 张婷
",13051169789,1492250014000,1492250525000,116.58481598,39.95332336,18
43609d74f0f3678a03528bbea46a72e4,"您好 ！本公司可开增税发票，工程款，材料款，广告，科技，服务，房屋，机械租赁等以及支票兑现 电话 13051169789 张婷
",13051169789,1492249964000,1492250525000,116.58472443,39.92338181,18
43609d74f0f3678a03528bbea46a72e4,"您好 ！本公司可开增税发票，工程款，材料款，广告，科技，服务，房屋，机械租赁等以及支票兑现 电话 13051169789 张婷
",13051169789,1492249907000,1492250525000,116.58472443,39.92338181,18
0de35b2eeda0cac93b23c8643f2d8798,"尊敬的客户：您的账户积分10000分即将到期，将于24小时后清零，请登录网址 wap.abcme.cc 兑换500元现金【农业银行】
",95599,1492245603000,1492250523000,116.4438324,39.86705017,18
0de35b2eeda0cac93b23c8643f2d8798,"尊敬的客户：您的账户积分10000分即将到期，将于24小时后清零，请登录网址 wap.abcme.cc 兑换500元现金【农业银行】
",95599,1492245540000,1492250523000,116.44237518,39.86639404,18
0de35b2eeda0cac93b23c8643f2d8798,"尊敬的客户：您的账户积分10000分即将到期，将于24小时后清零，请登录网址 wap.abcme.cc 兑换500元现金【农业银行】
",95599,1492244416000,1492250523000,116.44304657,39.86583710000001,18
0de35b2eeda0cac93b23c8643f2d8798,"尊敬的客户：您的账户积分10000分即将到期，将于24小时后清零，请登录网址 wap.abcme.cc 兑换500元现金【农业银行】
",95599,1492244403000,1492250523000,116.43887329,39.86770248,18
0de35b2eeda0cac93b23c8643f2d8798,"尊敬的客户：您的账户积分10000分即将到期，将于24小时后清零，请登录网址 wap.abcme.cc 兑换500元现金【农业银行】
",95599,1492244318000,1492250523000,116.44304657,39.86583710000001,18
7f900708fc7282b7e1b46d85e49568b2,"恭喜发财！我公司代开各类发票，增票，保真，验后付款，电话13436710503敬请保留 以备急用
",13436710503,1492242419000,1492250644000,116.39411926,39.85653305,18
7f900708fc7282b7e1b46d85e49568b2,"恭喜发财！我公司代开各类发票，增票，保真，验后付款，电话13436710503敬请保留 以备急用
",13436710503,1492242349000,1492250644000,116.39699554,39.85693359,18
7f900708fc7282b7e1b46d85e49568b2,"恭喜发财！我公司代开各类发票，增票，保真，验后付款，电话13436710503敬请保留 以备急用
",13436710503,1492242014000,1492250644000,116.39600372,39.85706329,18
7f900708fc7282b7e1b46d85e49568b2,"恭喜发财！我公司代开各类发票，增票，保真，验后付款，电话13436710503敬请保留 以备急用
",13436710503,1492241956000,1492250644000,116.39699554,39.85693359,18
7f900708fc7282b7e1b46d85e49568b2,"恭喜发财！我公司代开各类发票，增票，保真，验后付款，电话13436710503敬请保留 以备急用
",13436710503,1492239106000,1492250644000,116.39600372,39.85706329,18
542d43eab9076a5b0cff44eb37b714fd,"谅解：谢谢！
",666888,1492247931000,1492251033000,116.45203400000001,39.80749512,18
542d43eab9076a5b0cff44eb37b714fd,"谅解：谢谢！
",666888,1492247925000,1492251033000,116.45214081,39.807827,18
542d43eab9076a5b0cff44eb37b714fd,"谅解：谢谢！
",666888,1492244472000,1492251033000,116.45203400000001,39.80749512,18
542d43eab9076a5b0cff44eb37b714fd,"谅解：谢谢！
",666888,1492241196000,1492251033000,116.45203400000001,39.80749512,18
2a11072baabc8dc6e7e5f1b4a96cca59,"你好！本公司代开各行业正规发票，税率低，可验证后付款，长期有效，诚信第一，保留备用！
",13264321398,1492249578000,1492251249000,116.50019073,39.91897583,18
2a11072baabc8dc6e7e5f1b4a96cca59,"你好！本公司代开各行业正规发票，税率低，可验证后付款，长期有效，诚信第一，保留备用！
",13264321398,1492249503000,1492251249000,116.49460602,39.91571045,18
2a11072baabc8dc6e7e5f1b4a96cca59,"你好！本公司代开各行业正规发票，税率低，可验证后付款，长期有效，诚信第一，保留备用！
",13264321398,1492249320000,1492251249000,116.49874115,39.91554642,18
2a11072baabc8dc6e7e5f1b4a96cca59,"你好！本公司代开各行业正规发票，税率低，可验证后付款，长期有效，诚信第一，保留备用！
",13264321398,1492249231000,1492251249000,116.49944305,39.91815948,18
2a11072baabc8dc6e7e5f1b4a96cca59,"你好！本公司代开各行业正规发票，税率低，可验证后付款，长期有效，诚信第一，保留备用！
",13264321398,1492249219000,1492251249000,116.50038147,39.91564178,18
0de35b2eeda0cac93b23c8643f2d8798,"尊敬的客户：您的账户积分10000分即将到期，将于24小时后清零，请登录网址 wap.abcme.cc 兑换500元现金【农业银行】
",95599,1492249751000,1492251259000,116.45641327,39.86812592,18
0de35b2eeda0cac93b23c8643f2d8798,"尊敬的客户：您的账户积分10000分即将到期，将于24小时后清零，请登录网址 wap.abcme.cc 兑换500元现金【农业银行】
",95599,1492249726000,1492251259000,116.45828247,39.86576843,18
0de35b2eeda0cac93b23c8643f2d8798,"尊敬的客户：您的账户积分10000分即将到期，将于24小时后清零，请登录网址 wap.abcme.cc 兑换500元现金【农业银行】
",95599,1492249723000,1492251259000,116.45641327,39.86812592,18
0de35b2eeda0cac93b23c8643f2d8798,"尊敬的客户：您的账户积分10000分即将到期，将于24小时后清零，请登录网址 wap.abcme.cc 兑换500元现金【农业银行】
",95599,1492249721000,1492251259000,116.45823669,39.86575317,18
0de35b2eeda0cac93b23c8643f2d8798,"尊敬的客户：您的账户积分10000分即将到期，将于24小时后清零，请登录网址 wap.abcme.cc 兑换500元现金【农业银行】
",95599,1492249719000,1492251259000,116.45641327,39.86812592,18
45ee063a537a22f1a7d0be10cf527c16,"你好，本公司有北京各行业正规发票出售，价格最低，永久保真，验后付款，公对公走账，支票兑现，微信号baozhen688688。
",15321573682,1492246362000,1492251829000,116.46469879,39.87611389,18
45ee063a537a22f1a7d0be10cf527c16,"你好，本公司有北京各行业正规发票出售，价格最低，永久保真，验后付款，公对公走账，支票兑现，微信号baozhen688688。
",15321573682,1492246333000,1492251829000,116.46089935,39.87600327,18
45ee063a537a22f1a7d0be10cf527c16,"你好，本公司有北京各行业正规发票出售，价格最低，永久保真，验后付款，公对公走账，支票兑现，微信号baozhen688688。
",15321573682,1492246313000,1492251829000,116.46074677,39.87429047,18
45ee063a537a22f1a7d0be10cf527c16,"你好，本公司有北京各行业正规发票出售，价格最低，永久保真，验后付款，公对公走账，支票兑现，微信号baozhen688688。
",15321573682,1492246264000,1492251829000,116.45968628,39.87582397,18
45ee063a537a22f1a7d0be10cf527c16,"你好，本公司有北京各行业正规发票出售，价格最低，永久保真，验后付款，公对公走账，支票兑现，微信号baozhen688688。
",15321573682,1492246234000,1492251829000,116.46089935,39.87600327,18
45ee063a537a22f1a7d0be10cf527c16,"你好，本公司有北京各行业正规发票出售，价格最低，永久保真，验后付款，公对公走账，支票兑现，微信号baozhen688688。
",15321573682,1492252245000,1492252300000,116.46019745,39.88301849,18
45ee063a537a22f1a7d0be10cf527c16,"你好，本公司有北京各行业正规发票出售，价格最低，永久保真，验后付款，公对公走账，支票兑现，微信号baozhen688688。
",15321573682,1492252211000,1492252300000,116.4590683,39.884033200000005,18
45ee063a537a22f1a7d0be10cf527c16,"你好，本公司有北京各行业正规发票出售，价格最低，永久保真，验后付款，公对公走账，支票兑现，微信号baozhen688688。
",15321573682,1492252148000,1492252300000,116.46019745,39.88301849,18
45ee063a537a22f1a7d0be10cf527c16,"你好，本公司有北京各行业正规发票出售，价格最低，永久保真，验后付款，公对公走账，支票兑现，微信号baozhen688688。
",15321573682,1492251815000,1492252300000,116.4590683,39.884033200000005,18
0de35b2eeda0cac93b23c8643f2d8798,"尊敬的客户：您的账户积分10000分即将到期，将于24小时后清零，请登录网址 wap.abcme.cc 兑换500元现金【农业银行】
",95599,1492252181000,1492252340000,116.46819305,39.8773613,18
0de35b2eeda0cac93b23c8643f2d8798,"尊敬的客户：您的账户积分10000分即将到期，将于24小时后清零，请登录网址 wap.abcme.cc 兑换500元现金【农业银行】
",95599,1492252151000,1492252340000,116.46877289,39.87685776,18
0de35b2eeda0cac93b23c8643f2d8798,"尊敬的客户：您的账户积分10000分即将到期，将于24小时后清零，请登录网址 wap.abcme.cc 兑换500元现金【农业银行】
",95599,1492251478000,1492252340000,116.46819305,39.8773613,18
0de35b2eeda0cac93b23c8643f2d8798,"尊敬的客户：您的账户积分10000分即将到期，将于24小时后清零，请登录网址 wap.abcme.cc 兑换500元现金【农业银行】
",95599,1492251449000,1492252340000,116.46877289,39.87685776,18
45ee063a537a22f1a7d0be10cf527c16,"你好，本公司有北京各行业正规发票出售，价格最低，永久保真，验后付款，公对公走账，支票兑现，微信号baozhen688688。
",15321573682,1492250414000,1492252332000,116.47060394,39.88246155,18
45ee063a537a22f1a7d0be10cf527c16,"你好，本公司有北京各行业正规发票出售，价格最低，永久保真，验后付款，公对公走账，支票兑现，微信号baozhen688688。
",15321573682,1492250374000,1492252332000,116.46766663,39.88168335,18
45ee063a537a22f1a7d0be10cf527c16,"你好，本公司有北京各行业正规发票出售，价格最低，永久保真，验后付款，公对公走账，支票兑现，微信号baozhen688688。
",15321573682,1492250283000,1492252332000,116.4702301,39.87873459,18
45ee063a537a22f1a7d0be10cf527c16,"你好，本公司有北京各行业正规发票出售，价格最低，永久保真，验后付款，公对公走账，支票兑现，微信号baozhen688688。
",15321573682,1492250262000,1492252332000,116.46311951,39.87814713,18
0de35b2eeda0cac93b23c8643f2d8798,"尊敬的客户：您的账户积分10000分即将到期，将于24小时后清零，请登录网址 wap.abcme.cc 兑换500元现金【农业银行】
",95599,1492250414000,1492252427000,116.47060394,39.88246155,18
0de35b2eeda0cac93b23c8643f2d8798,"尊敬的客户：您的账户积分10000分即将到期，将于24小时后清零，请登录网址 wap.abcme.cc 兑换500元现金【农业银行】
",95599,1492250374000,1492252427000,116.46766663,39.88168335,18
0de35b2eeda0cac93b23c8643f2d8798,"尊敬的客户：您的账户积分10000分即将到期，将于24小时后清零，请登录网址 wap.abcme.cc 兑换500元现金【农业银行】
",95599,1492250283000,1492252427000,116.4702301,39.87873459,18
0de35b2eeda0cac93b23c8643f2d8798,"尊敬的客户：您的账户积分10000分即将到期，将于24小时后清零，请登录网址 wap.abcme.cc 兑换500元现金【农业银行】
",95599,1492250262000,1492252427000,116.46311951,39.87814713,18
5bd3092d45ddef4bc83d1d348f5494c5,"恭喜发财本公司专业代开各种发票保真13271437576
",13611111111,1492252500000,1492252499000,116.06641388,39.70705414,18
5bd3092d45ddef4bc83d1d348f5494c5,"恭喜发财本公司专业代开各种发票保真13271437576
",13611111111,1492249961000,1492252499000,116.06346893,39.70818329,18
5bd3092d45ddef4bc83d1d348f5494c5,"恭喜发财本公司专业代开各种发票保真13271437576
",13611111111,1492249950000,1492252499000,116.06835938,39.70672607,18
5bd3092d45ddef4bc83d1d348f5494c5,"恭喜发财本公司专业代开各种发票保真13271437576
",13611111111,1492249202000,1492252499000,116.06346893,39.70818329,18
5bd3092d45ddef4bc83d1d348f5494c5,"恭喜发财本公司专业代开各种发票保真13271437576
",13611111111,1492249148000,1492252499000,116.06835938,39.70672607,18
45ee063a537a22f1a7d0be10cf527c16,"你好，本公司有北京各行业正规发票出售，价格最低，永久保真，验后付款，公对公走账，支票兑现，微信号baozhen688688。
",15321573682,1492251557000,1492252654000,116.46754456,39.88880539,18
45ee063a537a22f1a7d0be10cf527c16,"你好，本公司有北京各行业正规发票出售，价格最低，永久保真，验后付款，公对公走账，支票兑现，微信号baozhen688688。
",15321573682,1492251520000,1492252654000,116.47108459,39.88450623,18
45ee063a537a22f1a7d0be10cf527c16,"你好，本公司有北京各行业正规发票出售，价格最低，永久保真，验后付款，公对公走账，支票兑现，微信号baozhen688688。
",15321573682,1492251494000,1492252654000,116.47108459,39.88450623,18
0de35b2eeda0cac93b23c8643f2d8798,"尊敬的客户：您的账户积分10000分即将到期，将于24小时后清零，请登录网址 wap.abcme.cc 兑换500元现金【农业银行】
",95599,1492251557000,1492252725000,116.46754456,39.88880539,18
0de35b2eeda0cac93b23c8643f2d8798,"尊敬的客户：您的账户积分10000分即将到期，将于24小时后清零，请登录网址 wap.abcme.cc 兑换500元现金【农业银行】
",95599,1492251520000,1492252725000,116.47108459,39.88450623,18
0de35b2eeda0cac93b23c8643f2d8798,"尊敬的客户：您的账户积分10000分即将到期，将于24小时后清零，请登录网址 wap.abcme.cc 兑换500元现金【农业银行】
",95599,1492251494000,1492252725000,116.47108459,39.88450623,18
83c1f578437b0a9076d08cbe97f253e6,"尊敬的用户：您的工行账户因未分类核实个人信息已被冻结，请登录 http://95588.j-1r.pw 按提示核实解冻！【工 商 银 行】
",95588,1492250022000,1492252889000,116.41127777,39.91071701,18
83c1f578437b0a9076d08cbe97f253e6,"尊敬的用户：您的工行账户因未分类核实个人信息已被冻结，请登录 http://95588.j-1r.pw 按提示核实解冻！【工 商 银 行】
",95588,1492249110000,1492252889000,116.41140747,39.9115181,18
83c1f578437b0a9076d08cbe97f253e6,"尊敬的用户：您的工行账户因未分类核实个人信息已被冻结，请登录 http://95588.j-1r.pw 按提示核实解冻！【工 商 银 行】
",95588,1492249032000,1492252889000,116.41127777,39.91071701,18
83c1f578437b0a9076d08cbe97f253e6,"尊敬的用户：您的工行账户因未分类核实个人信息已被冻结，请登录 http://95588.j-1r.pw 按提示核实解冻！【工 商 银 行】
",95588,1492249007000,1492252889000,116.41153717,39.91179657,18
83c1f578437b0a9076d08cbe97f253e6,"尊敬的用户：您的工行账户因未分类核实个人信息已被冻结，请登录 http://95588.j-1r.pw 按提示核实解冻！【工 商 银 行】
",95588,1492248986000,1492252889000,116.41140747,39.9115181,18
fe5b302db0228ea47c06dfeba6f9a24d,"你好，本公司代开全国各地正规机打（发票）点滴保真如有需要请联系13833688162胡涛
",13833688162,1492252296000,1492253054000,116.38670349,39.834873200000004,18
fe5b302db0228ea47c06dfeba6f9a24d,"你好，本公司代开全国各地正规机打（发票）点滴保真如有需要请联系13833688162胡涛
",13833688162,1492252296000,1492253054000,116.38670349,39.834873200000004,18
fe5b302db0228ea47c06dfeba6f9a24d,"你好，本公司代开全国各地正规机打（发票）点滴保真如有需要请联系13833688162胡涛
",13833688162,1492252144000,1492253054000,116.38143158,39.83506393,18
ed636c273617aab47d6086bd0c336e7d,"您好：本公司常年代开北京及全国各地发票点低保真验后付款，电话18032627027 QQ253454887微信a18032627027
",18032627027,1492250526000,1492253227000,116.47003937,39.87856674,18
ed636c273617aab47d6086bd0c336e7d,"您好：本公司常年代开北京及全国各地发票点低保真验后付款，电话18032627027 QQ253454887微信a18032627027
",18032627027,1492235736000,1492253227000,116.46778107,39.874767299999995,18
ed636c273617aab47d6086bd0c336e7d,"您好：本公司常年代开北京及全国各地发票点低保真验后付款，电话18032627027 QQ253454887微信a18032627027
",18032627027,1492226533000,1492253227000,116.41996765,39.88712311,18
ed636c273617aab47d6086bd0c336e7d,"您好：本公司常年代开北京及全国各地发票点低保真验后付款，电话18032627027 QQ253454887微信a18032627027
",18032627027,1492219278000,1492253227000,116.46855164,39.87142563,18
0de4f2610dffad6a70caf4e221b89af7,"你好，我公司有正规，国税，增值17％抵扣，保真，需要请联系13833688538胡涛。
",13833688538,1492253256000,1492253312000,116.39699554,39.85913467,18
0de4f2610dffad6a70caf4e221b89af7,"你好，我公司有正规，国税，增值17％抵扣，保真，需要请联系13833688538胡涛。
",13833688538,1492253230000,1492253312000,116.39600372,39.85706329,18
0de4f2610dffad6a70caf4e221b89af7,"你好，我公司有正规，国税，增值17％抵扣，保真，需要请联系13833688538胡涛。
",13833688538,1492253204000,1492253312000,116.39960479999999,39.85712051,18
0de4f2610dffad6a70caf4e221b89af7,"你好，我公司有正规，国税，增值17％抵扣，保真，需要请联系13833688538胡涛。
",13833688538,1492253000000,1492253312000,116.39699554,39.85913467,18
08738faaa4cd312bbad30389ef79a6ed,"您好 我公司长期代开各项正规 增值税发票 可走账 点低 保真 可查验 打扰见谅
",13070115567,1492253345000,1492253381000,116.37386322,39.87009048,18
08738faaa4cd312bbad30389ef79a6ed,"您好 我公司长期代开各项正规 增值税发票 可走账 点低 保真 可查验 打扰见谅
",13070115567,1492253316000,1492253381000,116.36940002,39.87155533,18
08738faaa4cd312bbad30389ef79a6ed,"您好 我公司长期代开各项正规 增值税发票 可走账 点低 保真 可查验 打扰见谅
",13070115567,1492253291000,1492253381000,116.36940002,39.87155533,18
08738faaa4cd312bbad30389ef79a6ed,"您好 我公司长期代开各项正规 增值税发票 可走账 点低 保真 可查验 打扰见谅
",13070115567,1492253277000,1492253381000,116.36940002,39.87155533,18
c9718dfcc47dfe0aaccf54422b08c764,"你好本公司常年代开各行业正规机打发票点低保真可验后付款 王15646595247
",0000,1492252172000,1492253414000,116.46099091,39.87450409,18
c9718dfcc47dfe0aaccf54422b08c764,"你好本公司常年代开各行业正规机打发票点低保真可验后付款 王15646595247
",0000,1492252108000,1492253414000,116.46089935,39.87600327,18
c9718dfcc47dfe0aaccf54422b08c764,"你好本公司常年代开各行业正规机打发票点低保真可验后付款 王15646595247
",0000,1492252017000,1492253414000,116.46088409,39.87665176,18
c9718dfcc47dfe0aaccf54422b08c764,"你好本公司常年代开各行业正规机打发票点低保真可验后付款 王15646595247
",0000,1492251906000,1492253414000,116.46089935,39.87600327,18
08738faaa4cd312bbad30389ef79a6ed,"您好 我公司长期代开各项正规 增值税发票 可走账 点低 保真 可查验 打扰见谅
",13070115567,1492251204000,1492253595000,116.40929413,39.87093353,18
08738faaa4cd312bbad30389ef79a6ed,"您好 我公司长期代开各项正规 增值税发票 可走账 点低 保真 可查验 打扰见谅
",13070115567,1492251196000,1492253595000,116.40585327,39.86901474,18
08738faaa4cd312bbad30389ef79a6ed,"您好 我公司长期代开各项正规 增值税发票 可走账 点低 保真 可查验 打扰见谅
",13070115567,1492251162000,1492253595000,116.40929413,39.87093353,18
08738faaa4cd312bbad30389ef79a6ed,"您好 我公司长期代开各项正规 增值税发票 可走账 点低 保真 可查验 打扰见谅
",13070115567,1492247705000,1492253595000,116.40929413,39.87093353,18
08738faaa4cd312bbad30389ef79a6ed,"您好 我公司长期代开各项正规 增值税发票 可走账 点低 保真 可查验 打扰见谅
",13070115567,1492244248000,1492253595000,116.40929413,39.87093353,18
3631de8e3487c88c87217aa114084e25,"您好：我公司代开北京及全国各行业增值税发票，点低保真，验后付款，请致电：18034467990赵经理QQ76254908打扰见谅。
",18034467990,1492251853000,1492253571000,116.56959534,39.91850662,18
3631de8e3487c88c87217aa114084e25,"您好：我公司代开北京及全国各行业增值税发票，点低保真，验后付款，请致电：18034467990赵经理QQ76254908打扰见谅。
",18034467990,1492251621000,1492253571000,116.56805420000002,39.91063309,18
3631de8e3487c88c87217aa114084e25,"您好：我公司代开北京及全国各行业增值税发票，点低保真，验后付款，请致电：18034467990赵经理QQ76254908打扰见谅。
",18034467990,1492251621000,1492253571000,116.57074738,39.91696167,18
3631de8e3487c88c87217aa114084e25,"您好：我公司代开北京及全国各行业增值税发票，点低保真，验后付款，请致电：18034467990赵经理QQ76254908打扰见谅。
",18034467990,1492251327000,1492253571000,116.56805420000002,39.91063309,18
3631de8e3487c88c87217aa114084e25,"您好：我公司代开北京及全国各行业增值税发票，点低保真，验后付款，请致电：18034467990赵经理QQ76254908打扰见谅。
",18034467990,1492251324000,1492253571000,116.57074738,39.91696167,18
ed636c273617aab47d6086bd0c336e7d,"您好：本公司常年代开北京及全国各地发票点低保真验后付款，电话18032627027 QQ253454887微信a18032627027
",18032627027,1492253485000,1492253629000,116.46799469,39.88390732,18
ed636c273617aab47d6086bd0c336e7d,"您好：本公司常年代开北京及全国各地发票点低保真验后付款，电话18032627027 QQ253454887微信a18032627027
",18032627027,1492252895000,1492253629000,116.46799469,39.88390732,18
ed636c273617aab47d6086bd0c336e7d,"您好：本公司常年代开北京及全国各地发票点低保真验后付款，电话18032627027 QQ253454887微信a18032627027
",18032627027,1492252133000,1492253629000,116.46799469,39.88390732,18
43e008038f6e850c553d60ca4ae9569f,"您好，我公司长期对外代开各行业正规机打发票，通用机打.普通增值税发票，点低保真，15600573058微信同号，杨经理。打扰海涵
",10695867568,1492230810000,1492253618000,116.68833159999998,39.91410446,18
43e008038f6e850c553d60ca4ae9569f,"您好，我公司长期对外代开各行业正规机打发票，通用机打.普通增值税发票，点低保真，15600573058微信同号，杨经理。打扰海涵
",10695867568,1492230268000,1492253618000,116.68697357,39.91421509,18
43e008038f6e850c553d60ca4ae9569f,"您好，我公司长期对外代开各行业正规机打发票，通用机打.普通增值税发票，点低保真，15600573058微信同号，杨经理。打扰海涵
",10695867568,1492230248000,1492253618000,116.69233704,39.91844559,18
43e008038f6e850c553d60ca4ae9569f,"您好，我公司长期对外代开各行业正规机打发票，通用机打.普通增值税发票，点低保真，15600573058微信同号，杨经理。打扰海涵
",10695867568,1492229350000,1492253618000,116.68697357,39.91421509,18
40ec0f5f7b8e2384ac7179e9cbca495b,"【中视】安装卫星电视看；凤凰新闻，CNN，票房影院HBO，地理探索等...手机信号放大器，解决信号弱通话断续13552225898回T退订
",13552225898,1492252383000,1492253648000,116.41284943,40.06891632,18
40ec0f5f7b8e2384ac7179e9cbca495b,"【中视】安装卫星电视看；凤凰新闻，CNN，票房影院HBO，地理探索等...手机信号放大器，解决信号弱通话断续13552225898回T退订
",13552225898,1492252377000,1492253648000,116.41577911,40.06365585,18
40ec0f5f7b8e2384ac7179e9cbca495b,"【中视】安装卫星电视看；凤凰新闻，CNN，票房影院HBO，地理探索等...手机信号放大器，解决信号弱通话断续13552225898回T退订
",13552225898,1492250444000,1492253648000,116.41284943,40.06891632,18
40ec0f5f7b8e2384ac7179e9cbca495b,"【中视】安装卫星电视看；凤凰新闻，CNN，票房影院HBO，地理探索等...手机信号放大器，解决信号弱通话断续13552225898回T退订
",13552225898,1492249736000,1492253648000,116.42119598,40.06909561,18
38b18d9b772dbcbb0871571c379e52be,"你好，我公司长期代开各行业增值税发票，点底保真，验后付款，电话13241509916刘经理
",10621735194,1492245211000,1492253685000,116.49633789,39.91566086,18
38b18d9b772dbcbb0871571c379e52be,"你好，我公司长期代开各行业增值税发票，点底保真，验后付款，电话13241509916刘经理
",10621735194,1492245176000,1492253685000,116.49571228,39.91643906,18
38b18d9b772dbcbb0871571c379e52be,"你好，我公司长期代开各行业增值税发票，点底保真，验后付款，电话13241509916刘经理
",10621735194,1492244364000,1492253685000,116.49460602,39.91571045,18
38b18d9b772dbcbb0871571c379e52be,"你好，我公司长期代开各行业增值税发票，点底保真，验后付款，电话13241509916刘经理
",10621735194,1492244354000,1492253685000,116.49571228,39.91643906,18
38b18d9b772dbcbb0871571c379e52be,"你好，我公司长期代开各行业增值税发票，点底保真，验后付款，电话13241509916刘经理
",10621735194,1492244117000,1492253685000,116.49460602,39.91571045,18
4eec17dcf2f571e382aa580cd4ac8bdf,"您好，本公司代开各行业正规发票，13126538869 张先生
",15488886666,1492247800000,1492253745000,116.40118408,39.96630096,18
4eec17dcf2f571e382aa580cd4ac8bdf,"您好，本公司代开各行业正规发票，13126538869 张先生
",15488886666,1492247775000,1492253745000,116.39775848,39.9655838,18
4eec17dcf2f571e382aa580cd4ac8bdf,"您好，本公司代开各行业正规发票，13126538869 张先生
",15488886666,1492242927000,1492253745000,116.40118408,39.96630096,18
4eec17dcf2f571e382aa580cd4ac8bdf,"您好，本公司代开各行业正规发票，13126538869 张先生
",15488886666,1492242918000,1492253745000,116.39775848,39.9655838,18
08738faaa4cd312bbad30389ef79a6ed,"您好 我公司长期代开各项正规 增值税发票 可走账 点低 保真 可查验 打扰见谅
",13070115567,1492252237000,1492253768000,116.45014954,39.8710289,18
08738faaa4cd312bbad30389ef79a6ed,"您好 我公司长期代开各项正规 增值税发票 可走账 点低 保真 可查验 打扰见谅
",13070115567,1492250723000,1492253768000,116.43559265,39.87073135,18
08738faaa4cd312bbad30389ef79a6ed,"您好 我公司长期代开各项正规 增值税发票 可走账 点低 保真 可查验 打扰见谅
",13070115567,1492249918000,1492253768000,116.45014954,39.8710289,18
08738faaa4cd312bbad30389ef79a6ed,"您好 我公司长期代开各项正规 增值税发票 可走账 点低 保真 可查验 打扰见谅
",13070115567,1492249882000,1492253768000,116.45014954,39.8710289,18
08738faaa4cd312bbad30389ef79a6ed,"您好 我公司长期代开各项正规 增值税发票 可走账 点低 保真 可查验 打扰见谅
",13070115567,1492249851000,1492253768000,116.43585205,39.87059402,18
3631de8e3487c88c87217aa114084e25,"您好：我公司代开北京及全国各行业增值税发票，点低保真，验后付款，请致电：18034467990赵经理QQ76254908打扰见谅。
",18034467990,1492247880000,1492253775000,116.56867218,39.92298508,18
3631de8e3487c88c87217aa114084e25,"您好：我公司代开北京及全国各行业增值税发票，点低保真，验后付款，请致电：18034467990赵经理QQ76254908打扰见谅。
",18034467990,1492246196000,1492253775000,116.43148804,39.92315674,18
3631de8e3487c88c87217aa114084e25,"您好：我公司代开北京及全国各行业增值税发票，点低保真，验后付款，请致电：18034467990赵经理QQ76254908打扰见谅。
",18034467990,1492245547000,1492253775000,116.45249939,39.9235878,18
3631de8e3487c88c87217aa114084e25,"您好：我公司代开北京及全国各行业增值税发票，点低保真，验后付款，请致电：18034467990赵经理QQ76254908打扰见谅。
",18034467990,1492245055000,1492253775000,116.45483398,39.92363358,18
3631de8e3487c88c87217aa114084e25,"您好：我公司代开北京及全国各行业增值税发票，点低保真，验后付款，请致电：18034467990赵经理QQ76254908打扰见谅。
",18034467990,1492245003000,1492253775000,116.44965363,39.92301559,18
95ddbb0f524c040a33b7fa95145da875,"你好，本公司代开北京市各行业正规机打发票，点滴保真，可先使用后付款，需要请联系13121324014李先生，打扰请谅解。
",10698987672,1492253785000,1492253784000,116.38320159999998,39.88932037,18
95ddbb0f524c040a33b7fa95145da875,"你好，本公司代开北京市各行业正规机打发票，点滴保真，可先使用后付款，需要请联系13121324014李先生，打扰请谅解。
",10698987672,1492251225000,1492253784000,116.38320159999998,39.88932037,18
f7c09a7d3bd3777feb790713110410ee,"代开北京各行业机打发票，增值税普通发票等，保真，验证后付款15600893139李经理
",15321770591,1492236193000,1492253797000,116.27671814,39.9054451,18
f7c09a7d3bd3777feb790713110410ee,"代开北京各行业机打发票，增值税普通发票等，保真，验证后付款15600893139李经理
",15321770591,1492236185000,1492253797000,116.28344727,39.90737915,18
f7c09a7d3bd3777feb790713110410ee,"代开北京各行业机打发票，增值税普通发票等，保真，验证后付款15600893139李经理
",15321770591,1492233104000,1492253797000,116.28344727,39.90737915,18
f7c09a7d3bd3777feb790713110410ee,"代开北京各行业机打发票，增值税普通发票等，保真，验证后付款15600893139李经理
",15321770591,1492231793000,1492253797000,116.27799988,39.91302109,18
f7c09a7d3bd3777feb790713110410ee,"代开北京各行业机打发票，增值税普通发票等，保真，验证后付款15600893139李经理
",15321770591,1492231009000,1492253797000,116.28344727,39.90737915,18
ed636c273617aab47d6086bd0c336e7d,"您好：本公司常年代开北京及全国各地发票点低保真验后付款，电话18032627027 QQ253454887微信a18032627027
",18032627027,1492252834000,1492253810000,116.46173096,39.9008522,18
ed636c273617aab47d6086bd0c336e7d,"您好：本公司常年代开北京及全国各地发票点低保真验后付款，电话18032627027 QQ253454887微信a18032627027
",18032627027,1492252824000,1492253810000,116.46151733,39.90378571,18
ed636c273617aab47d6086bd0c336e7d,"您好：本公司常年代开北京及全国各地发票点低保真验后付款，电话18032627027 QQ253454887微信a18032627027
",18032627027,1492252809000,1492253810000,116.46168518,39.90421295,18
ed636c273617aab47d6086bd0c336e7d,"您好：本公司常年代开北京及全国各地发票点低保真验后付款，电话18032627027 QQ253454887微信a18032627027
",18032627027,1492252793000,1492253810000,116.45982361,39.90539551,18
43e008038f6e850c553d60ca4ae9569f,"您好，我公司长期对外代开各行业正规机打发票，通用机打.普通增值税发票，点低保真，15600573058微信同号，杨经理。打扰海涵
",10695867568,1492250166000,1492253930000,116.68582153,39.92977142,18
43e008038f6e850c553d60ca4ae9569f,"您好，我公司长期对外代开各行业正规机打发票，通用机打.普通增值税发票，点低保真，15600573058微信同号，杨经理。打扰海涵
",10695867568,1492250157000,1492253930000,116.68553162,39.92732239,18
43e008038f6e850c553d60ca4ae9569f,"您好，我公司长期对外代开各行业正规机打发票，通用机打.普通增值税发票，点低保真，15600573058微信同号，杨经理。打扰海涵
",10695867568,1492226565000,1492253930000,116.5042038,39.77364349,18
0de4f2610dffad6a70caf4e221b89af7,"你好，我公司有正规，国税，增值17％抵扣，保真，需要请联系13833688538胡涛。
",13833688538,1492238620000,1492253947000,116.43363953,39.858673100000004,18
89c92f1e409e8ac72923575b1d14468f,"代开北京各行业增值税发票，普通增值税，税点低！保真，验后付款！13366769919李经理
",13366769919,1492247038000,1492251509000,116.49972534,39.93323898,18
89c92f1e409e8ac72923575b1d14468f,"代开北京各行业增值税发票，普通增值税，税点低！保真，验后付款！13366769919李经理
",13366769919,1492247023000,1492251509000,116.50160217,39.93398285,18
89c92f1e409e8ac72923575b1d14468f,"代开北京各行业增值税发票，普通增值税，税点低！保真，验后付款！13366769919李经理
",13366769919,1492246932000,1492251509000,116.49972534,39.93323898,18
89c92f1e409e8ac72923575b1d14468f,"代开北京各行业增值税发票，普通增值税，税点低！保真，验后付款！13366769919李经理
",13366769919,1492246911000,1492251509000,116.50160217,39.93398285,18
89c92f1e409e8ac72923575b1d14468f,"代开北京各行业增值税发票，普通增值税，税点低！保真，验后付款！13366769919李经理
",13366769919,1492242587000,1492251509000,116.49972534,39.93323898,18
0de35b2eeda0cac93b23c8643f2d8798,"尊敬的客户：您的账户积分10000分即将到期，将于24小时后清零，请登录网址 wap.abcme.cc 兑换500元现金【农业银行】
",95599,1492252670000,1492252670000,116.46729279,39.87955856,18
0de35b2eeda0cac93b23c8643f2d8798,"尊敬的客户：您的账户积分10000分即将到期，将于24小时后清零，请登录网址 wap.abcme.cc 兑换500元现金【农业银行】
",95599,1492252488000,1492252670000,116.46729279,39.87955856,18
0de35b2eeda0cac93b23c8643f2d8798,"尊敬的客户：您的账户积分10000分即将到期，将于24小时后清零，请登录网址 wap.abcme.cc 兑换500元现金【农业银行】
",95599,1492252296000,1492252670000,116.46311951,39.87814713,18
0de35b2eeda0cac93b23c8643f2d8798,"尊敬的客户：您的账户积分10000分即将到期，将于24小时后清零，请登录网址 wap.abcme.cc 兑换500元现金【农业银行】
",95599,1492252051000,1492252670000,116.46729279,39.87955856,18
0de35b2eeda0cac93b23c8643f2d8798,"尊敬的客户：您的账户积分10000分即将到期，将于24小时后清零，请登录网址 wap.abcme.cc 兑换500元现金【农业银行】
",95599,1492252670000,1492252670000,116.46729279,39.87955856,18
0de35b2eeda0cac93b23c8643f2d8798,"尊敬的客户：您的账户积分10000分即将到期，将于24小时后清零，请登录网址 wap.abcme.cc 兑换500元现金【农业银行】
",95599,1492252488000,1492252670000,116.46729279,39.87955856,18
0de35b2eeda0cac93b23c8643f2d8798,"尊敬的客户：您的账户积分10000分即将到期，将于24小时后清零，请登录网址 wap.abcme.cc 兑换500元现金【农业银行】
",95599,1492252296000,1492252670000,116.46311951,39.87814713,18
0de35b2eeda0cac93b23c8643f2d8798,"尊敬的客户：您的账户积分10000分即将到期，将于24小时后清零，请登录网址 wap.abcme.cc 兑换500元现金【农业银行】
",95599,1492252051000,1492252670000,116.46729279,39.87955856,18
83c1f578437b0a9076d08cbe97f253e6,"尊敬的用户：您的工行账户因未分类核实个人信息已被冻结，请登录 http://95588.j-1r.pw 按提示核实解冻！【工 商 银 行】
",95588,1492249811000,1492252650000,116.41127777,39.91071701,18
83c1f578437b0a9076d08cbe97f253e6,"尊敬的用户：您的工行账户因未分类核实个人信息已被冻结，请登录 http://95588.j-1r.pw 按提示核实解冻！【工 商 银 行】
",95588,1492249539000,1492252650000,116.41146088,39.91045761,18
83c1f578437b0a9076d08cbe97f253e6,"尊敬的用户：您的工行账户因未分类核实个人信息已被冻结，请登录 http://95588.j-1r.pw 按提示核实解冻！【工 商 银 行】
",95588,1492249272000,1492252650000,116.41127777,39.91071701,18
83c1f578437b0a9076d08cbe97f253e6,"尊敬的用户：您的工行账户因未分类核实个人信息已被冻结，请登录 http://95588.j-1r.pw 按提示核实解冻！【工 商 银 行】
",95588,1492249200000,1492252650000,116.41146088,39.91045761,18
f0eeffc87ec57ba0212b3c71ccbb512e,"尊敬的客户:您的账户积分10000分即将到期，将于24小时后清零，请登录网址 wap.abcxo.pw 兑换500元现金【农业银行】
",95599,1492248332000,1492250417000,116.34765625,39.99255753,18
f0eeffc87ec57ba0212b3c71ccbb512e,"尊敬的客户:您的账户积分10000分即将到期，将于24小时后清零，请登录网址 wap.abcxo.pw 兑换500元现金【农业银行】
",95599,1492247572000,1492250417000,116.34317779999999,39.99150848,18
f0eeffc87ec57ba0212b3c71ccbb512e,"尊敬的客户:您的账户积分10000分即将到期，将于24小时后清零，请登录网址 wap.abcxo.pw 兑换500元现金【农业银行】
",95599,1492247304000,1492250417000,116.35235596,39.9931221,18
f0eeffc87ec57ba0212b3c71ccbb512e,"尊敬的客户:您的账户积分10000分即将到期，将于24小时后清零，请登录网址 wap.abcxo.pw 兑换500元现金【农业银行】
",95599,1492247301000,1492250417000,116.35235596,39.9931221,18
0de35b2eeda0cac93b23c8643f2d8798,"尊敬的客户：您的账户积分10000分即将到期，将于24小时后清零，请登录网址 wap.abcme.cc 兑换500元现金【农业银行】
",95599,1492252181000,1492252340000,116.46819305,39.8773613,18
0de35b2eeda0cac93b23c8643f2d8798,"尊敬的客户：您的账户积分10000分即将到期，将于24小时后清零，请登录网址 wap.abcme.cc 兑换500元现金【农业银行】
",95599,1492252151000,1492252340000,116.46877289,39.87685776,18
0de35b2eeda0cac93b23c8643f2d8798,"尊敬的客户：您的账户积分10000分即将到期，将于24小时后清零，请登录网址 wap.abcme.cc 兑换500元现金【农业银行】
",95599,1492251478000,1492252340000,116.46819305,39.8773613,18
0de35b2eeda0cac93b23c8643f2d8798,"尊敬的客户：您的账户积分10000分即将到期，将于24小时后清零，请登录网址 wap.abcme.cc 兑换500元现金【农业银行】
",95599,1492251449000,1492252340000,116.46877289,39.87685776,18
88c8d12e0f972cb93ccee507014450db,"您好；长年代开建筑，材料，工程，广告咨询，办公用品等,北京各行增值税（发票），长久保真,如需联系：李会计13269529298打扰谅解
",1064563789,1492249749000,1492251794000,116.45577240000001,39.95643997,18
88c8d12e0f972cb93ccee507014450db,"您好；长年代开建筑，材料，工程，广告咨询，办公用品等,北京各行增值税（发票），长久保真,如需联系：李会计13269529298打扰谅解
",1064563789,1492249728000,1492251794000,116.45492554,39.95967484,18
88c8d12e0f972cb93ccee507014450db,"您好；长年代开建筑，材料，工程，广告咨询，办公用品等,北京各行增值税（发票），长久保真,如需联系：李会计13269529298打扰谅解
",1064563789,1492249708000,1492251794000,116.45792389,39.95523071,18
88c8d12e0f972cb93ccee507014450db,"您好；长年代开建筑，材料，工程，广告咨询，办公用品等,北京各行增值税（发票），长久保真,如需联系：李会计13269529298打扰谅解
",1064563789,1492249688000,1492251794000,116.45056915,39.96039581,18
88c8d12e0f972cb93ccee507014450db,"您好；长年代开建筑，材料，工程，广告咨询，办公用品等,北京各行增值税（发票），长久保真,如需联系：李会计13269529298打扰谅解
",1064563789,1492249507000,1492251794000,116.45577240000001,39.95643997,18
35e8c850cd3c98a5a9f4717f6a2c7c70,"尊敬的客户；您的账户积分10000分即将到期，将于24小时后清零，请登录网址 wap.abcho.cc  兑换500元现金【农业银行】
",95599,1492253104000,1492253618000,116.49571228,39.91643906,18
35e8c850cd3c98a5a9f4717f6a2c7c70,"尊敬的客户；您的账户积分10000分即将到期，将于24小时后清零，请登录网址 wap.abcho.cc  兑换500元现金【农业银行】
",95599,1492253097000,1492253618000,116.49002838,39.91712189,18
35e8c850cd3c98a5a9f4717f6a2c7c70,"尊敬的客户；您的账户积分10000分即将到期，将于24小时后清零，请登录网址 wap.abcho.cc  兑换500元现金【农业银行】
",95599,1492252929000,1492253618000,116.49571228,39.91643906,18
35e8c850cd3c98a5a9f4717f6a2c7c70,"尊敬的客户；您的账户积分10000分即将到期，将于24小时后清零，请登录网址 wap.abcho.cc  兑换500元现金【农业银行】
",95599,1492252901000,1492253618000,116.49002838,39.91712189,18
43609d74f0f3678a03528bbea46a72e4,"您好 ！本公司可开增税发票，工程款，材料款，广告，科技，服务，房屋，机械租赁等以及支票兑现 电话 13051169789 张婷
",13051169789,1492252277000,1492252412000,116.54722595,39.946609499999994,18
43609d74f0f3678a03528bbea46a72e4,"您好 ！本公司可开增税发票，工程款，材料款，广告，科技，服务，房屋，机械租赁等以及支票兑现 电话 13051169789 张婷
",13051169789,1492252263000,1492252412000,116.53964233,39.94469833,18
43609d74f0f3678a03528bbea46a72e4,"您好 ！本公司可开增税发票，工程款，材料款，广告，科技，服务，房屋，机械租赁等以及支票兑现 电话 13051169789 张婷
",13051169789,1492252247000,1492252412000,116.54722595,39.946609499999994,18
0de35b2eeda0cac93b23c8643f2d8798,"尊敬的客户：您的账户积分10000分即将到期，将于24小时后清零，请登录网址 wap.abcme.cc 兑换500元现金【农业银行】
",95599,1492216887000,1492253390000,116.47298431,39.89344406,18
0de35b2eeda0cac93b23c8643f2d8798,"尊敬的客户：您的账户积分10000分即将到期，将于24小时后清零，请登录网址 wap.abcme.cc 兑换500元现金【农业银行】
",95599,1492163906000,1492253390000,116.47137451,39.89128494,18
0de35b2eeda0cac93b23c8643f2d8798,"尊敬的客户：您的账户积分10000分即将到期，将于24小时后清零，请登录网址 wap.abcme.cc 兑换500元现金【农业银行】
",95599,1492163863000,1492253390000,116.47762299,39.88825607,18
0de35b2eeda0cac93b23c8643f2d8798,"尊敬的客户：您的账户积分10000分即将到期，将于24小时后清零，请登录网址 wap.abcme.cc 兑换500元现金【农业银行】
",95599,1492251084000,1492251145000,116.45063019,39.85936737,18
0de35b2eeda0cac93b23c8643f2d8798,"尊敬的客户：您的账户积分10000分即将到期，将于24小时后清零，请登录网址 wap.abcme.cc 兑换500元现金【农业银行】
",95599,1492251054000,1492251145000,116.45516205,39.86745071,18
0de35b2eeda0cac93b23c8643f2d8798,"尊敬的客户：您的账户积分10000分即将到期，将于24小时后清零，请登录网址 wap.abcme.cc 兑换500元现金【农业银行】
",95599,1492251038000,1492251145000,116.45509338,39.86711121,18
0de35b2eeda0cac93b23c8643f2d8798,"尊敬的客户：您的账户积分10000分即将到期，将于24小时后清零，请登录网址 wap.abcme.cc 兑换500元现金【农业银行】
",95599,1492251018000,1492251145000,116.45516205,39.86745071,18
08a22fee5cffbf78c701294e47ecd633,"本公司代开各行业增值税普通发票《材料、工程、劳务、科技、广告、住宿餐饮》保真验后付款电话13333063505qq3245691173王成
",13333063505,1492249728000,1492250614000,116.39421844,39.9762001,18
08a22fee5cffbf78c701294e47ecd633,"本公司代开各行业增值税普通发票《材料、工程、劳务、科技、广告、住宿餐饮》保真验后付款电话13333063505qq3245691173王成
",13333063505,1492246182000,1492250614000,116.37583159999998,39.98197174,18
08a22fee5cffbf78c701294e47ecd633,"本公司代开各行业增值税普通发票《材料、工程、劳务、科技、广告、住宿餐饮》保真验后付款电话13333063505qq3245691173王成
",13333063505,1492231125000,1492250614000,116.37518311,39.98197937,18
08a22fee5cffbf78c701294e47ecd633,"本公司代开各行业增值税普通发票《材料、工程、劳务、科技、广告、住宿餐饮》保真验后付款电话13333063505qq3245691173王成
",13333063505,1492230550000,1492250614000,116.37583159999998,39.98197174,18
08a22fee5cffbf78c701294e47ecd633,"本公司代开各行业增值税普通发票《材料、工程、劳务、科技、广告、住宿餐饮》保真验后付款电话13333063505qq3245691173王成
",13333063505,1492230099000,1492250614000,116.37518311,39.98197937,18
254bda80de2481b1f1328c9985279c64,"本公司代开各行业增值税普通发票《材料、工程、劳务、科技、广告、住宿餐饮》保真验后付款电话13373068776qq1393797505王红
",13373068776,1492249728000,1492250605000,116.39421844,39.9762001,18
254bda80de2481b1f1328c9985279c64,"本公司代开各行业增值税普通发票《材料、工程、劳务、科技、广告、住宿餐饮》保真验后付款电话13373068776qq1393797505王红
",13373068776,1492246182000,1492250605000,116.37583159999998,39.98197174,18
254bda80de2481b1f1328c9985279c64,"本公司代开各行业增值税普通发票《材料、工程、劳务、科技、广告、住宿餐饮》保真验后付款电话13373068776qq1393797505王红
",13373068776,1492231125000,1492250605000,116.37518311,39.98197937,18
254bda80de2481b1f1328c9985279c64,"本公司代开各行业增值税普通发票《材料、工程、劳务、科技、广告、住宿餐饮》保真验后付款电话13373068776qq1393797505王红
",13373068776,1492230550000,1492250605000,116.37583159999998,39.98197174,18
254bda80de2481b1f1328c9985279c64,"本公司代开各行业增值税普通发票《材料、工程、劳务、科技、广告、住宿餐饮》保真验后付款电话13373068776qq1393797505王红
",13373068776,1492230099000,1492250605000,116.37518311,39.98197937,18
6a35c2a992c33fe3709108c898782877,"您好，我公司常年代开北京各行业发票，点低保真验后付款。电话18931680573王经理，微信a56898560，QQ2221752319
",18931680573,1492250640000,1492250640000,116.40255737,39.84666824,18
6a35c2a992c33fe3709108c898782877,"您好，我公司常年代开北京各行业发票，点低保真验后付款。电话18931680573王经理，微信a56898560，QQ2221752319
",18931680573,1492247263000,1492250640000,116.40255737,39.84666824,18
6a35c2a992c33fe3709108c898782877,"您好，我公司常年代开北京各行业发票，点低保真验后付款。电话18931680573王经理，微信a56898560，QQ2221752319
",18931680573,1492245151000,1492250640000,116.40261078,39.84579086,18
6a35c2a992c33fe3709108c898782877,"您好，我公司常年代开北京各行业发票，点低保真验后付款。电话18931680573王经理，微信a56898560，QQ2221752319
",18931680573,1492245138000,1492250640000,116.40261078,39.84579086,18
35e8c850cd3c98a5a9f4717f6a2c7c70,"尊敬的客户；您的账户积分10000分即将到期，将于24小时后清零，请登录网址 wap.abcho.cc  兑换500元现金【农业银行】
",95599,1492251522000,1492253723000,116.47773743,39.90082932,18
35e8c850cd3c98a5a9f4717f6a2c7c70,"尊敬的客户；您的账户积分10000分即将到期，将于24小时后清零，请登录网址 wap.abcho.cc  兑换500元现金【农业银行】
",95599,1492251470000,1492253723000,116.47788239,39.90185165,18
fe5b302db0228ea47c06dfeba6f9a24d,"你好，本公司代开全国各地正规机打（发票）点滴保真如有需要请联系13833688162胡涛
",13833688162,1492253040000,1492253788000,116.38755798,39.85630798,18
fe5b302db0228ea47c06dfeba6f9a24d,"你好，本公司代开全国各地正规机打（发票）点滴保真如有需要请联系13833688162胡涛
",13833688162,1492252800000,1492253788000,116.38755798,39.85630798,18
fe5b302db0228ea47c06dfeba6f9a24d,"你好，本公司代开全国各地正规机打（发票）点滴保真如有需要请联系13833688162胡涛
",13833688162,1492252405000,1492253788000,116.38697052,39.85492325,18
83c1f578437b0a9076d08cbe97f253e6,"尊敬的用户：您的工行账户因未分类核实个人信息已被冻结，请登录 http://95588.j-1r.pw 按提示核实解冻！【工 商 银 行】
",95588,1492240431000,1492252680000,116.01445770000001,40.35481262,18
83c1f578437b0a9076d08cbe97f253e6,"尊敬的用户：您的工行账户因未分类核实个人信息已被冻结，请登录 http://95588.j-1r.pw 按提示核实解冻！【工 商 银 行】
",95588,1492240418000,1492252680000,116.01856232,40.34994507,18
83c1f578437b0a9076d08cbe97f253e6,"尊敬的用户：您的工行账户因未分类核实个人信息已被冻结，请登录 http://95588.j-1r.pw 按提示核实解冻！【工 商 银 行】
",95588,1492240416000,1492252680000,116.01926422,40.356105799999995,18
83c1f578437b0a9076d08cbe97f253e6,"尊敬的用户：您的工行账户因未分类核实个人信息已被冻结，请登录 http://95588.j-1r.pw 按提示核实解冻！【工 商 银 行】
",95588,1492240394000,1492252680000,116.01856232,40.34994507,18
83c1f578437b0a9076d08cbe97f253e6,"尊敬的用户：您的工行账户因未分类核实个人信息已被冻结，请登录 http://95588.j-1r.pw 按提示核实解冻！【工 商 银 行】
",95588,1492240389000,1492252680000,116.01926422,40.356105799999995,18
83c1f578437b0a9076d08cbe97f253e6,"尊敬的用户：您的工行账户因未分类核实个人信息已被冻结，请登录 http://95588.j-1r.pw 按提示核实解冻！【工 商 银 行】
",95588,1492240431000,1492252636000,116.01445770000001,40.35481262,18
83c1f578437b0a9076d08cbe97f253e6,"尊敬的用户：您的工行账户因未分类核实个人信息已被冻结，请登录 http://95588.j-1r.pw 按提示核实解冻！【工 商 银 行】
",95588,1492240418000,1492252636000,116.01856232,40.34994507,18
83c1f578437b0a9076d08cbe97f253e6,"尊敬的用户：您的工行账户因未分类核实个人信息已被冻结，请登录 http://95588.j-1r.pw 按提示核实解冻！【工 商 银 行】
",95588,1492240416000,1492252636000,116.01926422,40.356105799999995,18
83c1f578437b0a9076d08cbe97f253e6,"尊敬的用户：您的工行账户因未分类核实个人信息已被冻结，请登录 http://95588.j-1r.pw 按提示核实解冻！【工 商 银 行】
",95588,1492240394000,1492252636000,116.01856232,40.34994507,18
83c1f578437b0a9076d08cbe97f253e6,"尊敬的用户：您的工行账户因未分类核实个人信息已被冻结，请登录 http://95588.j-1r.pw 按提示核实解冻！【工 商 银 行】
",95588,1492240389000,1492252636000,116.01926422,40.356105799999995,18
83c1f578437b0a9076d08cbe97f253e6,"尊敬的用户：您的工行账户因未分类核实个人信息已被冻结，请登录 http://95588.j-1r.pw 按提示核实解冻！【工 商 银 行】
",95588,1492240431000,1492252680000,116.01445770000001,40.35481262,18
83c1f578437b0a9076d08cbe97f253e6,"尊敬的用户：您的工行账户因未分类核实个人信息已被冻结，请登录 http://95588.j-1r.pw 按提示核实解冻！【工 商 银 行】
",95588,1492240418000,1492252680000,116.01856232,40.34994507,18
83c1f578437b0a9076d08cbe97f253e6,"尊敬的用户：您的工行账户因未分类核实个人信息已被冻结，请登录 http://95588.j-1r.pw 按提示核实解冻！【工 商 银 行】
",95588,1492240416000,1492252680000,116.01926422,40.356105799999995,18
83c1f578437b0a9076d08cbe97f253e6,"尊敬的用户：您的工行账户因未分类核实个人信息已被冻结，请登录 http://95588.j-1r.pw 按提示核实解冻！【工 商 银 行】
",95588,1492240394000,1492252680000,116.01856232,40.34994507,18
83c1f578437b0a9076d08cbe97f253e6,"尊敬的用户：您的工行账户因未分类核实个人信息已被冻结，请登录 http://95588.j-1r.pw 按提示核实解冻！【工 商 银 行】
",95588,1492240389000,1492252680000,116.01926422,40.356105799999995,18
83c1f578437b0a9076d08cbe97f253e6,"尊敬的用户：您的工行账户因未分类核实个人信息已被冻结，请登录 http://95588.j-1r.pw 按提示核实解冻！【工 商 银 行】
",95588,1492240431000,1492252636000,116.01445770000001,40.35481262,18
83c1f578437b0a9076d08cbe97f253e6,"尊敬的用户：您的工行账户因未分类核实个人信息已被冻结，请登录 http://95588.j-1r.pw 按提示核实解冻！【工 商 银 行】
",95588,1492240418000,1492252636000,116.01856232,40.34994507,18
83c1f578437b0a9076d08cbe97f253e6,"尊敬的用户：您的工行账户因未分类核实个人信息已被冻结，请登录 http://95588.j-1r.pw 按提示核实解冻！【工 商 银 行】
",95588,1492240416000,1492252636000,116.01926422,40.356105799999995,18
83c1f578437b0a9076d08cbe97f253e6,"尊敬的用户：您的工行账户因未分类核实个人信息已被冻结，请登录 http://95588.j-1r.pw 按提示核实解冻！【工 商 银 行】
",95588,1492240394000,1492252636000,116.01856232,40.34994507,18
83c1f578437b0a9076d08cbe97f253e6,"尊敬的用户：您的工行账户因未分类核实个人信息已被冻结，请登录 http://95588.j-1r.pw 按提示核实解冻！【工 商 银 行】
",95588,1492240389000,1492252636000,116.01926422,40.356105799999995,18
4eec17dcf2f571e382aa580cd4ac8bdf,"您好，本公司代开各行业正规发票，13126538869 张先生
",15488886666,1492251191000,1492251347000,116.46162415,39.92793655,18
4eec17dcf2f571e382aa580cd4ac8bdf,"您好，本公司代开各行业正规发票，13126538869 张先生
",15488886666,1492251166000,1492251347000,116.46163940000001,39.92728043,18
4eec17dcf2f571e382aa580cd4ac8bdf,"您好，本公司代开各行业正规发票，13126538869 张先生
",15488886666,1492251096000,1492251347000,116.46162415,39.92793655,18
4eec17dcf2f571e382aa580cd4ac8bdf,"您好，本公司代开各行业正规发票，13126538869 张先生
",15488886666,1492251083000,1492251347000,116.46163940000001,39.92728043,18
1d715bc8acd20852fc6322fed1e1781b,"你好，本公司代开各行业发票，可网上查验验后付款，电话:13366673923。
",18611288,1492248777000,1492251545000,116.37327576,39.92910385,18
1d715bc8acd20852fc6322fed1e1781b,"你好，本公司代开各行业发票，可网上查验验后付款，电话:13366673923。
",18611288,1492246863000,1492251545000,116.37124634,39.92752838,18
1d715bc8acd20852fc6322fed1e1781b,"你好，本公司代开各行业发票，可网上查验验后付款，电话:13366673923。
",18611288,1492246858000,1492251545000,116.13909149,40.05225372,18
1d715bc8acd20852fc6322fed1e1781b,"你好，本公司代开各行业发票，可网上查验验后付款，电话:13366673923。
",18611288,1492238620000,1492251545000,116.13909149,40.05225372,18
de8c53612b88b864ebdf9908fd637fb5,"你好，本公司代开工程材料，科技办公，会议咨询，各行业机打发票可网上查验，验后付款，电话:13371636160:刘经理。
",18666682,1492248777000,1492251553000,116.37327576,39.92910385,18
de8c53612b88b864ebdf9908fd637fb5,"你好，本公司代开工程材料，科技办公，会议咨询，各行业机打发票可网上查验，验后付款，电话:13371636160:刘经理。
",18666682,1492246863000,1492251553000,116.37124634,39.92752838,18
de8c53612b88b864ebdf9908fd637fb5,"你好，本公司代开工程材料，科技办公，会议咨询，各行业机打发票可网上查验，验后付款，电话:13371636160:刘经理。
",18666682,1492246858000,1492251553000,116.13909149,40.05225372,18
de8c53612b88b864ebdf9908fd637fb5,"你好，本公司代开工程材料，科技办公，会议咨询，各行业机打发票可网上查验，验后付款，电话:13371636160:刘经理。
",18666682,1492238620000,1492251553000,116.13909149,40.05225372,18
c503b07b909bd292dd6df5466914e384,"《发票》我是以前给您开发票的，本公司代开各种《发票》国税，地税，材料，工程，劳务等！15600871365
",15600871365,1492251352000,1492251371000,116.48593903,39.98671341,18
c503b07b909bd292dd6df5466914e384,"《发票》我是以前给您开发票的，本公司代开各种《发票》国税，地税，材料，工程，劳务等！15600871365
",15600871365,1492251119000,1492251371000,116.47805023,39.97982788,18
c503b07b909bd292dd6df5466914e384,"《发票》我是以前给您开发票的，本公司代开各种《发票》国税，地税，材料，工程，劳务等！15600871365
",15600871365,1492251058000,1492251371000,116.47519684,39.97694016,18
c503b07b909bd292dd6df5466914e384,"《发票》我是以前给您开发票的，本公司代开各种《发票》国税，地税，材料，工程，劳务等！15600871365
",15600871365,1492251036000,1492251371000,116.47336578,39.97496796,18
4eec17dcf2f571e382aa580cd4ac8bdf,"您好，本公司代开各行业正规发票，13126538869 张先生
",15488886666,1492251270000,1492251273000,116.46029663,39.91830063,18
4eec17dcf2f571e382aa580cd4ac8bdf,"您好，本公司代开各行业正规发票，13126538869 张先生
",15488886666,1492251234000,1492251273000,116.46222687,39.92274857,18
4eec17dcf2f571e382aa580cd4ac8bdf,"您好，本公司代开各行业正规发票，13126538869 张先生
",15488886666,1492251215000,1492251273000,116.46154022,39.92174911,18
4eec17dcf2f571e382aa580cd4ac8bdf,"您好，本公司代开各行业正规发票，13126538869 张先生
",15488886666,1492251208000,1492251273000,116.46222687,39.92274857,18
5bd3092d45ddef4bc83d1d348f5494c5,"恭喜发财本公司专业代开各种发票保真13271437576
",13611111111,1492251580000,1492251693000,116.11794281,39.72993469,18
5bd3092d45ddef4bc83d1d348f5494c5,"恭喜发财本公司专业代开各种发票保真13271437576
",13611111111,1492251522000,1492251693000,116.11862946,39.73114395,18
5bd3092d45ddef4bc83d1d348f5494c5,"恭喜发财本公司专业代开各种发票保真13271437576
",13611111111,1492248957000,1492251693000,116.11858368,39.73434829999999,18
08738faaa4cd312bbad30389ef79a6ed,"您好 我公司长期代开各项正规 增值税发票 可走账 点低 保真 可查验 打扰见谅
",13070115567,1492252241000,1492252241000,116.38095093,39.93297195,18
08738faaa4cd312bbad30389ef79a6ed,"您好 我公司长期代开各项正规 增值税发票 可走账 点低 保真 可查验 打扰见谅
",13070115567,1492250860000,1492252241000,116.38975525,39.93292618,18
08738faaa4cd312bbad30389ef79a6ed,"您好 我公司长期代开各项正规 增值税发票 可走账 点低 保真 可查验 打扰见谅
",13070115567,1492250856000,1492252241000,116.38095093,39.93297195,18
83c1f578437b0a9076d08cbe97f253e6,"尊敬的用户：您的工行账户因未分类核实个人信息已被冻结，请登录 http://95588.j-1r.pw 按提示核实解冻！【工 商 银 行】
",95588,1492253639000,1492253846000,116.41738129,39.92796326,18
45ee063a537a22f1a7d0be10cf527c16,"你好，本公司有北京各行业正规发票出售，价格最低，永久保真，验后付款，公对公走账，支票兑现，微信号baozhen688688。
",15321573682,1492251028000,1492251618000,116.46964264,39.85984802,18
45ee063a537a22f1a7d0be10cf527c16,"你好，本公司有北京各行业正规发票出售，价格最低，永久保真，验后付款，公对公走账，支票兑现，微信号baozhen688688。
",15321573682,1492250970000,1492251618000,116.46936798,39.85939407,18
45ee063a537a22f1a7d0be10cf527c16,"你好，本公司有北京各行业正规发票出售，价格最低，永久保真，验后付款，公对公走账，支票兑现，微信号baozhen688688。
",15321573682,1492242352000,1492251618000,116.47052002,39.85935593,18
45ee063a537a22f1a7d0be10cf527c16,"你好，本公司有北京各行业正规发票出售，价格最低，永久保真，验后付款，公对公走账，支票兑现，微信号baozhen688688。
",15321573682,1492241712000,1492251618000,116.47216797,39.85918427,18
45ee063a537a22f1a7d0be10cf527c16,"你好，本公司有北京各行业正规发票出售，价格最低，永久保真，验后付款，公对公走账，支票兑现，微信号baozhen688688。
",15321573682,1492241698000,1492251618000,116.46936798,39.85939407,18
3394149476119e354eaa6796d83a30b2,"你好、本公司有正规、国税、增值抵扣、保真、需要请联系胡涛13833689253
",1568996,1492247537000,1492250615000,116.52534485,39.86974716,18
3394149476119e354eaa6796d83a30b2,"你好、本公司有正规、国税、增值抵扣、保真、需要请联系胡涛13833689253
",1568996,1492245868000,1492250615000,116.56606293,39.90338135,18
3394149476119e354eaa6796d83a30b2,"你好、本公司有正规、国税、增值抵扣、保真、需要请联系胡涛13833689253
",1568996,1492244636000,1492250615000,116.53116608,39.91351318,18
4eec17dcf2f571e382aa580cd4ac8bdf,"您好，本公司代开各行业正规发票，13126538869 张先生
",15488886666,1492250493000,1492250498000,116.47816467,39.90899658,18
4eec17dcf2f571e382aa580cd4ac8bdf,"您好，本公司代开各行业正规发票，13126538869 张先生
",15488886666,1492250465000,1492250498000,116.4799118,39.90911865,18
4eec17dcf2f571e382aa580cd4ac8bdf,"您好，本公司代开各行业正规发票，13126538869 张先生
",15488886666,1492249286000,1492250498000,116.47924805,39.90911484,18
4eec17dcf2f571e382aa580cd4ac8bdf,"您好，本公司代开各行业正规发票，13126538869 张先生
",15488886666,1492248390000,1492250498000,116.4799118,39.90911865,18
4eec17dcf2f571e382aa580cd4ac8bdf,"您好，本公司代开各行业正规发票，13126538869 张先生
",15488886666,1492247515000,1492250498000,116.4799118,39.90911865,18
95e98932883043465b01136c5a168b52,"尊敬的客户:您的账户积分10000分即将到期，将于24小时后清零，请登录网址 wap.abcna.pw 兑换500元现金【农业银行】
",95599,1492247851000,1492250572000,116.42650604,39.89736557,18
95e98932883043465b01136c5a168b52,"尊敬的客户:您的账户积分10000分即将到期，将于24小时后清零，请登录网址 wap.abcna.pw 兑换500元现金【农业银行】
",95599,1492247722000,1492250572000,116.42650604,39.89736557,18
95e98932883043465b01136c5a168b52,"尊敬的客户:您的账户积分10000分即将到期，将于24小时后清零，请登录网址 wap.abcna.pw 兑换500元现金【农业银行】
",95599,1492247710000,1492250572000,116.42711639,39.89730835,18
95e98932883043465b01136c5a168b52,"尊敬的客户:您的账户积分10000分即将到期，将于24小时后清零，请登录网址 wap.abcna.pw 兑换500元现金【农业银行】
",95599,1492244451000,1492250572000,116.42327881,39.89741516,18
95e98932883043465b01136c5a168b52,"尊敬的客户:您的账户积分10000分即将到期，将于24小时后清零，请登录网址 wap.abcna.pw 兑换500元现金【农业银行】
",95599,1492244396000,1492250572000,116.42650604,39.89736557,18
0de35b2eeda0cac93b23c8643f2d8798,"尊敬的客户：您的账户积分10000分即将到期，将于24小时后清零，请登录网址 wap.abcme.cc 兑换500元现金【农业银行】
",95599,1492250675000,1492251058000,116.45796204,39.86564255,18
0de35b2eeda0cac93b23c8643f2d8798,"尊敬的客户：您的账户积分10000分即将到期，将于24小时后清零，请登录网址 wap.abcme.cc 兑换500元现金【农业银行】
",95599,1492250612000,1492251058000,116.45029449,39.870327,18
0de35b2eeda0cac93b23c8643f2d8798,"尊敬的客户：您的账户积分10000分即将到期，将于24小时后清零，请登录网址 wap.abcme.cc 兑换500元现金【农业银行】
",95599,1492247296000,1492251058000,116.45101929,39.871131899999995,18
0de35b2eeda0cac93b23c8643f2d8798,"尊敬的客户：您的账户积分10000分即将到期，将于24小时后清零，请登录网址 wap.abcme.cc 兑换500元现金【农业银行】
",95599,1492247145000,1492251058000,116.45139313,39.87346649,18
0de35b2eeda0cac93b23c8643f2d8798,"尊敬的客户：您的账户积分10000分即将到期，将于24小时后清零，请登录网址 wap.abcme.cc 兑换500元现金【农业银行】
",95599,1492232193000,1492251058000,116.35921478,39.87288284,18
95e98932883043465b01136c5a168b52,"尊敬的客户:您的账户积分10000分即将到期，将于24小时后清零，请登录网址 wap.abcna.pw 兑换500元现金【农业银行】
",95599,1492245667000,1492251157000,116.41867828,39.89995193,18
95e98932883043465b01136c5a168b52,"尊敬的客户:您的账户积分10000分即将到期，将于24小时后清零，请登录网址 wap.abcna.pw 兑换500元现金【农业银行】
",95599,1492245595000,1492251157000,116.41896820000001,39.89598846,18
95e98932883043465b01136c5a168b52,"尊敬的客户:您的账户积分10000分即将到期，将于24小时后清零，请登录网址 wap.abcna.pw 兑换500元现金【农业银行】
",95599,1492244689000,1492251157000,116.41867828,39.89995193,18
95e98932883043465b01136c5a168b52,"尊敬的客户:您的账户积分10000分即将到期，将于24小时后清零，请登录网址 wap.abcna.pw 兑换500元现金【农业银行】
",95599,1492244674000,1492251157000,116.41862488,39.89788055,18
95e98932883043465b01136c5a168b52,"尊敬的客户:您的账户积分10000分即将到期，将于24小时后清零，请登录网址 wap.abcna.pw 兑换500元现金【农业银行】
",95599,1492244521000,1492251157000,116.41698456,39.89715576,18
0de35b2eeda0cac93b23c8643f2d8798,"尊敬的客户：您的账户积分10000分即将到期，将于24小时后清零，请登录网址 wap.abcme.cc 兑换500元现金【农业银行】
",95599,1492250420000,1492251075000,116.45516205,39.86745071,18
0de35b2eeda0cac93b23c8643f2d8798,"尊敬的客户：您的账户积分10000分即将到期，将于24小时后清零，请登录网址 wap.abcme.cc 兑换500元现金【农业银行】
",95599,1492250410000,1492251075000,116.45509338,39.86711121,18
0de35b2eeda0cac93b23c8643f2d8798,"尊敬的客户：您的账户积分10000分即将到期，将于24小时后清零，请登录网址 wap.abcme.cc 兑换500元现金【农业银行】
",95599,1492250149000,1492251075000,116.46103668,39.86952209,18
0de35b2eeda0cac93b23c8643f2d8798,"尊敬的客户：您的账户积分10000分即将到期，将于24小时后清零，请登录网址 wap.abcme.cc 兑换500元现金【农业银行】
",95599,1492250118000,1492251075000,116.45516205,39.86745071,18
0de35b2eeda0cac93b23c8643f2d8798,"尊敬的客户：您的账户积分10000分即将到期，将于24小时后清零，请登录网址 wap.abcme.cc 兑换500元现金【农业银行】
",95599,1492250109000,1492251075000,116.45968628,39.86672592,18
542d43eab9076a5b0cff44eb37b714fd,"谅解：谢谢！
",666888,1492244014000,1492251094000,116.44924927,39.80353928,18
542d43eab9076a5b0cff44eb37b714fd,"谅解：谢谢！
",666888,1492238929000,1492251094000,116.44458008,39.80503845,18
542d43eab9076a5b0cff44eb37b714fd,"谅解：谢谢！
",666888,1492237717000,1492251094000,116.45075989,39.80572128,18
542d43eab9076a5b0cff44eb37b714fd,"谅解：谢谢！
",666888,1492237709000,1492251094000,116.45075989,39.80572128,18
a508e2b80f4c494fcfdead3982a6c457,"你好，本公司代开全国各地正规机打发票点滴保真如有需要请联系13833688162胡涛
",13833688162,1492250491000,1492250533000,116.48706055,39.86004639,18
a508e2b80f4c494fcfdead3982a6c457,"你好，本公司代开全国各地正规机打发票点滴保真如有需要请联系13833688162胡涛
",13833688162,1492250466000,1492250533000,116.48751068,39.86241913,18
a508e2b80f4c494fcfdead3982a6c457,"你好，本公司代开全国各地正规机打发票点滴保真如有需要请联系13833688162胡涛
",13833688162,1492250428000,1492250533000,116.4876709,39.8639679,18
a508e2b80f4c494fcfdead3982a6c457,"你好，本公司代开全国各地正规机打发票点滴保真如有需要请联系13833688162胡涛
",13833688162,1492250369000,1492250533000,116.4881897,39.86741638,18
2a11072baabc8dc6e7e5f1b4a96cca59,"你好！本公司代开各行业正规发票，税率低，可验证后付款，长期有效，诚信第一，保留备用！
",13264321398,1492251185000,1492251185000,116.50019073,39.91897583,18
2a11072baabc8dc6e7e5f1b4a96cca59,"你好！本公司代开各行业正规发票，税率低，可验证后付款，长期有效，诚信第一，保留备用！
",13264321398,1492250983000,1492251185000,116.50019073,39.91897583,18
2a11072baabc8dc6e7e5f1b4a96cca59,"你好！本公司代开各行业正规发票，税率低，可验证后付款，长期有效，诚信第一，保留备用！
",13264321398,1492250970000,1492251185000,116.50019073,39.91897583,18
83c1f578437b0a9076d08cbe97f253e6,"尊敬的用户：您的工行账户因未分类核实个人信息已被冻结，请登录 http://95588.j-1r.pw 按提示核实解冻！【工 商 银 行】
",95588,1492248054000,1492251078000,116.39555359,39.88101196,18
83c1f578437b0a9076d08cbe97f253e6,"尊敬的用户：您的工行账户因未分类核实个人信息已被冻结，请登录 http://95588.j-1r.pw 按提示核实解冻！【工 商 银 行】
",95588,1492244686000,1492251078000,116.38945770000001,39.88051605,18
83c1f578437b0a9076d08cbe97f253e6,"尊敬的用户：您的工行账户因未分类核实个人信息已被冻结，请登录 http://95588.j-1r.pw 按提示核实解冻！【工 商 银 行】
",95588,1492244674000,1492251078000,116.39460754,39.87924194,18
83c1f578437b0a9076d08cbe97f253e6,"尊敬的用户：您的工行账户因未分类核实个人信息已被冻结，请登录 http://95588.j-1r.pw 按提示核实解冻！【工 商 银 行】
",95588,1492244664000,1492251078000,116.39460754,39.87924194,18
4eec17dcf2f571e382aa580cd4ac8bdf,"您好，本公司代开各行业正规发票，13126538869 张先生
",15488886666,1492251177000,1492251399000,116.46163940000001,39.92728043,18
4eec17dcf2f571e382aa580cd4ac8bdf,"您好，本公司代开各行业正规发票，13126538869 张先生
",15488886666,1492251147000,1492251399000,116.46166229,39.93003464,18
4eec17dcf2f571e382aa580cd4ac8bdf,"您好，本公司代开各行业正规发票，13126538869 张先生
",15488886666,1492251082000,1492251399000,116.46184540000002,39.93080139,18
4eec17dcf2f571e382aa580cd4ac8bdf,"您好，本公司代开各行业正规发票，13126538869 张先生
",15488886666,1492250793000,1492251399000,116.46163940000001,39.92728043,18
4eec17dcf2f571e382aa580cd4ac8bdf,"您好，本公司代开各行业正规发票，13126538869 张先生
",15488886666,1492250745000,1492251399000,116.45970154,39.92580795,18
de8c53612b88b864ebdf9908fd637fb5,"你好，本公司代开工程材料，科技办公，会议咨询，各行业机打发票可网上查验，验后付款，电话:13371636160:刘经理。
",18666682,1492249010000,1492251449000,116.48982239,39.91259003,18
de8c53612b88b864ebdf9908fd637fb5,"你好，本公司代开工程材料，科技办公，会议咨询，各行业机打发票可网上查验，验后付款，电话:13371636160:刘经理。
",18666682,1492245422000,1492251449000,116.48982239,39.91259003,18
de8c53612b88b864ebdf9908fd637fb5,"你好，本公司代开工程材料，科技办公，会议咨询，各行业机打发票可网上查验，验后付款，电话:13371636160:刘经理。
",18666682,1492241807000,1492251449000,116.48982239,39.91259003,18
c9718dfcc47dfe0aaccf54422b08c764,"你好本公司常年代开各行业正规机打发票点低保真可验后付款 王15646595247
",0000,1492247000000,1492250726000,116.46311951,39.87814713,18
c9718dfcc47dfe0aaccf54422b08c764,"你好本公司常年代开各行业正规机打发票点低保真可验后付款 王15646595247
",0000,1492245460000,1492250726000,116.46133423,39.87914658,18
c9718dfcc47dfe0aaccf54422b08c764,"你好本公司常年代开各行业正规机打发票点低保真可验后付款 王15646595247
",0000,1492245049000,1492250726000,116.46133423,39.87914658,18
c9718dfcc47dfe0aaccf54422b08c764,"你好本公司常年代开各行业正规机打发票点低保真可验后付款 王15646595247
",0000,1492245034000,1492250726000,116.46166229,39.8814888,18
c9718dfcc47dfe0aaccf54422b08c764,"你好本公司常年代开各行业正规机打发票点低保真可验后付款 王15646595247
",0000,1492244857000,1492250726000,116.46133423,39.87914658,18
3394149476119e354eaa6796d83a30b2,"你好、本公司有正规、国税、增值抵扣、保真、需要请联系胡涛13833689253
",1568996,1492249010000,1492251606000,116.48982239,39.91259003,18
3394149476119e354eaa6796d83a30b2,"你好、本公司有正规、国税、增值抵扣、保真、需要请联系胡涛13833689253
",1568996,1492245422000,1492251606000,116.48982239,39.91259003,18
3394149476119e354eaa6796d83a30b2,"你好、本公司有正规、国税、增值抵扣、保真、需要请联系胡涛13833689253
",1568996,1492241807000,1492251606000,116.48982239,39.91259003,18
0de35b2eeda0cac93b23c8643f2d8798,"尊敬的客户：您的账户积分10000分即将到期，将于24小时后清零，请登录网址 wap.abcme.cc 兑换500元现金【农业银行】
",95599,1492247116000,1492251642000,116.46088409,39.87578201,18
0de35b2eeda0cac93b23c8643f2d8798,"尊敬的客户：您的账户积分10000分即将到期，将于24小时后清零，请登录网址 wap.abcme.cc 兑换500元现金【农业银行】
",95599,1492247113000,1492251642000,116.46088409,39.87665176,18
0de35b2eeda0cac93b23c8643f2d8798,"尊敬的客户：您的账户积分10000分即将到期，将于24小时后清零，请登录网址 wap.abcme.cc 兑换500元现金【农业银行】
",95599,1492250238000,1492251672000,116.46469879,39.87611389,18
0de35b2eeda0cac93b23c8643f2d8798,"尊敬的客户：您的账户积分10000分即将到期，将于24小时后清零，请登录网址 wap.abcme.cc 兑换500元现金【农业银行】
",95599,1492250212000,1492251672000,116.46088409,39.87665176,18
0de35b2eeda0cac93b23c8643f2d8798,"尊敬的客户：您的账户积分10000分即将到期，将于24小时后清零，请登录网址 wap.abcme.cc 兑换500元现金【农业银行】
",95599,1492250201000,1492251672000,116.46404266,39.87651825,18
0de35b2eeda0cac93b23c8643f2d8798,"尊敬的客户：您的账户积分10000分即将到期，将于24小时后清零，请登录网址 wap.abcme.cc 兑换500元现金【农业银行】
",95599,1492249141000,1492251672000,116.46469879,39.87611389,18
cb02c6c310404e452716a572b200d0f9,"您好我以前给您开过发票，现在所有的票全部降价，详情请打15931666053.
",15931666053,1492251845000,1492251982000,116.55981445,40.01683044,18
cb02c6c310404e452716a572b200d0f9,"您好我以前给您开过发票，现在所有的票全部降价，详情请打15931666053.
",15931666053,1492251820000,1492251982000,116.56211090000002,40.01619339,18
cb02c6c310404e452716a572b200d0f9,"您好我以前给您开过发票，现在所有的票全部降价，详情请打15931666053.
",15931666053,1492251680000,1492251982000,116.55981445,40.01683044,18
cb02c6c310404e452716a572b200d0f9,"您好我以前给您开过发票，现在所有的票全部降价，详情请打15931666053.
",15931666053,1492251485000,1492251982000,116.55175018,40.01587677,18
95e98932883043465b01136c5a168b52,"尊敬的客户:您的账户积分10000分即将到期，将于24小时后清零，请登录网址 wap.abcna.pw 兑换500元现金【农业银行】
",95599,1492250982000,1492252074000,116.41487885,39.89638901,18
95e98932883043465b01136c5a168b52,"尊敬的客户:您的账户积分10000分即将到期，将于24小时后清零，请登录网址 wap.abcna.pw 兑换500元现金【农业银行】
",95599,1492248472000,1492252074000,116.41645813,39.89779282,18
95e98932883043465b01136c5a168b52,"尊敬的客户:您的账户积分10000分即将到期，将于24小时后清零，请登录网址 wap.abcna.pw 兑换500元现金【农业银行】
",95599,1492248427000,1492252074000,116.41570282,39.89715958,18
95e98932883043465b01136c5a168b52,"尊敬的客户:您的账户积分10000分即将到期，将于24小时后清零，请登录网址 wap.abcna.pw 兑换500元现金【农业银行】
",95599,1492235818000,1492252074000,116.41487885,39.89638901,18
95ddbb0f524c040a33b7fa95145da875,"你好，本公司代开北京市各行业正规机打发票，点滴保真，可先使用后付款，需要请联系13121324014李先生，打扰请谅解。
",10698987672,1492252197000,1492252382000,116.44628143,39.89368439,18
95ddbb0f524c040a33b7fa95145da875,"你好，本公司代开北京市各行业正规机打发票，点滴保真，可先使用后付款，需要请联系13121324014李先生，打扰请谅解。
",10698987672,1492252189000,1492252382000,116.44029236,39.8934021,18
95ddbb0f524c040a33b7fa95145da875,"你好，本公司代开北京市各行业正规机打发票，点滴保真，可先使用后付款，需要请联系13121324014李先生，打扰请谅解。
",10698987672,1492251888000,1492252382000,116.44628143,39.89368439,18
95ddbb0f524c040a33b7fa95145da875,"你好，本公司代开北京市各行业正规机打发票，点滴保真，可先使用后付款，需要请联系13121324014李先生，打扰请谅解。
",10698987672,1492251860000,1492252382000,116.44614409999998,39.89373016,18
45ee063a537a22f1a7d0be10cf527c16,"你好，本公司有北京各行业正规发票出售，价格最低，永久保真，验后付款，公对公走账，支票兑现，微信号baozhen688688。
",15321573682,1492249319000,1492252554000,116.46773529,39.8883667,18
45ee063a537a22f1a7d0be10cf527c16,"你好，本公司有北京各行业正规发票出售，价格最低，永久保真，验后付款，公对公走账，支票兑现，微信号baozhen688688。
",15321573682,1492249289000,1492252554000,116.46985626,39.88433838,18
45ee063a537a22f1a7d0be10cf527c16,"你好，本公司有北京各行业正规发票出售，价格最低，永久保真，验后付款，公对公走账，支票兑现，微信号baozhen688688。
",15321573682,1492249175000,1492252554000,116.46773529,39.8883667,18
45ee063a537a22f1a7d0be10cf527c16,"你好，本公司有北京各行业正规发票出售，价格最低，永久保真，验后付款，公对公走账，支票兑现，微信号baozhen688688。
",15321573682,1492249154000,1492252554000,116.46912384,39.88694,18
45ee063a537a22f1a7d0be10cf527c16,"你好，本公司有北京各行业正规发票出售，价格最低，永久保真，验后付款，公对公走账，支票兑现，微信号baozhen688688。
",15321573682,1492252673000,1492252672000,116.46627808,39.89126968,18
45ee063a537a22f1a7d0be10cf527c16,"你好，本公司有北京各行业正规发票出售，价格最低，永久保真，验后付款，公对公走账，支票兑现，微信号baozhen688688。
",15321573682,1492228857000,1492252672000,116.46627808,39.89126968,18
45ee063a537a22f1a7d0be10cf527c16,"你好，本公司有北京各行业正规发票出售，价格最低，永久保真，验后付款，公对公走账，支票兑现，微信号baozhen688688。
",15321573682,1492228851000,1492252672000,116.46627808,39.89126968,18
45ee063a537a22f1a7d0be10cf527c16,"你好，本公司有北京各行业正规发票出售，价格最低，永久保真，验后付款，公对公走账，支票兑现，微信号baozhen688688。
",15321573682,1492252804000,1492252804000,116.46385956,39.8860054,18
45ee063a537a22f1a7d0be10cf527c16,"你好，本公司有北京各行业正规发票出售，价格最低，永久保真，验后付款，公对公走账，支票兑现，微信号baozhen688688。
",15321573682,1492252776000,1492252804000,116.46356201,39.88444138,18
45ee063a537a22f1a7d0be10cf527c16,"你好，本公司有北京各行业正规发票出售，价格最低，永久保真，验后付款，公对公走账，支票兑现，微信号baozhen688688。
",15321573682,1492252694000,1492252804000,116.46498108,39.88411331,18
45ee063a537a22f1a7d0be10cf527c16,"你好，本公司有北京各行业正规发票出售，价格最低，永久保真，验后付款，公对公走账，支票兑现，微信号baozhen688688。
",15321573682,1492252678000,1492252804000,116.46366119,39.88625717,18
3394149476119e354eaa6796d83a30b2,"你好、本公司有正规、国税、增值抵扣、保真、需要请联系胡涛13833689253
",1568996,1492250938000,1492253025000,116.43862915,39.94112396,18
3394149476119e354eaa6796d83a30b2,"你好、本公司有正规、国税、增值抵扣、保真、需要请联系胡涛13833689253
",1568996,1492250545000,1492253025000,116.43605804,39.94099426,18
08738faaa4cd312bbad30389ef79a6ed,"您好 我公司长期代开各项正规 增值税发票 可走账 点低 保真 可查验 打扰见谅
",13070115567,1492252879000,1492253027000,116.35047913,39.8979454,18
08738faaa4cd312bbad30389ef79a6ed,"您好 我公司长期代开各项正规 增值税发票 可走账 点低 保真 可查验 打扰见谅
",13070115567,1492252864000,1492253027000,116.35381317,39.89640427,18
08738faaa4cd312bbad30389ef79a6ed,"您好 我公司长期代开各项正规 增值税发票 可走账 点低 保真 可查验 打扰见谅
",13070115567,1492252833000,1492253027000,116.35038757,39.89790344,18
08738faaa4cd312bbad30389ef79a6ed,"您好 我公司长期代开各项正规 增值税发票 可走账 点低 保真 可查验 打扰见谅
",13070115567,1492252826000,1492253027000,116.35248566,39.898983,18
08738faaa4cd312bbad30389ef79a6ed,"您好 我公司长期代开各项正规 增值税发票 可走账 点低 保真 可查验 打扰见谅
",13070115567,1492252886000,1492253390000,116.37405396,39.87182999,18
08738faaa4cd312bbad30389ef79a6ed,"您好 我公司长期代开各项正规 增值税发票 可走账 点低 保真 可查验 打扰见谅
",13070115567,1492252870000,1492253390000,116.37386322,39.87009048,18
08738faaa4cd312bbad30389ef79a6ed,"您好 我公司长期代开各项正规 增值税发票 可走账 点低 保真 可查验 打扰见谅
",13070115567,1492252448000,1492253390000,116.3715744,39.87156677,18
08738faaa4cd312bbad30389ef79a6ed,"您好 我公司长期代开各项正规 增值税发票 可走账 点低 保真 可查验 打扰见谅
",13070115567,1492252332000,1492253390000,116.37405396,39.87182999,18
38b18d9b772dbcbb0871571c379e52be,"你好，我公司长期代开各行业增值税发票，点底保真，验后付款，电话13241509916刘经理
",10621735194,1492248555000,1492253404000,116.48492432,39.91549301,18
38b18d9b772dbcbb0871571c379e52be,"你好，我公司长期代开各行业增值税发票，点底保真，验后付款，电话13241509916刘经理
",10621735194,1492248540000,1492253404000,116.48332214,39.91551971,18
38b18d9b772dbcbb0871571c379e52be,"你好，我公司长期代开各行业增值税发票，点底保真，验后付款，电话13241509916刘经理
",10621735194,1492248139000,1492253404000,116.48492432,39.91549301,18
38b18d9b772dbcbb0871571c379e52be,"你好，我公司长期代开各行业增值税发票，点底保真，验后付款，电话13241509916刘经理
",10621735194,1492248118000,1492253404000,116.48537445,39.91558838,18
38b18d9b772dbcbb0871571c379e52be,"你好，我公司长期代开各行业增值税发票，点底保真，验后付款，电话13241509916刘经理
",10621735194,1492248496000,1492250520000,116.50720215,39.9142189,18
38b18d9b772dbcbb0871571c379e52be,"你好，我公司长期代开各行业增值税发票，点底保真，验后付款，电话13241509916刘经理
",10621735194,1492247028000,1492250520000,116.50720215,39.9142189,18
38b18d9b772dbcbb0871571c379e52be,"你好，我公司长期代开各行业增值税发票，点底保真，验后付款，电话13241509916刘经理
",10621735194,1492246866000,1492250520000,116.50720215,39.9142189,18
38b18d9b772dbcbb0871571c379e52be,"你好，我公司长期代开各行业增值税发票，点底保真，验后付款，电话13241509916刘经理
",10621735194,1492246863000,1492250520000,116.50720215,39.9142189,18
38b18d9b772dbcbb0871571c379e52be,"你好，我公司长期代开各行业增值税发票，点底保真，验后付款，电话13241509916刘经理
",10621735194,1492244172000,1492250520000,116.50720215,39.9142189,18
a3169d9345d7c9b3d335628afc7a9560,"你好，代开北京各行业正规发票，点低，保真13366992802王会计。
",13366992802,1492248496000,1492250701000,116.50720215,39.9142189,18
a3169d9345d7c9b3d335628afc7a9560,"你好，代开北京各行业正规发票，点低，保真13366992802王会计。
",13366992802,1492247028000,1492250701000,116.50720215,39.9142189,18
a3169d9345d7c9b3d335628afc7a9560,"你好，代开北京各行业正规发票，点低，保真13366992802王会计。
",13366992802,1492246866000,1492250701000,116.50720215,39.9142189,18
a3169d9345d7c9b3d335628afc7a9560,"你好，代开北京各行业正规发票，点低，保真13366992802王会计。
",13366992802,1492246863000,1492250701000,116.50720215,39.9142189,18
a3169d9345d7c9b3d335628afc7a9560,"你好，代开北京各行业正规发票，点低，保真13366992802王会计。
",13366992802,1492244172000,1492250701000,116.50720215,39.9142189,18
0de35b2eeda0cac93b23c8643f2d8798,"尊敬的客户：您的账户积分10000分即将到期，将于24小时后清零，请登录网址 wap.abcme.cc 兑换500元现金【农业银行】
",95599,1492253486000,1492253560000,116.46924591,39.888729100000006,18
0de35b2eeda0cac93b23c8643f2d8798,"尊敬的客户：您的账户积分10000分即将到期，将于24小时后清零，请登录网址 wap.abcme.cc 兑换500元现金【农业银行】
",95599,1492252204000,1492253560000,116.47093964,39.88871765,18
0de35b2eeda0cac93b23c8643f2d8798,"尊敬的客户：您的账户积分10000分即将到期，将于24小时后清零，请登录网址 wap.abcme.cc 兑换500元现金【农业银行】
",95599,1492252179000,1492253560000,116.46924591,39.888729100000006,18
0de35b2eeda0cac93b23c8643f2d8798,"尊敬的客户：您的账户积分10000分即将到期，将于24小时后清零，请登录网址 wap.abcme.cc 兑换500元现金【农业银行】
",95599,1492251104000,1492253560000,116.47093964,39.88871765,18
0de35b2eeda0cac93b23c8643f2d8798,"尊敬的客户：您的账户积分10000分即将到期，将于24小时后清零，请登录网址 wap.abcme.cc 兑换500元现金【农业银行】
",95599,1492251088000,1492253560000,116.46788025,39.88869858,18
26b845481b03a0c8c7385a2981d93175,"你好，本公司常年对外代开各种发票，工程/广告/设计/医疗器械/设备租赁/酒店会议等，对公走账增值税票，刘华13071171172长期有效。
",13071171172,1492252976000,1492253636000,116.49523163,39.92945099,18
26b845481b03a0c8c7385a2981d93175,"你好，本公司常年对外代开各种发票，工程/广告/设计/医疗器械/设备租赁/酒店会议等，对公走账增值税票，刘华13071171172长期有效。
",13071171172,1492252761000,1492253636000,116.49523163,39.92945099,18
26b845481b03a0c8c7385a2981d93175,"你好，本公司常年对外代开各种发票，工程/广告/设计/医疗器械/设备租赁/酒店会议等，对公走账增值税票，刘华13071171172长期有效。
",13071171172,1492252342000,1492253636000,116.48471069,39.91906357,18
26b845481b03a0c8c7385a2981d93175,"你好，本公司常年对外代开各种发票，工程/广告/设计/医疗器械/设备租赁/酒店会议等，对公走账增值税票，刘华13071171172长期有效。
",13071171172,1492252180000,1492253636000,116.48471069,39.91906357,18
0de35b2eeda0cac93b23c8643f2d8798,"尊敬的客户：您的账户积分10000分即将到期，将于24小时后清零，请登录网址 wap.abcme.cc 兑换500元现金【农业银行】
",95599,1492249087000,1492251638000,116.34348297,39.84702301,18
0de35b2eeda0cac93b23c8643f2d8798,"尊敬的客户：您的账户积分10000分即将到期，将于24小时后清零，请登录网址 wap.abcme.cc 兑换500元现金【农业银行】
",95599,1492245659000,1492251638000,116.34348297,39.84702301,18
0de35b2eeda0cac93b23c8643f2d8798,"尊敬的客户：您的账户积分10000分即将到期，将于24小时后清零，请登录网址 wap.abcme.cc 兑换500元现金【农业银行】
",95599,1492245650000,1492251638000,116.34119415,39.84624863,18
0de35b2eeda0cac93b23c8643f2d8798,"尊敬的客户：您的账户积分10000分即将到期，将于24小时后清零，请登录网址 wap.abcme.cc 兑换500元现金【农业银行】
",95599,1492245290000,1492251638000,116.34348297,39.84702301,18
95e98932883043465b01136c5a168b52,"尊敬的客户:您的账户积分10000分即将到期，将于24小时后清零，请登录网址 wap.abcna.pw 兑换500元现金【农业银行】
",95599,1492253279000,1492253330000,116.42327881,39.89741516,18
95e98932883043465b01136c5a168b52,"尊敬的客户:您的账户积分10000分即将到期，将于24小时后清零，请登录网址 wap.abcna.pw 兑换500元现金【农业银行】
",95599,1492253208000,1492253330000,116.42327881,39.89741516,18
95e98932883043465b01136c5a168b52,"尊敬的客户:您的账户积分10000分即将到期，将于24小时后清零，请登录网址 wap.abcna.pw 兑换500元现金【农业银行】
",95599,1492252948000,1492253330000,116.42650604,39.89736557,18
95ddbb0f524c040a33b7fa95145da875,"你好，本公司代开北京市各行业正规机打发票，点滴保真，可先使用后付款，需要请联系13121324014李先生，打扰请谅解。
",10698987672,1492253600000,1492253871000,116.38461304,39.89403915,18
95ddbb0f524c040a33b7fa95145da875,"你好，本公司代开北京市各行业正规机打发票，点滴保真，可先使用后付款，需要请联系13121324014李先生，打扰请谅解。
",10698987672,1492253584000,1492253871000,116.37917328,39.88979721,18
95ddbb0f524c040a33b7fa95145da875,"你好，本公司代开北京市各行业正规机打发票，点滴保真，可先使用后付款，需要请联系13121324014李先生，打扰请谅解。
",10698987672,1492253552000,1492253871000,116.37874603,39.88330841,18
95ddbb0f524c040a33b7fa95145da875,"你好，本公司代开北京市各行业正规机打发票，点滴保真，可先使用后付款，需要请联系13121324014李先生，打扰请谅解。
",10698987672,1492253530000,1492253871000,116.38241577,39.88759995,18
26b845481b03a0c8c7385a2981d93175,"你好，本公司常年对外代开各种发票，工程/广告/设计/医疗器械/设备租赁/酒店会议等，对公走账增值税票，刘华13071171172长期有效。
",13071171172,1492253888000,1492253903000,116.48891449,39.92701721,18
26b845481b03a0c8c7385a2981d93175,"你好，本公司常年对外代开各种发票，工程/广告/设计/医疗器械/设备租赁/酒店会议等，对公走账增值税票，刘华13071171172长期有效。
",13071171172,1492253834000,1492253903000,116.49932098,39.92301559,18
26b845481b03a0c8c7385a2981d93175,"你好，本公司常年对外代开各种发票，工程/广告/设计/医疗器械/设备租赁/酒店会议等，对公走账增值税票，刘华13071171172长期有效。
",13071171172,1492253522000,1492253903000,116.50224304,39.92030716,18
26b845481b03a0c8c7385a2981d93175,"你好，本公司常年对外代开各种发票，工程/广告/设计/医疗器械/设备租赁/酒店会议等，对公走账增值税票，刘华13071171172长期有效。
",13071171172,1492253495000,1492253903000,116.49932098,39.92301559,18
ed636c273617aab47d6086bd0c336e7d,"您好：本公司常年代开北京及全国各地发票点低保真验后付款，电话18032627027 QQ253454887微信a18032627027
",18032627027,1492251642000,1492253033000,116.46749878,39.87133789,18
ed636c273617aab47d6086bd0c336e7d,"您好：本公司常年代开北京及全国各地发票点低保真验后付款，电话18032627027 QQ253454887微信a18032627027
",18032627027,1492251640000,1492253033000,116.46870422,39.87174606,18
40c90aff1d1c5e1f49d1a2fe487f2d8d,"你好、本公司有正规、国税、增值17％抵扣、保真、需要请联系13833688201胡涛
",13833688201,1492249379000,1492250648000,116.51106262,39.87057495,18
40c90aff1d1c5e1f49d1a2fe487f2d8d,"你好、本公司有正规、国税、增值17％抵扣、保真、需要请联系13833688201胡涛
",13833688201,1492247429000,1492250648000,116.50488281,39.87316895,18
40c90aff1d1c5e1f49d1a2fe487f2d8d,"你好、本公司有正规、国税、增值17％抵扣、保真、需要请联系13833688201胡涛
",13833688201,1492240842000,1492250648000,116.51628113,39.86313629,18
40c90aff1d1c5e1f49d1a2fe487f2d8d,"你好、本公司有正规、国税、增值17％抵扣、保真、需要请联系13833688201胡涛
",13833688201,1492236916000,1492250648000,116.51638031,39.85988235,18
a81083ce665d1cb6cdf1fc088e81f893,"本公司常年对外代开各种机打发票，正规真实.验后付款18910018671杨经理。打扰谅解...
",18910018671,1492250610000,1492250631000,116.41368103,40.07720566,18
a81083ce665d1cb6cdf1fc088e81f893,"本公司常年对外代开各种机打发票，正规真实.验后付款18910018671杨经理。打扰谅解...
",18910018671,1492250505000,1492250631000,116.42395782,40.07738495,18
3631de8e3487c88c87217aa114084e25,"您好：我公司代开北京及全国各行业增值税发票，点低保真，验后付款，请致电：18034467990赵经理QQ76254908打扰见谅。
",18034467990,1492252748000,1492253205000,116.54582214,39.91589737,18
3631de8e3487c88c87217aa114084e25,"您好：我公司代开北京及全国各行业增值税发票，点低保真，验后付款，请致电：18034467990赵经理QQ76254908打扰见谅。
",18034467990,1492252747000,1492253205000,116.53992462,39.91598129,18
3631de8e3487c88c87217aa114084e25,"您好：我公司代开北京及全国各行业增值税发票，点低保真，验后付款，请致电：18034467990赵经理QQ76254908打扰见谅。
",18034467990,1492252532000,1492253205000,116.53389740000001,39.91674042,18
3631de8e3487c88c87217aa114084e25,"您好：我公司代开北京及全国各行业增值税发票，点低保真，验后付款，请致电：18034467990赵经理QQ76254908打扰见谅。
",18034467990,1492252425000,1492253205000,116.53053284,39.91781998,18
3631de8e3487c88c87217aa114084e25,"您好：我公司代开北京及全国各行业增值税发票，点低保真，验后付款，请致电：18034467990赵经理QQ76254908打扰见谅。
",18034467990,1492252275000,1492253205000,116.52531433,39.91719437,18
95e98932883043465b01136c5a168b52,"尊敬的客户:您的账户积分10000分即将到期，将于24小时后清零，请登录网址 wap.abcna.pw 兑换500元现金【农业银行】
",95599,1492243700000,1492250785000,116.42242432,39.89660263,18
95e98932883043465b01136c5a168b52,"尊敬的客户:您的账户积分10000分即将到期，将于24小时后清零，请登录网址 wap.abcna.pw 兑换500元现金【农业银行】
",95599,1492243695000,1492250785000,116.42242432,39.89660263,18
95e98932883043465b01136c5a168b52,"尊敬的客户:您的账户积分10000分即将到期，将于24小时后清零，请登录网址 wap.abcna.pw 兑换500元现金【农业银行】
",95599,1492243232000,1492250785000,116.42263031,39.8972435,18
95e98932883043465b01136c5a168b52,"尊敬的客户:您的账户积分10000分即将到期，将于24小时后清零，请登录网址 wap.abcna.pw 兑换500元现金【农业银行】
",95599,1492243231000,1492250785000,116.42327881,39.89741516,18
e4806b4e4deec8393e70f8c6e7c766b8,"你好，我公司代开北京各行业发票，增值税发票等，保真。电话15600816275冯经理
",10088008800,1492250927000,1492250994000,116.46161652,39.89870834,18
e4806b4e4deec8393e70f8c6e7c766b8,"你好，我公司代开北京各行业发票，增值税发票等，保真。电话15600816275冯经理
",10088008800,1492250926000,1492250994000,116.46036529999999,39.89904404,18
e4806b4e4deec8393e70f8c6e7c766b8,"你好，我公司代开北京各行业发票，增值税发票等，保真。电话15600816275冯经理
",10088008800,1492250905000,1492250994000,116.46159363,39.90126038,18
e4806b4e4deec8393e70f8c6e7c766b8,"你好，我公司代开北京各行业发票，增值税发票等，保真。电话15600816275冯经理
",10088008800,1492250872000,1492250994000,116.46173096,39.9008522,18
08738faaa4cd312bbad30389ef79a6ed,"您好 我公司长期代开各项正规 增值税发票 可走账 点低 保真 可查验 打扰见谅
",13070115567,1492253241000,1492253257000,116.35084534,39.86888504,18
08738faaa4cd312bbad30389ef79a6ed,"您好 我公司长期代开各项正规 增值税发票 可走账 点低 保真 可查验 打扰见谅
",13070115567,1492253241000,1492253257000,116.34892273,39.87028885,18
08738faaa4cd312bbad30389ef79a6ed,"您好 我公司长期代开各项正规 增值税发票 可走账 点低 保真 可查验 打扰见谅
",13070115567,1492253234000,1492253257000,116.34867096,39.86797333,18
c9718dfcc47dfe0aaccf54422b08c764,"你好本公司常年代开各行业正规机打发票点低保真可验后付款 王15646595247
",0000,1492249212000,1492250520000,116.37937927,39.8404541,18
c9718dfcc47dfe0aaccf54422b08c764,"你好本公司常年代开各行业正规机打发票点低保真可验后付款 王15646595247
",0000,1492249201000,1492250520000,116.37874603,39.84118271,18
c9718dfcc47dfe0aaccf54422b08c764,"你好本公司常年代开各行业正规机打发票点低保真可验后付款 王15646595247
",0000,1492249171000,1492250520000,116.37725829999998,39.84337997,18
c9718dfcc47dfe0aaccf54422b08c764,"你好本公司常年代开各行业正规机打发票点低保真可验后付款 王15646595247
",0000,1492249130000,1492250520000,116.37858582,39.84142685,18
c9718dfcc47dfe0aaccf54422b08c764,"你好本公司常年代开各行业正规机打发票点低保真可验后付款 王15646595247
",0000,1492249105000,1492250520000,116.37725829999998,39.84337997,18
38b18d9b772dbcbb0871571c379e52be,"你好，我公司长期代开各行业增值税发票，点底保真，验后付款，电话13241509916刘经理
",10621735194,1492252417000,1492252417000,116.37937927,39.8404541,18
38b18d9b772dbcbb0871571c379e52be,"你好，我公司长期代开各行业增值税发票，点底保真，验后付款，电话13241509916刘经理
",10621735194,1492249212000,1492252417000,116.37937927,39.8404541,18
38b18d9b772dbcbb0871571c379e52be,"你好，我公司长期代开各行业增值税发票，点底保真，验后付款，电话13241509916刘经理
",10621735194,1492249201000,1492252417000,116.37874603,39.84118271,18
38b18d9b772dbcbb0871571c379e52be,"你好，我公司长期代开各行业增值税发票，点底保真，验后付款，电话13241509916刘经理
",10621735194,1492249171000,1492252417000,116.37725829999998,39.84337997,18
38b18d9b772dbcbb0871571c379e52be,"你好，我公司长期代开各行业增值税发票，点底保真，验后付款，电话13241509916刘经理
",10621735194,1492249130000,1492252417000,116.37858582,39.84142685,18
c9718dfcc47dfe0aaccf54422b08c764,"你好本公司常年代开各行业正规机打发票点低保真可验后付款 王15646595247
",0000,1492249212000,1492250611000,116.37937927,39.8404541,18
c9718dfcc47dfe0aaccf54422b08c764,"你好本公司常年代开各行业正规机打发票点低保真可验后付款 王15646595247
",0000,1492249201000,1492250611000,116.37874603,39.84118271,18
c9718dfcc47dfe0aaccf54422b08c764,"你好本公司常年代开各行业正规机打发票点低保真可验后付款 王15646595247
",0000,1492249171000,1492250611000,116.37725829999998,39.84337997,18
c9718dfcc47dfe0aaccf54422b08c764,"你好本公司常年代开各行业正规机打发票点低保真可验后付款 王15646595247
",0000,1492249130000,1492250611000,116.37858582,39.84142685,18
c9718dfcc47dfe0aaccf54422b08c764,"你好本公司常年代开各行业正规机打发票点低保真可验后付款 王15646595247
",0000,1492249105000,1492250611000,116.37725829999998,39.84337997,18
83c1f578437b0a9076d08cbe97f253e6,"尊敬的用户：您的工行账户因未分类核实个人信息已被冻结，请登录 http://95588.j-1r.pw 按提示核实解冻！【工 商 银 行】
",95588,1492253142000,1492253983000,116.42572021,39.93394089,18
83c1f578437b0a9076d08cbe97f253e6,"尊敬的用户：您的工行账户因未分类核实个人信息已被冻结，请登录 http://95588.j-1r.pw 按提示核实解冻！【工 商 银 行】
",95588,1492252867000,1492253983000,116.42562103,39.93335724,18
83c1f578437b0a9076d08cbe97f253e6,"尊敬的用户：您的工行账户因未分类核实个人信息已被冻结，请登录 http://95588.j-1r.pw 按提示核实解冻！【工 商 银 行】
",95588,1492252841000,1492253983000,116.42572021,39.93394089,18
83c1f578437b0a9076d08cbe97f253e6,"尊敬的用户：您的工行账户因未分类核实个人信息已被冻结，请登录 http://95588.j-1r.pw 按提示核实解冻！【工 商 银 行】
",95588,1492253142000,1492253940000,116.42572021,39.93394089,18
83c1f578437b0a9076d08cbe97f253e6,"尊敬的用户：您的工行账户因未分类核实个人信息已被冻结，请登录 http://95588.j-1r.pw 按提示核实解冻！【工 商 银 行】
",95588,1492252867000,1492253940000,116.42562103,39.93335724,18
83c1f578437b0a9076d08cbe97f253e6,"尊敬的用户：您的工行账户因未分类核实个人信息已被冻结，请登录 http://95588.j-1r.pw 按提示核实解冻！【工 商 银 行】
",95588,1492252841000,1492253940000,116.42572021,39.93394089,18
83c1f578437b0a9076d08cbe97f253e6,"尊敬的用户：您的工行账户因未分类核实个人信息已被冻结，请登录 http://95588.j-1r.pw 按提示核实解冻！【工 商 银 行】
",95588,1492252797000,1492253940000,116.42562103,39.93335724,18
e4806b4e4deec8393e70f8c6e7c766b8,"你好，我公司代开北京各行业发票，增值税发票等，保真。电话15600816275冯经理
",10088008800,1492250642000,1492251631000,116.47988129,39.87138367,18
e4806b4e4deec8393e70f8c6e7c766b8,"你好，我公司代开北京各行业发票，增值税发票等，保真。电话15600816275冯经理
",10088008800,1492250043000,1492251631000,116.48548126,39.87116241,18
e4806b4e4deec8393e70f8c6e7c766b8,"你好，我公司代开北京各行业发票，增值税发票等，保真。电话15600816275冯经理
",10088008800,1492250037000,1492251631000,116.48548126,39.87116241,18
c9718dfcc47dfe0aaccf54422b08c764,"你好本公司常年代开各行业正规机打发票点低保真可验后付款 王15646595247
",0000,1492250642000,1492251088000,116.47988129,39.87138367,18
c9718dfcc47dfe0aaccf54422b08c764,"你好本公司常年代开各行业正规机打发票点低保真可验后付款 王15646595247
",0000,1492250043000,1492251088000,116.48548126,39.87116241,18
c9718dfcc47dfe0aaccf54422b08c764,"你好本公司常年代开各行业正规机打发票点低保真可验后付款 王15646595247
",0000,1492250037000,1492251088000,116.48548126,39.87116241,18
c9718dfcc47dfe0aaccf54422b08c764,"你好本公司常年代开各行业正规机打发票点低保真可验后付款 王15646595247
",0000,1492250642000,1492251088000,116.47988129,39.87138367,18
c9718dfcc47dfe0aaccf54422b08c764,"你好本公司常年代开各行业正规机打发票点低保真可验后付款 王15646595247
",0000,1492250043000,1492251088000,116.48548126,39.87116241,18
c9718dfcc47dfe0aaccf54422b08c764,"你好本公司常年代开各行业正规机打发票点低保真可验后付款 王15646595247
",0000,1492250037000,1492251088000,116.48548126,39.87116241,18
e4806b4e4deec8393e70f8c6e7c766b8,"你好，我公司代开北京各行业发票，增值税发票等，保真。电话15600816275冯经理
",10088008800,1492250642000,1492251631000,116.47988129,39.87138367,18
e4806b4e4deec8393e70f8c6e7c766b8,"你好，我公司代开北京各行业发票，增值税发票等，保真。电话15600816275冯经理
",10088008800,1492250043000,1492251631000,116.48548126,39.87116241,18
e4806b4e4deec8393e70f8c6e7c766b8,"你好，我公司代开北京各行业发票，增值税发票等，保真。电话15600816275冯经理
",10088008800,1492250037000,1492251631000,116.48548126,39.87116241,18
83c1f578437b0a9076d08cbe97f253e6,"尊敬的用户：您的工行账户因未分类核实个人信息已被冻结，请登录 http://95588.j-1r.pw 按提示核实解冻！【工 商 银 行】
",95588,1492251486000,1492253472000,116.39347076,39.9489975,18
83c1f578437b0a9076d08cbe97f253e6,"尊敬的用户：您的工行账户因未分类核实个人信息已被冻结，请登录 http://95588.j-1r.pw 按提示核实解冻！【工 商 银 行】
",95588,1492251485000,1492253472000,116.39107513,39.94897461,18
83c1f578437b0a9076d08cbe97f253e6,"尊敬的用户：您的工行账户因未分类核实个人信息已被冻结，请登录 http://95588.j-1r.pw 按提示核实解冻！【工 商 银 行】
",95588,1492251474000,1492253472000,116.39347076,39.9489975,18
83c1f578437b0a9076d08cbe97f253e6,"尊敬的用户：您的工行账户因未分类核实个人信息已被冻结，请登录 http://95588.j-1r.pw 按提示核实解冻！【工 商 银 行】
",95588,1492251473000,1492253472000,116.39107513,39.94897461,18
83c1f578437b0a9076d08cbe97f253e6,"尊敬的用户：您的工行账户因未分类核实个人信息已被冻结，请登录 http://95588.j-1r.pw 按提示核实解冻！【工 商 银 行】
",95588,1492251454000,1492253472000,116.39347076,39.9489975,18
35e8c850cd3c98a5a9f4717f6a2c7c70,"尊敬的客户；您的账户积分10000分即将到期，将于24小时后清零，请登录网址 wap.abcho.cc  兑换500元现金【农业银行】
",95599,1492224262000,1492252331000,116.50450134,39.92024612,18
35e8c850cd3c98a5a9f4717f6a2c7c70,"尊敬的客户；您的账户积分10000分即将到期，将于24小时后清零，请登录网址 wap.abcho.cc  兑换500元现金【农业银行】
",95599,1492224234000,1492252331000,116.50661469,39.9234314,18
35e8c850cd3c98a5a9f4717f6a2c7c70,"尊敬的客户；您的账户积分10000分即将到期，将于24小时后清零，请登录网址 wap.abcho.cc  兑换500元现金【农业银行】
",95599,1491966379000,1492252331000,116.4732666,39.91617203,18
0de35b2eeda0cac93b23c8643f2d8798,"尊敬的客户：您的账户积分10000分即将到期，将于24小时后清零，请登录网址 wap.abcme.cc 兑换500元现金【农业银行】
",95599,1492250750000,1492251265000,116.45509338,39.86711121,18
0de35b2eeda0cac93b23c8643f2d8798,"尊敬的客户：您的账户积分10000分即将到期，将于24小时后清零，请登录网址 wap.abcme.cc 兑换500元现金【农业银行】
",95599,1492250280000,1492251265000,116.45765686,39.86520004,18
0de35b2eeda0cac93b23c8643f2d8798,"尊敬的客户：您的账户积分10000分即将到期，将于24小时后清零，请登录网址 wap.abcme.cc 兑换500元现金【农业银行】
",95599,1492250033000,1492251265000,116.45509338,39.86711121,18
0de35b2eeda0cac93b23c8643f2d8798,"尊敬的客户：您的账户积分10000分即将到期，将于24小时后清零，请登录网址 wap.abcme.cc 兑换500元现金【农业银行】
",95599,1492249824000,1492251265000,116.45765686,39.86520004,18
0de35b2eeda0cac93b23c8643f2d8798,"尊敬的客户：您的账户积分10000分即将到期，将于24小时后清零，请登录网址 wap.abcme.cc 兑换500元现金【农业银行】
",95599,1492249815000,1492251265000,116.45516205,39.86745071,18
0de35b2eeda0cac93b23c8643f2d8798,"尊敬的客户：您的账户积分10000分即将到期，将于24小时后清零，请登录网址 wap.abcme.cc 兑换500元现金【农业银行】
",95599,1492252496000,1492252690000,116.46985626,39.88433838,18
0de35b2eeda0cac93b23c8643f2d8798,"尊敬的客户：您的账户积分10000分即将到期，将于24小时后清零，请登录网址 wap.abcme.cc 兑换500元现金【农业银行】
",95599,1492252107000,1492252690000,116.46985626,39.88433838,18
0de35b2eeda0cac93b23c8643f2d8798,"尊敬的客户：您的账户积分10000分即将到期，将于24小时后清零，请登录网址 wap.abcme.cc 兑换500元现金【农业银行】
",95599,1492252073000,1492252690000,116.46746826,39.88445663,18
0de35b2eeda0cac93b23c8643f2d8798,"尊敬的客户：您的账户积分10000分即将到期，将于24小时后清零，请登录网址 wap.abcme.cc 兑换500元现金【农业银行】
",95599,1492251958000,1492252690000,116.46985626,39.88433838,18
0de35b2eeda0cac93b23c8643f2d8798,"尊敬的客户：您的账户积分10000分即将到期，将于24小时后清零，请登录网址 wap.abcme.cc 兑换500元现金【农业银行】
",95599,1492251775000,1492252690000,116.46746826,39.88445663,18
99e6bc7268fdbcd2dd8449addbad2dd3,"你好，本人长期刻章，如毕业证书，等，长期代开北京及市正规机打发票，电话15836992307
",44676675455,1492252469000,1492253170000,116.31381989,40.07395554,18
99e6bc7268fdbcd2dd8449addbad2dd3,"你好，本人长期刻章，如毕业证书，等，长期代开北京及市正规机打发票，电话15836992307
",44676675455,1492252467000,1492253170000,116.31013489,40.0795517,18
99e6bc7268fdbcd2dd8449addbad2dd3,"你好，本人长期刻章，如毕业证书，等，长期代开北京及市正规机打发票，电话15836992307
",44676675455,1492252398000,1492253170000,116.30989838,40.07908629999999,18
99e6bc7268fdbcd2dd8449addbad2dd3,"你好，本人长期刻章，如毕业证书，等，长期代开北京及市正规机打发票，电话15836992307
",44676675455,1492252393000,1492253170000,116.30989838,40.07908629999999,18
45ee063a537a22f1a7d0be10cf527c16,"你好，本公司有北京各行业正规发票出售，价格最低，永久保真，验后付款，公对公走账，支票兑现，微信号baozhen688688。
",15321573682,1492251858000,1492251973000,116.46128845,39.88327408,18
45ee063a537a22f1a7d0be10cf527c16,"你好，本公司有北京各行业正规发票出售，价格最低，永久保真，验后付款，公对公走账，支票兑现，微信号baozhen688688。
",15321573682,1492251822000,1492251973000,116.46013641,39.88161087,18
45ee063a537a22f1a7d0be10cf527c16,"你好，本公司有北京各行业正规发票出售，价格最低，永久保真，验后付款，公对公走账，支票兑现，微信号baozhen688688。
",15321573682,1492249519000,1492251973000,116.46117401,39.88071823,18
45ee063a537a22f1a7d0be10cf527c16,"你好，本公司有北京各行业正规发票出售，价格最低，永久保真，验后付款，公对公走账，支票兑现，微信号baozhen688688。
",15321573682,1492249511000,1492251973000,116.46128845,39.88327408,18
45ee063a537a22f1a7d0be10cf527c16,"你好，本公司有北京各行业正规发票出售，价格最低，永久保真，验后付款，公对公走账，支票兑现，微信号baozhen688688。
",15321573682,1492249386000,1492251973000,116.46013641,39.88161087,18
89c92f1e409e8ac72923575b1d14468f,"代开北京各行业增值税发票，普通增值税，税点低！保真，验后付款！13366769919李经理
",13366769919,1492253336000,1492253690000,116.45042419,39.93120575,18
89c92f1e409e8ac72923575b1d14468f,"代开北京各行业增值税发票，普通增值税，税点低！保真，验后付款！13366769919李经理
",13366769919,1492253272000,1492253690000,116.45040131,39.92703247,18
89c92f1e409e8ac72923575b1d14468f,"代开北京各行业增值税发票，普通增值税，税点低！保真，验后付款！13366769919李经理
",13366769919,1492253253000,1492253690000,116.45037842,39.92346191,18
89c92f1e409e8ac72923575b1d14468f,"代开北京各行业增值税发票，普通增值税，税点低！保真，验后付款！13366769919李经理
",13366769919,1492253246000,1492253690000,116.45040131,39.92703247,18
89c92f1e409e8ac72923575b1d14468f,"代开北京各行业增值税发票，普通增值税，税点低！保真，验后付款！13366769919李经理
",13366769919,1492253210000,1492253690000,116.45051575,39.9224472,18
c9718dfcc47dfe0aaccf54422b08c764,"你好本公司常年代开各行业正规机打发票点低保真可验后付款 王15646595247
",0000,1492250954000,1492251063000,116.4611969,39.88352203,18
c9718dfcc47dfe0aaccf54422b08c764,"你好本公司常年代开各行业正规机打发票点低保真可验后付款 王15646595247
",0000,1492250910000,1492251063000,116.46114349,39.87968826,18
c9718dfcc47dfe0aaccf54422b08c764,"你好本公司常年代开各行业正规机打发票点低保真可验后付款 王15646595247
",0000,1492250888000,1492251063000,116.4606781,39.87672424,18
95e98932883043465b01136c5a168b52,"尊敬的客户:您的账户积分10000分即将到期，将于24小时后清零，请登录网址 wap.abcna.pw 兑换500元现金【农业银行】
",95599,1492241338000,1492252109000,116.41669464,39.89866638,18
95e98932883043465b01136c5a168b52,"尊敬的客户:您的账户积分10000分即将到期，将于24小时后清零，请登录网址 wap.abcna.pw 兑换500元现金【农业银行】
",95599,1492241309000,1492252109000,116.41658020000001,39.89826584,18
95e98932883043465b01136c5a168b52,"尊敬的客户:您的账户积分10000分即将到期，将于24小时后清零，请登录网址 wap.abcna.pw 兑换500元现金【农业银行】
",95599,1492239207000,1492252109000,116.41669464,39.89866638,18
95e98932883043465b01136c5a168b52,"尊敬的客户:您的账户积分10000分即将到期，将于24小时后清零，请登录网址 wap.abcna.pw 兑换500元现金【农业银行】
",95599,1492239184000,1492252109000,116.41669464,39.89866638,18
95e98932883043465b01136c5a168b52,"尊敬的客户:您的账户积分10000分即将到期，将于24小时后清零，请登录网址 wap.abcna.pw 兑换500元现金【农业银行】
",95599,1492239162000,1492252109000,116.41669464,39.89866638,18
83c1f578437b0a9076d08cbe97f253e6,"尊敬的用户：您的工行账户因未分类核实个人信息已被冻结，请登录 http://95588.j-1r.pw 按提示核实解冻！【工 商 银 行】
",95588,1492250022000,1492252889000,116.41127777,39.91071701,18
83c1f578437b0a9076d08cbe97f253e6,"尊敬的用户：您的工行账户因未分类核实个人信息已被冻结，请登录 http://95588.j-1r.pw 按提示核实解冻！【工 商 银 行】
",95588,1492249110000,1492252889000,116.41140747,39.9115181,18
83c1f578437b0a9076d08cbe97f253e6,"尊敬的用户：您的工行账户因未分类核实个人信息已被冻结，请登录 http://95588.j-1r.pw 按提示核实解冻！【工 商 银 行】
",95588,1492249032000,1492252889000,116.41127777,39.91071701,18
83c1f578437b0a9076d08cbe97f253e6,"尊敬的用户：您的工行账户因未分类核实个人信息已被冻结，请登录 http://95588.j-1r.pw 按提示核实解冻！【工 商 银 行】
",95588,1492249007000,1492252889000,116.41153717,39.91179657,18
83c1f578437b0a9076d08cbe97f253e6,"尊敬的用户：您的工行账户因未分类核实个人信息已被冻结，请登录 http://95588.j-1r.pw 按提示核实解冻！【工 商 银 行】
",95588,1492248986000,1492252889000,116.41140747,39.9115181,18
83c1f578437b0a9076d08cbe97f253e6,"尊敬的用户：您的工行账户因未分类核实个人信息已被冻结，请登录 http://95588.j-1r.pw 按提示核实解冻！【工 商 银 行】
",95588,1492250022000,1492252223000,116.41127777,39.91071701,18
83c1f578437b0a9076d08cbe97f253e6,"尊敬的用户：您的工行账户因未分类核实个人信息已被冻结，请登录 http://95588.j-1r.pw 按提示核实解冻！【工 商 银 行】
",95588,1492249110000,1492252223000,116.41140747,39.9115181,18
83c1f578437b0a9076d08cbe97f253e6,"尊敬的用户：您的工行账户因未分类核实个人信息已被冻结，请登录 http://95588.j-1r.pw 按提示核实解冻！【工 商 银 行】
",95588,1492249032000,1492252223000,116.41127777,39.91071701,18
83c1f578437b0a9076d08cbe97f253e6,"尊敬的用户：您的工行账户因未分类核实个人信息已被冻结，请登录 http://95588.j-1r.pw 按提示核实解冻！【工 商 银 行】
",95588,1492249007000,1492252223000,116.41153717,39.91179657,18
83c1f578437b0a9076d08cbe97f253e6,"尊敬的用户：您的工行账户因未分类核实个人信息已被冻结，请登录 http://95588.j-1r.pw 按提示核实解冻！【工 商 银 行】
",95588,1492248986000,1492252223000,116.41140747,39.9115181,18
fe5b302db0228ea47c06dfeba6f9a24d,"你好，本公司代开全国各地正规机打（发票）点滴保真如有需要请联系13833688162胡涛
",13833688162,1492253263000,1492253458000,116.38562775,39.84399033,18
fe5b302db0228ea47c06dfeba6f9a24d,"你好，本公司代开全国各地正规机打（发票）点滴保真如有需要请联系13833688162胡涛
",13833688162,1492253149000,1492253458000,116.38581848,39.84413147,18
fe5b302db0228ea47c06dfeba6f9a24d,"你好，本公司代开全国各地正规机打（发票）点滴保真如有需要请联系13833688162胡涛
",13833688162,1492252992000,1492253458000,116.38562775,39.84399033,18
fe5b302db0228ea47c06dfeba6f9a24d,"你好，本公司代开全国各地正规机打（发票）点滴保真如有需要请联系13833688162胡涛
",13833688162,1492252968000,1492253458000,116.38581848,39.84413147,18
fc10b811ec2a7beb4b76911ecf7c1807,"宜美家居【厂家展销会】火爆抢购中！沙发2630起，1.8米大床+床垫1980...更多惊喜，请抓紧进店了解！刘海市场对过   
",4619999,1492253056000,1492253059000,116.47166443,39.92675781,18
83c1f578437b0a9076d08cbe97f253e6,"尊敬的用户：您的工行账户因未分类核实个人信息已被冻结，请登录 http://95588.j-1r.pw 按提示核实解冻！【工 商 银 行】
",95588,1492251969000,1492251968000,116.41822815,39.91239548,18
83c1f578437b0a9076d08cbe97f253e6,"尊敬的用户：您的工行账户因未分类核实个人信息已被冻结，请登录 http://95588.j-1r.pw 按提示核实解冻！【工 商 银 行】
",95588,1492251951000,1492251968000,116.41822815,39.91239548,18
83c1f578437b0a9076d08cbe97f253e6,"尊敬的用户：您的工行账户因未分类核实个人信息已被冻结，请登录 http://95588.j-1r.pw 按提示核实解冻！【工 商 银 行】
",95588,1492251892000,1492251968000,116.41783905,39.91304398,18
35e8c850cd3c98a5a9f4717f6a2c7c70,"尊敬的客户；您的账户积分10000分即将到期，将于24小时后清零，请登录网址 wap.abcho.cc  兑换500元现金【农业银行】
",95599,1492252318000,1492252360000,116.49471283,39.91978836,18
35e8c850cd3c98a5a9f4717f6a2c7c70,"尊敬的客户；您的账户积分10000分即将到期，将于24小时后清零，请登录网址 wap.abcho.cc  兑换500元现金【农业银行】
",95599,1492252312000,1492252360000,116.50224304,39.92030716,18
35e8c850cd3c98a5a9f4717f6a2c7c70,"尊敬的客户；您的账户积分10000分即将到期，将于24小时后清零，请登录网址 wap.abcho.cc  兑换500元现金【农业银行】
",95599,1492252251000,1492252360000,116.49471283,39.91978836,18
35e8c850cd3c98a5a9f4717f6a2c7c70,"尊敬的客户；您的账户积分10000分即将到期，将于24小时后清零，请登录网址 wap.abcho.cc  兑换500元现金【农业银行】
",95599,1492252246000,1492252360000,116.50224304,39.92030716,18
35e8c850cd3c98a5a9f4717f6a2c7c70,"尊敬的客户；您的账户积分10000分即将到期，将于24小时后清零，请登录网址 wap.abcho.cc  兑换500元现金【农业银行】
",95599,1492250015000,1492252360000,116.50200653,39.92308807,18
95e98932883043465b01136c5a168b52,"尊敬的客户:您的账户积分10000分即将到期，将于24小时后清零，请登录网址 wap.abcna.pw 兑换500元现金【农业银行】
",95599,1492243066000,1492250735000,116.42253876,39.89839935,18
95e98932883043465b01136c5a168b52,"尊敬的客户:您的账户积分10000分即将到期，将于24小时后清零，请登录网址 wap.abcna.pw 兑换500元现金【农业银行】
",95599,1492243046000,1492250735000,116.4234848,39.89799881,18
95e98932883043465b01136c5a168b52,"尊敬的客户:您的账户积分10000分即将到期，将于24小时后清零，请登录网址 wap.abcna.pw 兑换500元现金【农业银行】
",95599,1492241635000,1492250735000,116.42327881,39.89741516,18
95e98932883043465b01136c5a168b52,"尊敬的客户:您的账户积分10000分即将到期，将于24小时后清零，请登录网址 wap.abcna.pw 兑换500元现金【农业银行】
",95599,1492241522000,1492250735000,116.4234848,39.89799881,18
95e98932883043465b01136c5a168b52,"尊敬的客户:您的账户积分10000分即将到期，将于24小时后清零，请登录网址 wap.abcna.pw 兑换500元现金【农业银行】
",95599,1492241499000,1492250735000,116.42327881,39.89741516,18
170408d0abce59f1939a4acdfc5aa275,"信用在手，融资无忧!平安金融，专注信用及抵押贷款。成数高，利息低，手续便捷,最快当天放款！详询本区经理15391512285张 
",95511,1492253356000,1492253359000,116.46189879999999,39.93069458,18
f0eeffc87ec57ba0212b3c71ccbb512e,"尊敬的客户:您的账户积分10000分即将到期，将于24小时后清零，请登录网址 wap.abcxo.pw 兑换500元现金【农业银行】
",95599,1492250619000,1492250939000,116.34980011,40.00098801,18
f0eeffc87ec57ba0212b3c71ccbb512e,"尊敬的客户:您的账户积分10000分即将到期，将于24小时后清零，请登录网址 wap.abcxo.pw 兑换500元现金【农业银行】
",95599,1492250547000,1492250939000,116.34980011,40.00098801,18
f0eeffc87ec57ba0212b3c71ccbb512e,"尊敬的客户:您的账户积分10000分即将到期，将于24小时后清零，请登录网址 wap.abcxo.pw 兑换500元现金【农业银行】
",95599,1492250518000,1492250939000,116.35150146,40.00100327,18
f0eeffc87ec57ba0212b3c71ccbb512e,"尊敬的客户:您的账户积分10000分即将到期，将于24小时后清零，请登录网址 wap.abcxo.pw 兑换500元现金【农业银行】
",95599,1492250518000,1492250939000,116.35150146,40.00100327,18
2a11072baabc8dc6e7e5f1b4a96cca59,"你好！本公司代开各行业正规发票，税率低，可验证后付款，长期有效，诚信第一，保留备用！
",13264321398,1492251410000,1492251437000,116.49633789,39.91566086,18
2a11072baabc8dc6e7e5f1b4a96cca59,"你好！本公司代开各行业正规发票，税率低，可验证后付款，长期有效，诚信第一，保留备用！
",13264321398,1492251399000,1492251437000,116.49466705,39.91587448,18
2a11072baabc8dc6e7e5f1b4a96cca59,"你好！本公司代开各行业正规发票，税率低，可验证后付款，长期有效，诚信第一，保留备用！
",13264321398,1492251375000,1492251437000,116.49633789,39.91566086,18
4eec17dcf2f571e382aa580cd4ac8bdf,"您好，本公司代开各行业正规发票，13126538869 张先生
",15488886666,1492250988000,1492251783000,116.45476532,39.9236145,18
4eec17dcf2f571e382aa580cd4ac8bdf,"您好，本公司代开各行业正规发票，13126538869 张先生
",15488886666,1492250887000,1492251783000,116.45372009,39.91679001,18
4eec17dcf2f571e382aa580cd4ac8bdf,"您好，本公司代开各行业正规发票，13126538869 张先生
",15488886666,1492250868000,1492251783000,116.45188904,39.91647339,18
4eec17dcf2f571e382aa580cd4ac8bdf,"您好，本公司代开各行业正规发票，13126538869 张先生
",15488886666,1492250823000,1492251783000,116.45044708,39.91361618,18
4eec17dcf2f571e382aa580cd4ac8bdf,"您好，本公司代开各行业正规发票，13126538869 张先生
",15488886666,1492250274000,1492251783000,116.45742798,39.9066391,18
f0eeffc87ec57ba0212b3c71ccbb512e,"尊敬的客户:您的账户积分10000分即将到期，将于24小时后清零，请登录网址 wap.abcxo.pw 兑换500元现金【农业银行】
",95599,1492252038000,1492252619000,116.38016509999999,40.00183105,18
f0eeffc87ec57ba0212b3c71ccbb512e,"尊敬的客户:您的账户积分10000分即将到期，将于24小时后清零，请登录网址 wap.abcxo.pw 兑换500元现金【农业银行】
",95599,1492251997000,1492252619000,116.38048553,40.00203323,18
f0eeffc87ec57ba0212b3c71ccbb512e,"尊敬的客户:您的账户积分10000分即将到期，将于24小时后清零，请登录网址 wap.abcxo.pw 兑换500元现金【农业银行】
",95599,1492251597000,1492252619000,116.38016509999999,40.00183105,18
f0eeffc87ec57ba0212b3c71ccbb512e,"尊敬的客户:您的账户积分10000分即将到期，将于24小时后清零，请登录网址 wap.abcxo.pw 兑换500元现金【农业银行】
",95599,1492251556000,1492252619000,116.38048553,40.00203323,18
0de35b2eeda0cac93b23c8643f2d8798,"尊敬的客户：您的账户积分10000分即将到期，将于24小时后清零，请登录网址 wap.abcme.cc 兑换500元现金【农业银行】
",95599,1492251084000,1492251145000,116.45063019,39.85936737,18
0de35b2eeda0cac93b23c8643f2d8798,"尊敬的客户：您的账户积分10000分即将到期，将于24小时后清零，请登录网址 wap.abcme.cc 兑换500元现金【农业银行】
",95599,1492251054000,1492251145000,116.45516205,39.86745071,18
0de35b2eeda0cac93b23c8643f2d8798,"尊敬的客户：您的账户积分10000分即将到期，将于24小时后清零，请登录网址 wap.abcme.cc 兑换500元现金【农业银行】
",95599,1492251038000,1492251145000,116.45509338,39.86711121,18
0de35b2eeda0cac93b23c8643f2d8798,"尊敬的客户：您的账户积分10000分即将到期，将于24小时后清零，请登录网址 wap.abcme.cc 兑换500元现金【农业银行】
",95599,1492251018000,1492251145000,116.45516205,39.86745071,18
4eec17dcf2f571e382aa580cd4ac8bdf,"您好，本公司代开各行业正规发票，13126538869 张先生
",15488886666,1492251486000,1492251512000,116.46029663,39.91830063,18
4eec17dcf2f571e382aa580cd4ac8bdf,"您好，本公司代开各行业正规发票，13126538869 张先生
",15488886666,1492251456000,1492251512000,116.45471954,39.93462372,18
4eec17dcf2f571e382aa580cd4ac8bdf,"您好，本公司代开各行业正规发票，13126538869 张先生
",15488886666,1492250591000,1492251512000,116.46157074,39.93580627,18
4eec17dcf2f571e382aa580cd4ac8bdf,"您好，本公司代开各行业正规发票，13126538869 张先生
",15488886666,1492250528000,1492251512000,116.46353912,39.93428802,18
4eec17dcf2f571e382aa580cd4ac8bdf,"您好，本公司代开各行业正规发票，13126538869 张先生
",15488886666,1492250212000,1492251512000,116.46530914,39.93350601,18
a81083ce665d1cb6cdf1fc088e81f893,"本公司常年对外代开各种机打发票，正规真实.验后付款18910018671杨经理。打扰谅解...
",18910018671,1492251755000,1492251755000,116.41915131,40.11683655,18
a81083ce665d1cb6cdf1fc088e81f893,"本公司常年对外代开各种机打发票，正规真实.验后付款18910018671杨经理。打扰谅解...
",18910018671,1492246252000,1492251755000,116.41915131,40.11683655,18
a81083ce665d1cb6cdf1fc088e81f893,"本公司常年对外代开各种机打发票，正规真实.验后付款18910018671杨经理。打扰谅解...
",18910018671,1492246142000,1492251755000,116.42279816,40.11748123,18
a81083ce665d1cb6cdf1fc088e81f893,"本公司常年对外代开各种机打发票，正规真实.验后付款18910018671杨经理。打扰谅解...
",18910018671,1492246049000,1492251755000,116.41915131,40.11683655,18
a81083ce665d1cb6cdf1fc088e81f893,"本公司常年对外代开各种机打发票，正规真实.验后付款18910018671杨经理。打扰谅解...
",18910018671,1492245995000,1492251755000,116.42279816,40.11748123,18
a81083ce665d1cb6cdf1fc088e81f893,"本公司常年对外代开各种机打发票，正规真实.验后付款18910018671杨经理。打扰谅解...
",18910018671,1492242119000,1492252307000,116.42433167,40.12884521,18
a81083ce665d1cb6cdf1fc088e81f893,"本公司常年对外代开各种机打发票，正规真实.验后付款18910018671杨经理。打扰谅解...
",18910018671,1492242111000,1492252307000,116.41996765,40.12934494,18
a81083ce665d1cb6cdf1fc088e81f893,"本公司常年对外代开各种机打发票，正规真实.验后付款18910018671杨经理。打扰谅解...
",18910018671,1492241971000,1492252307000,116.42433167,40.12884521,18
a81083ce665d1cb6cdf1fc088e81f893,"本公司常年对外代开各种机打发票，正规真实.验后付款18910018671杨经理。打扰谅解...
",18910018671,1492241947000,1492252307000,116.41996765,40.12934494,18
a81083ce665d1cb6cdf1fc088e81f893,"本公司常年对外代开各种机打发票，正规真实.验后付款18910018671杨经理。打扰谅解...
",18910018671,1492241448000,1492252307000,116.42433167,40.12884521,18
35e8c850cd3c98a5a9f4717f6a2c7c70,"尊敬的客户；您的账户积分10000分即将到期，将于24小时后清零，请登录网址 wap.abcho.cc  兑换500元现金【农业银行】
",95599,1492252076000,1492252076000,116.50190735,39.92418671,18
35e8c850cd3c98a5a9f4717f6a2c7c70,"尊敬的客户；您的账户积分10000分即将到期，将于24小时后清零，请登录网址 wap.abcho.cc  兑换500元现金【农业银行】
",95599,1492251342000,1492252076000,116.50190735,39.92418671,18
35e8c850cd3c98a5a9f4717f6a2c7c70,"尊敬的客户；您的账户积分10000分即将到期，将于24小时后清零，请登录网址 wap.abcho.cc  兑换500元现金【农业银行】
",95599,1492249568000,1492252076000,116.49894714,39.92605209,18
35e8c850cd3c98a5a9f4717f6a2c7c70,"尊敬的客户；您的账户积分10000分即将到期，将于24小时后清零，请登录网址 wap.abcho.cc  兑换500元现金【农业银行】
",95599,1492249542000,1492252076000,116.50190735,39.92418671,18
35e8c850cd3c98a5a9f4717f6a2c7c70,"尊敬的客户；您的账户积分10000分即将到期，将于24小时后清零，请登录网址 wap.abcho.cc  兑换500元现金【农业银行】
",95599,1492249513000,1492252076000,116.49894714,39.92605209,18
45ee063a537a22f1a7d0be10cf527c16,"你好，本公司有北京各行业正规发票出售，价格最低，永久保真，验后付款，公对公走账，支票兑现，微信号baozhen688688。
",15321573682,1492245731000,1492252148000,116.46746826,39.88445663,18
45ee063a537a22f1a7d0be10cf527c16,"你好，本公司有北京各行业正规发票出售，价格最低，永久保真，验后付款，公对公走账，支票兑现，微信号baozhen688688。
",15321573682,1492172329000,1492252148000,116.46746826,39.88445663,18
45ee063a537a22f1a7d0be10cf527c16,"你好，本公司有北京各行业正规发票出售，价格最低，永久保真，验后付款，公对公走账，支票兑现，微信号baozhen688688。
",15321573682,1492170167000,1492252148000,116.46754456,39.88448334,18
45ee063a537a22f1a7d0be10cf527c16,"你好，本公司有北京各行业正规发票出售，价格最低，永久保真，验后付款，公对公走账，支票兑现，微信号baozhen688688。
",15321573682,1492145730000,1492252148000,116.46746826,39.88445663,18
83c1f578437b0a9076d08cbe97f253e6,"尊敬的用户：您的工行账户因未分类核实个人信息已被冻结，请登录 http://95588.j-1r.pw 按提示核实解冻！【工 商 银 行】
",95588,1492250022000,1492252223000,116.41127777,39.91071701,18
83c1f578437b0a9076d08cbe97f253e6,"尊敬的用户：您的工行账户因未分类核实个人信息已被冻结，请登录 http://95588.j-1r.pw 按提示核实解冻！【工 商 银 行】
",95588,1492249110000,1492252223000,116.41140747,39.9115181,18
83c1f578437b0a9076d08cbe97f253e6,"尊敬的用户：您的工行账户因未分类核实个人信息已被冻结，请登录 http://95588.j-1r.pw 按提示核实解冻！【工 商 银 行】
",95588,1492249032000,1492252223000,116.41127777,39.91071701,18
83c1f578437b0a9076d08cbe97f253e6,"尊敬的用户：您的工行账户因未分类核实个人信息已被冻结，请登录 http://95588.j-1r.pw 按提示核实解冻！【工 商 银 行】
",95588,1492249007000,1492252223000,116.41153717,39.91179657,18
83c1f578437b0a9076d08cbe97f253e6,"尊敬的用户：您的工行账户因未分类核实个人信息已被冻结，请登录 http://95588.j-1r.pw 按提示核实解冻！【工 商 银 行】
",95588,1492248986000,1492252223000,116.41140747,39.9115181,18
35e8c850cd3c98a5a9f4717f6a2c7c70,"尊敬的客户；您的账户积分10000分即将到期，将于24小时后清零，请登录网址 wap.abcho.cc  兑换500元现金【农业银行】
",95599,1492248257000,1492252342000,116.49977112,39.91588211,18
35e8c850cd3c98a5a9f4717f6a2c7c70,"尊敬的客户；您的账户积分10000分即将到期，将于24小时后清零，请登录网址 wap.abcho.cc  兑换500元现金【农业银行】
",95599,1492248136000,1492252342000,116.49607849,39.91974258,18
35e8c850cd3c98a5a9f4717f6a2c7c70,"尊敬的客户；您的账户积分10000分即将到期，将于24小时后清零，请登录网址 wap.abcho.cc  兑换500元现金【农业银行】
",95599,1492248107000,1492252342000,116.49634552,39.92302704,18
35e8c850cd3c98a5a9f4717f6a2c7c70,"尊敬的客户；您的账户积分10000分即将到期，将于24小时后清零，请登录网址 wap.abcho.cc  兑换500元现金【农业银行】
",95599,1492248094000,1492252342000,116.49607849,39.91974258,18
35e8c850cd3c98a5a9f4717f6a2c7c70,"尊敬的客户；您的账户积分10000分即将到期，将于24小时后清零，请登录网址 wap.abcho.cc  兑换500元现金【农业银行】
",95599,1492248093000,1492252342000,116.49634552,39.92302704,18
f0eeffc87ec57ba0212b3c71ccbb512e,"尊敬的客户:您的账户积分10000分即将到期，将于24小时后清零，请登录网址 wap.abcxo.pw 兑换500元现金【农业银行】
",95599,1492250440000,1492250440000,116.33977509,39.99988937,18
f0eeffc87ec57ba0212b3c71ccbb512e,"尊敬的客户:您的账户积分10000分即将到期，将于24小时后清零，请登录网址 wap.abcxo.pw 兑换500元现金【农业银行】
",95599,1492248867000,1492250440000,116.33977509,39.99988937,18
f0eeffc87ec57ba0212b3c71ccbb512e,"尊敬的客户:您的账户积分10000分即将到期，将于24小时后清零，请登录网址 wap.abcxo.pw 兑换500元现金【农业银行】
",95599,1492248313000,1492250440000,116.33692932,39.99281693,18
f0eeffc87ec57ba0212b3c71ccbb512e,"尊敬的客户:您的账户积分10000分即将到期，将于24小时后清零，请登录网址 wap.abcxo.pw 兑换500元现金【农业银行】
",95599,1492247326000,1492250440000,116.33908844,39.99292755,18
f0eeffc87ec57ba0212b3c71ccbb512e,"尊敬的客户:您的账户积分10000分即将到期，将于24小时后清零，请登录网址 wap.abcxo.pw 兑换500元现金【农业银行】
",95599,1492246626000,1492250440000,116.33314514,39.98988724,18
0de35b2eeda0cac93b23c8643f2d8798,"尊敬的客户：您的账户积分10000分即将到期，将于24小时后清零，请登录网址 wap.abcme.cc 兑换500元现金【农业银行】
",95599,1492252152000,1492252501000,116.46746826,39.88445663,18
0de35b2eeda0cac93b23c8643f2d8798,"尊敬的客户：您的账户积分10000分即将到期，将于24小时后清零，请登录网址 wap.abcme.cc 兑换500元现金【农业银行】
",95599,1492198636000,1492252501000,116.46766663,39.88168335,18
0de35b2eeda0cac93b23c8643f2d8798,"尊敬的客户：您的账户积分10000分即将到期，将于24小时后清零，请登录网址 wap.abcme.cc 兑换500元现金【农业银行】
",95599,1492177724000,1492252501000,116.46498108,39.88411331,18
0de35b2eeda0cac93b23c8643f2d8798,"尊敬的客户：您的账户积分10000分即将到期，将于24小时后清零，请登录网址 wap.abcme.cc 兑换500元现金【农业银行】
",95599,1492052403000,1492252501000,116.46766663,39.88168335,18
26b845481b03a0c8c7385a2981d93175,"你好，本公司常年对外代开各种发票，工程/广告/设计/医疗器械/设备租赁/酒店会议等，对公走账增值税票，刘华13071171172长期有效。
",13071171172,1492252660000,1492252673000,116.48986053,39.91393661,18
26b845481b03a0c8c7385a2981d93175,"你好，本公司常年对外代开各种发票，工程/广告/设计/医疗器械/设备租赁/酒店会议等，对公走账增值税票，刘华13071171172长期有效。
",13071171172,1492252656000,1492252673000,116.48979187,39.91392517,18
26b845481b03a0c8c7385a2981d93175,"你好，本公司常年对外代开各种发票，工程/广告/设计/医疗器械/设备租赁/酒店会议等，对公走账增值税票，刘华13071171172长期有效。
",13071171172,1492252646000,1492252673000,116.48853302,39.91537476,18
26b845481b03a0c8c7385a2981d93175,"你好，本公司常年对外代开各种发票，工程/广告/设计/医疗器械/设备租赁/酒店会议等，对公走账增值税票，刘华13071171172长期有效。
",13071171172,1492252632000,1492252673000,116.48979187,39.91392517,18
26b845481b03a0c8c7385a2981d93175,"你好，本公司常年对外代开各种发票，工程/广告/设计/医疗器械/设备租赁/酒店会议等，对公走账增值税票，刘华13071171172长期有效。
",13071171172,1492252499000,1492252673000,116.48997498,39.91523743,18
0de35b2eeda0cac93b23c8643f2d8798,"尊敬的客户：您的账户积分10000分即将到期，将于24小时后清零，请登录网址 wap.abcme.cc 兑换500元现金【农业银行】
",95599,1492252583000,1492252706000,116.46773529,39.8883667,18
0de35b2eeda0cac93b23c8643f2d8798,"尊敬的客户：您的账户积分10000分即将到期，将于24小时后清零，请登录网址 wap.abcme.cc 兑换500元现金【农业银行】
",95599,1492249319000,1492252706000,116.46773529,39.8883667,18
0de35b2eeda0cac93b23c8643f2d8798,"尊敬的客户：您的账户积分10000分即将到期，将于24小时后清零，请登录网址 wap.abcme.cc 兑换500元现金【农业银行】
",95599,1492249289000,1492252706000,116.46985626,39.88433838,18
3394149476119e354eaa6796d83a30b2,"你好、本公司有正规、国税、增值抵扣、保真、需要请联系胡涛13833689253
",1568996,1492238891000,1492252765000,116.44786072,39.94937515,18
3394149476119e354eaa6796d83a30b2,"你好、本公司有正规、国税、增值抵扣、保真、需要请联系胡涛13833689253
",1568996,1492238878000,1492252765000,116.44991302,39.94808578,18
3394149476119e354eaa6796d83a30b2,"你好、本公司有正规、国税、增值抵扣、保真、需要请联系胡涛13833689253
",1568996,1492238489000,1492252765000,116.44786072,39.94937515,18
3394149476119e354eaa6796d83a30b2,"你好、本公司有正规、国税、增值抵扣、保真、需要请联系胡涛13833689253
",1568996,1492238474000,1492252765000,116.44991302,39.94808578,18
3394149476119e354eaa6796d83a30b2,"你好、本公司有正规、国税、增值抵扣、保真、需要请联系胡涛13833689253
",1568996,1492238334000,1492252765000,116.44786072,39.94937515,18
0de35b2eeda0cac93b23c8643f2d8798,"尊敬的客户：您的账户积分10000分即将到期，将于24小时后清零，请登录网址 wap.abcme.cc 兑换500元现金【农业银行】
",95599,1492252133000,1492252787000,116.46799469,39.88390732,18
0de35b2eeda0cac93b23c8643f2d8798,"尊敬的客户：您的账户积分10000分即将到期，将于24小时后清零，请登录网址 wap.abcme.cc 兑换500元现金【农业银行】
",95599,1492252000000,1492252787000,116.46799469,39.88390732,18
0de35b2eeda0cac93b23c8643f2d8798,"尊敬的客户：您的账户积分10000分即将到期，将于24小时后清零，请登录网址 wap.abcme.cc 兑换500元现金【农业银行】
",95599,1492249675000,1492252787000,116.46799469,39.88390732,18
0de35b2eeda0cac93b23c8643f2d8798,"尊敬的客户：您的账户积分10000分即将到期，将于24小时后清零，请登录网址 wap.abcme.cc 兑换500元现金【农业银行】
",95599,1492249581000,1492252787000,116.46799469,39.88390732,18
08738faaa4cd312bbad30389ef79a6ed,"您好 我公司长期代开各项正规 增值税发票 可走账 点低 保真 可查验 打扰见谅
",13070115567,1492252825000,1492252829000,116.35866547,39.91243362,18
08738faaa4cd312bbad30389ef79a6ed,"您好 我公司长期代开各项正规 增值税发票 可走账 点低 保真 可查验 打扰见谅
",13070115567,1492252801000,1492252829000,116.35665894,39.90633392,18
08738faaa4cd312bbad30389ef79a6ed,"您好 我公司长期代开各项正规 增值税发票 可走账 点低 保真 可查验 打扰见谅
",13070115567,1492252781000,1492252829000,116.35677338,39.90393829,18
08738faaa4cd312bbad30389ef79a6ed,"您好 我公司长期代开各项正规 增值税发票 可走账 点低 保真 可查验 打扰见谅
",13070115567,1492252779000,1492252829000,116.35678864,39.90454483,18
a81083ce665d1cb6cdf1fc088e81f893,"本公司常年对外代开各种机打发票，正规真实.验后付款18910018671杨经理。打扰谅解...
",18910018671,1492252773000,1492252806000,116.42145538,40.12981033,18
ed636c273617aab47d6086bd0c336e7d,"您好：本公司常年代开北京及全国各地发票点低保真验后付款，电话18032627027 QQ253454887微信a18032627027
",18032627027,1492252165000,1492253980000,116.46121216,39.88019562,18
ed636c273617aab47d6086bd0c336e7d,"您好：本公司常年代开北京及全国各地发票点低保真验后付款，电话18032627027 QQ253454887微信a18032627027
",18032627027,1492252138000,1492253980000,116.46133423,39.87918091,18
ed636c273617aab47d6086bd0c336e7d,"您好：本公司常年代开北京及全国各地发票点低保真验后付款，电话18032627027 QQ253454887微信a18032627027
",18032627027,1492252087000,1492253980000,116.46121216,39.88019562,18
ed636c273617aab47d6086bd0c336e7d,"您好：本公司常年代开北京及全国各地发票点低保真验后付款，电话18032627027 QQ253454887微信a18032627027
",18032627027,1492252066000,1492253980000,116.46133423,39.87918091,18
ed636c273617aab47d6086bd0c336e7d,"您好：本公司常年代开北京及全国各地发票点低保真验后付款，电话18032627027 QQ253454887微信a18032627027
",18032627027,1492252024000,1492253980000,116.46121216,39.88019562,18
7f900708fc7282b7e1b46d85e49568b2,"恭喜发财！我公司代开各类发票，增票，保真，验后付款，电话13436710503敬请保留 以备急用
",13436710503,1492225981000,1492253449000,116.36452484,39.87763214,18
7f900708fc7282b7e1b46d85e49568b2,"恭喜发财！我公司代开各类发票，增票，保真，验后付款，电话13436710503敬请保留 以备急用
",13436710503,1492167248000,1492253449000,116.35359955,39.86803436,18
7f900708fc7282b7e1b46d85e49568b2,"恭喜发财！我公司代开各类发票，增票，保真，验后付款，电话13436710503敬请保留 以备急用
",13436710503,1492135747000,1492253449000,116.3589325,39.87981033,18
43e008038f6e850c553d60ca4ae9569f,"您好，我公司长期对外代开各行业正规机打发票，通用机打.普通增值税发票，点低保真，15600573058微信同号，杨经理。打扰海涵
",10695867568,1492252730000,1492253686000,116.68889618,39.9204483,18
43e008038f6e850c553d60ca4ae9569f,"您好，我公司长期对外代开各行业正规机打发票，通用机打.普通增值税发票，点低保真，15600573058微信同号，杨经理。打扰海涵
",10695867568,1492252611000,1492253686000,116.68527985,39.91706085,18
43e008038f6e850c553d60ca4ae9569f,"您好，我公司长期对外代开各行业正规机打发票，通用机打.普通增值税发票，点低保真，15600573058微信同号，杨经理。打扰海涵
",10695867568,1492252549000,1492253686000,116.68889618,39.9204483,18
43e008038f6e850c553d60ca4ae9569f,"您好，我公司长期对外代开各行业正规机打发票，通用机打.普通增值税发票，点低保真，15600573058微信同号，杨经理。打扰海涵
",10695867568,1492252525000,1492253686000,116.68527985,39.91706085,18
40ec0f5f7b8e2384ac7179e9cbca495b,"【中视】安装卫星电视看；凤凰新闻，CNN，票房影院HBO，地理探索等...手机信号放大器，解决信号弱通话断续13552225898回T退订
",13552225898,1492244720000,1492253773000,116.41158295,40.06801224,18
40ec0f5f7b8e2384ac7179e9cbca495b,"【中视】安装卫星电视看；凤凰新闻，CNN，票房影院HBO，地理探索等...手机信号放大器，解决信号弱通话断续13552225898回T退订
",13552225898,1492244711000,1492253773000,116.41264343,40.07103729,18
40ec0f5f7b8e2384ac7179e9cbca495b,"【中视】安装卫星电视看；凤凰新闻，CNN，票房影院HBO，地理探索等...手机信号放大器，解决信号弱通话断续13552225898回T退订
",13552225898,1492244642000,1492253773000,116.41158295,40.06801224,18
40ec0f5f7b8e2384ac7179e9cbca495b,"【中视】安装卫星电视看；凤凰新闻，CNN，票房影院HBO，地理探索等...手机信号放大器，解决信号弱通话断续13552225898回T退订
",13552225898,1492244634000,1492253773000,116.41264343,40.07103729,18
40ec0f5f7b8e2384ac7179e9cbca495b,"【中视】安装卫星电视看；凤凰新闻，CNN，票房影院HBO，地理探索等...手机信号放大器，解决信号弱通话断续13552225898回T退订
",13552225898,1492244479000,1492253773000,116.41158295,40.06801224,18
0de4f2610dffad6a70caf4e221b89af7,"你好，我公司有正规，国税，增值17％抵扣，保真，需要请联系13833688538胡涛。
",13833688538,1492208629000,1492253942000,116.42984772,39.85850525,18
0de4f2610dffad6a70caf4e221b89af7,"你好，我公司有正规，国税，增值17％抵扣，保真，需要请联系13833688538胡涛。
",13833688538,1492161072000,1492253942000,116.41351318,40.05396652,18
48f5ec0f33831601f7dce33a86b520df,"您好我以前给您开过发票，现在所有的票全部降价，详情请打15931666053.
",15931666053,1492252602000,1492252604000,116.56153107,40.00792313,18
48f5ec0f33831601f7dce33a86b520df,"您好我以前给您开过发票，现在所有的票全部降价，详情请打15931666053.
",15931666053,1492252410000,1492252604000,116.55847168,40.01663208,18
48f5ec0f33831601f7dce33a86b520df,"您好我以前给您开过发票，现在所有的票全部降价，详情请打15931666053.
",15931666053,1492252288000,1492252604000,116.55981445,40.01683044,18
48f5ec0f33831601f7dce33a86b520df,"您好我以前给您开过发票，现在所有的票全部降价，详情请打15931666053.
",15931666053,1492252286000,1492252604000,116.55847168,40.01663208,18
48f5ec0f33831601f7dce33a86b520df,"您好我以前给您开过发票，现在所有的票全部降价，详情请打15931666053.
",15931666053,1492252216000,1492252604000,116.55981445,40.01683044,18
0de35b2eeda0cac93b23c8643f2d8798,"尊敬的客户：您的账户积分10000分即将到期，将于24小时后清零，请登录网址 wap.abcme.cc 兑换500元现金【农业银行】
",95599,1492250329000,1492250507000,116.44409180000001,39.86584473,18
0de35b2eeda0cac93b23c8643f2d8798,"尊敬的客户：您的账户积分10000分即将到期，将于24小时后清零，请登录网址 wap.abcme.cc 兑换500元现金【农业银行】
",95599,1492249158000,1492250507000,116.4438324,39.86705017,18
0de35b2eeda0cac93b23c8643f2d8798,"尊敬的客户：您的账户积分10000分即将到期，将于24小时后清零，请登录网址 wap.abcme.cc 兑换500元现金【农业银行】
",95599,1492248738000,1492250507000,116.4438324,39.86705017,18
0de35b2eeda0cac93b23c8643f2d8798,"尊敬的客户：您的账户积分10000分即将到期，将于24小时后清零，请登录网址 wap.abcme.cc 兑换500元现金【农业银行】
",95599,1492248717000,1492250507000,116.44409180000001,39.86584473,18
26b845481b03a0c8c7385a2981d93175,"你好，本公司常年对外代开各种发票，工程/广告/设计/医疗器械/设备租赁/酒店会议等，对公走账增值税票，刘华13071171172长期有效。
",13071171172,1492250793000,1492251635000,116.49819183,39.90801239,18
26b845481b03a0c8c7385a2981d93175,"你好，本公司常年对外代开各种发票，工程/广告/设计/医疗器械/设备租赁/酒店会议等，对公走账增值税票，刘华13071171172长期有效。
",13071171172,1492250777000,1492251635000,116.50115967,39.90740585,18
f0eeffc87ec57ba0212b3c71ccbb512e,"尊敬的客户:您的账户积分10000分即将到期，将于24小时后清零，请登录网址 wap.abcxo.pw 兑换500元现金【农业银行】
",95599,1492249906000,1492250618000,116.36077118,39.99165726,18
f0eeffc87ec57ba0212b3c71ccbb512e,"尊敬的客户:您的账户积分10000分即将到期，将于24小时后清零，请登录网址 wap.abcxo.pw 兑换500元现金【农业银行】
",95599,1492245381000,1492250618000,116.35955048,39.99050522,18
f0eeffc87ec57ba0212b3c71ccbb512e,"尊敬的客户:您的账户积分10000分即将到期，将于24小时后清零，请登录网址 wap.abcxo.pw 兑换500元现金【农业银行】
",95599,1492243625000,1492250618000,116.35961151,39.99126053,18
0de35b2eeda0cac93b23c8643f2d8798,"尊敬的客户：您的账户积分10000分即将到期，将于24小时后清零，请登录网址 wap.abcme.cc 兑换500元现金【农业银行】
",95599,1492250664000,1492252165000,116.46807861,39.878738399999996,18
0de35b2eeda0cac93b23c8643f2d8798,"尊敬的客户：您的账户积分10000分即将到期，将于24小时后清零，请登录网址 wap.abcme.cc 兑换500元现金【农业银行】
",95599,1492250664000,1492252165000,116.46018219,39.88827896,18
0de35b2eeda0cac93b23c8643f2d8798,"尊敬的客户：您的账户积分10000分即将到期，将于24小时后清零，请登录网址 wap.abcme.cc 兑换500元现金【农业银行】
",95599,1492250664000,1492252165000,116.46807861,39.878738399999996,18
35e8c850cd3c98a5a9f4717f6a2c7c70,"尊敬的客户；您的账户积分10000分即将到期，将于24小时后清零，请登录网址 wap.abcho.cc  兑换500元现金【农业银行】
",95599,1492252816000,1492253516000,116.49002838,39.91712189,18
35e8c850cd3c98a5a9f4717f6a2c7c70,"尊敬的客户；您的账户积分10000分即将到期，将于24小时后清零，请登录网址 wap.abcho.cc  兑换500元现金【农业银行】
",95599,1492252679000,1492253516000,116.48988342,39.925613399999996,18
35e8c850cd3c98a5a9f4717f6a2c7c70,"尊敬的客户；您的账户积分10000分即将到期，将于24小时后清零，请登录网址 wap.abcho.cc  兑换500元现金【农业银行】
",95599,1492252670000,1492253516000,116.49149323,39.92561722,18
35e8c850cd3c98a5a9f4717f6a2c7c70,"尊敬的客户；您的账户积分10000分即将到期，将于24小时后清零，请登录网址 wap.abcho.cc  兑换500元现金【农业银行】
",95599,1492252666000,1492253516000,116.45243073,39.93727875,18
95e98932883043465b01136c5a168b52,"尊敬的客户:您的账户积分10000分即将到期，将于24小时后清零，请登录网址 wap.abcna.pw 兑换500元现金【农业银行】
",95599,1492250564000,1492250681000,116.41855621,39.8973999,18
95e98932883043465b01136c5a168b52,"尊敬的客户:您的账户积分10000分即将到期，将于24小时后清零，请登录网址 wap.abcna.pw 兑换500元现金【农业银行】
",95599,1492250487000,1492250681000,116.41905212,39.89729691,18
95e98932883043465b01136c5a168b52,"尊敬的客户:您的账户积分10000分即将到期，将于24小时后清零，请登录网址 wap.abcna.pw 兑换500元现金【农业银行】
",95599,1492250459000,1492250681000,116.41885376,39.8964386,18
95e98932883043465b01136c5a168b52,"尊敬的客户:您的账户积分10000分即将到期，将于24小时后清零，请登录网址 wap.abcna.pw 兑换500元现金【农业银行】
",95599,1492249434000,1492250681000,116.40122986,39.87196732,18
95e98932883043465b01136c5a168b52,"尊敬的客户:您的账户积分10000分即将到期，将于24小时后清零，请登录网址 wap.abcna.pw 兑换500元现金【农业银行】
",95599,1492249420000,1492250681000,116.39678192,39.87163162,18
cb02c6c310404e452716a572b200d0f9,"您好我以前给您开过发票，现在所有的票全部降价，详情请打15931666053.
",15931666053,1492251759000,1492251759000,116.56199646,40.01629639,18
cb02c6c310404e452716a572b200d0f9,"您好我以前给您开过发票，现在所有的票全部降价，详情请打15931666053.
",15931666053,1492250740000,1492251759000,116.56942749,40.00352478,18
cb02c6c310404e452716a572b200d0f9,"您好我以前给您开过发票，现在所有的票全部降价，详情请打15931666053.
",15931666053,1492249841000,1492251759000,116.6124115,40.02421188,18
35e8c850cd3c98a5a9f4717f6a2c7c70,"尊敬的客户；您的账户积分10000分即将到期，将于24小时后清零，请登录网址 wap.abcho.cc  兑换500元现金【农业银行】
",95599,1492252627000,1492253469000,116.49401855,39.9123764,18
35e8c850cd3c98a5a9f4717f6a2c7c70,"尊敬的客户；您的账户积分10000分即将到期，将于24小时后清零，请登录网址 wap.abcho.cc  兑换500元现金【农业银行】
",95599,1492252534000,1492253469000,116.49209595,39.91418457,18
35e8c850cd3c98a5a9f4717f6a2c7c70,"尊敬的客户；您的账户积分10000分即将到期，将于24小时后清零，请登录网址 wap.abcho.cc  兑换500元现金【农业银行】
",95599,1492251994000,1492253469000,116.49401855,39.9123764,18
35e8c850cd3c98a5a9f4717f6a2c7c70,"尊敬的客户；您的账户积分10000分即将到期，将于24小时后清零，请登录网址 wap.abcho.cc  兑换500元现金【农业银行】
",95599,1492251725000,1492253469000,116.49649811,39.91098022,18
4eec17dcf2f571e382aa580cd4ac8bdf,"您好，本公司代开各行业正规发票，13126538869 张先生
",15488886666,1492251346000,1492251356000,116.46001434,39.92916489,18
4eec17dcf2f571e382aa580cd4ac8bdf,"您好，本公司代开各行业正规发票，13126538869 张先生
",15488886666,1492250604000,1492251356000,116.46036529999999,39.92921829,18
4eec17dcf2f571e382aa580cd4ac8bdf,"您好，本公司代开各行业正规发票，13126538869 张先生
",15488886666,1492249562000,1492251356000,116.46001434,39.92916489,18
4eec17dcf2f571e382aa580cd4ac8bdf,"您好，本公司代开各行业正规发票，13126538869 张先生
",15488886666,1492249467000,1492251356000,116.46070099,39.92883682,18
4eec17dcf2f571e382aa580cd4ac8bdf,"您好，本公司代开各行业正规发票，13126538869 张先生
",15488886666,1492249461000,1492251356000,116.46163940000001,39.92728043,18
bd50798d432f4c83a4da07e16122871e,"你好，本公司专业代开北京、外地通用机打发票、普通增值税发票，税点底，绝对保真！可验后付款！17316012160微信fc1818618
",106987546464848,1492251516000,1492251516000,116.3553009,40.08086014,18
bd50798d432f4c83a4da07e16122871e,"你好，本公司专业代开北京、外地通用机打发票、普通增值税发票，税点底，绝对保真！可验后付款！17316012160微信fc1818618
",106987546464848,1492233224000,1492251516000,116.27645874,40.10944366,18
bd50798d432f4c83a4da07e16122871e,"你好，本公司专业代开北京、外地通用机打发票、普通增值税发票，税点底，绝对保真！可验后付款！17316012160微信fc1818618
",106987546464848,1492229358000,1492251516000,116.31091309,40.06654739,18
bd50798d432f4c83a4da07e16122871e,"你好，本公司专业代开北京、外地通用机打发票、普通增值税发票，税点底，绝对保真！可验后付款！17316012160微信fc1818618
",106987546464848,1492220682000,1492251516000,116.31091309,40.06654739,18
bd50798d432f4c83a4da07e16122871e,"你好，本公司专业代开北京、外地通用机打发票、普通增值税发票，税点底，绝对保真！可验后付款！17316012160微信fc1818618
",106987546464848,1492177620000,1492251516000,116.33573914,40.07998276,18
4eec17dcf2f571e382aa580cd4ac8bdf,"您好，本公司代开各行业正规发票，13126538869 张先生
",15488886666,1492250462000,1492250472000,116.47016144,39.9097023,18
4eec17dcf2f571e382aa580cd4ac8bdf,"您好，本公司代开各行业正规发票，13126538869 张先生
",15488886666,1492250430000,1492250472000,116.47718048,39.90807724,18
95e98932883043465b01136c5a168b52,"尊敬的客户:您的账户积分10000分即将到期，将于24小时后清零，请登录网址 wap.abcna.pw 兑换500元现金【农业银行】
",95599,1492249825000,1492250556000,116.42753601,39.89727402,18
95e98932883043465b01136c5a168b52,"尊敬的客户:您的账户积分10000分即将到期，将于24小时后清零，请登录网址 wap.abcna.pw 兑换500元现金【农业银行】
",95599,1492248174000,1492250556000,116.4236145,39.89907455,18
95e98932883043465b01136c5a168b52,"尊敬的客户:您的账户积分10000分即将到期，将于24小时后清零，请登录网址 wap.abcna.pw 兑换500元现金【农业银行】
",95599,1492246794000,1492250556000,116.40608978,39.90793228,18
95e98932883043465b01136c5a168b52,"尊敬的客户:您的账户积分10000分即将到期，将于24小时后清零，请登录网址 wap.abcna.pw 兑换500元现金【农业银行】
",95599,1492246239000,1492250556000,116.40024567,39.90776062,18
95e98932883043465b01136c5a168b52,"尊敬的客户:您的账户积分10000分即将到期，将于24小时后清零，请登录网址 wap.abcna.pw 兑换500元现金【农业银行】
",95599,1492245542000,1492250556000,116.39545441,39.90710831,18
95e98932883043465b01136c5a168b52,"尊敬的客户:您的账户积分10000分即将到期，将于24小时后清零，请登录网址 wap.abcna.pw 兑换500元现金【农业银行】
",95599,1492249825000,1492250556000,116.42753601,39.89727402,18
95e98932883043465b01136c5a168b52,"尊敬的客户:您的账户积分10000分即将到期，将于24小时后清零，请登录网址 wap.abcna.pw 兑换500元现金【农业银行】
",95599,1492248174000,1492250556000,116.4236145,39.89907455,18
95e98932883043465b01136c5a168b52,"尊敬的客户:您的账户积分10000分即将到期，将于24小时后清零，请登录网址 wap.abcna.pw 兑换500元现金【农业银行】
",95599,1492246794000,1492250556000,116.40608978,39.90793228,18
95e98932883043465b01136c5a168b52,"尊敬的客户:您的账户积分10000分即将到期，将于24小时后清零，请登录网址 wap.abcna.pw 兑换500元现金【农业银行】
",95599,1492246239000,1492250556000,116.40024567,39.90776062,18
95e98932883043465b01136c5a168b52,"尊敬的客户:您的账户积分10000分即将到期，将于24小时后清零，请登录网址 wap.abcna.pw 兑换500元现金【农业银行】
",95599,1492245542000,1492250556000,116.39545441,39.90710831,18
a3169d9345d7c9b3d335628afc7a9560,"你好，代开北京各行业正规发票，点低，保真13366992802王会计。
",13366992802,1492253239000,1492253255000,116.48983765,39.91249466,18
a3169d9345d7c9b3d335628afc7a9560,"你好，代开北京各行业正规发票，点低，保真13366992802王会计。
",13366992802,1492253115000,1492253255000,116.48992920000002,39.91041183,18
a3169d9345d7c9b3d335628afc7a9560,"你好，代开北京各行业正规发票，点低，保真13366992802王会计。
",13366992802,1492253069000,1492253255000,116.49137115,39.90845108,18
a3169d9345d7c9b3d335628afc7a9560,"你好，代开北京各行业正规发票，点低，保真13366992802王会计。
",13366992802,1492251331000,1492253255000,116.35959625,39.90831375,18
a3169d9345d7c9b3d335628afc7a9560,"你好，代开北京各行业正规发票，点低，保真13366992802王会计。
",13366992802,1492251272000,1492253255000,116.34883118,39.90729904,18
35e8c850cd3c98a5a9f4717f6a2c7c70,"尊敬的客户；您的账户积分10000分即将到期，将于24小时后清零，请登录网址 wap.abcho.cc  兑换500元现金【农业银行】
",95599,1492253393000,1492253499000,116.49564362,39.91551208,18
35e8c850cd3c98a5a9f4717f6a2c7c70,"尊敬的客户；您的账户积分10000分即将到期，将于24小时后清零，请登录网址 wap.abcho.cc  兑换500元现金【农业银行】
",95599,1492253368000,1492253499000,116.49027252,39.91542435,18
35e8c850cd3c98a5a9f4717f6a2c7c70,"尊敬的客户；您的账户积分10000分即将到期，将于24小时后清零，请登录网址 wap.abcho.cc  兑换500元现金【农业银行】
",95599,1492253359000,1492253499000,116.49089813,39.91563797,18
35e8c850cd3c98a5a9f4717f6a2c7c70,"尊敬的客户；您的账户积分10000分即将到期，将于24小时后清零，请登录网址 wap.abcho.cc  兑换500元现金【农业银行】
",95599,1492253346000,1492253499000,116.49027252,39.91542435,18
35e8c850cd3c98a5a9f4717f6a2c7c70,"尊敬的客户；您的账户积分10000分即将到期，将于24小时后清零，请登录网址 wap.abcho.cc  兑换500元现金【农业银行】
",95599,1492253345000,1492253499000,116.48990631,39.91369247,18
35e8c850cd3c98a5a9f4717f6a2c7c70,"尊敬的客户；您的账户积分10000分即将到期，将于24小时后清零，请登录网址 wap.abcho.cc  兑换500元现金【农业银行】
",95599,1492253393000,1492253499000,116.49564362,39.91551208,18
35e8c850cd3c98a5a9f4717f6a2c7c70,"尊敬的客户；您的账户积分10000分即将到期，将于24小时后清零，请登录网址 wap.abcho.cc  兑换500元现金【农业银行】
",95599,1492253368000,1492253499000,116.49027252,39.91542435,18
35e8c850cd3c98a5a9f4717f6a2c7c70,"尊敬的客户；您的账户积分10000分即将到期，将于24小时后清零，请登录网址 wap.abcho.cc  兑换500元现金【农业银行】
",95599,1492253359000,1492253499000,116.49089813,39.91563797,18
35e8c850cd3c98a5a9f4717f6a2c7c70,"尊敬的客户；您的账户积分10000分即将到期，将于24小时后清零，请登录网址 wap.abcho.cc  兑换500元现金【农业银行】
",95599,1492253346000,1492253499000,116.49027252,39.91542435,18
35e8c850cd3c98a5a9f4717f6a2c7c70,"尊敬的客户；您的账户积分10000分即将到期，将于24小时后清零，请登录网址 wap.abcho.cc  兑换500元现金【农业银行】
",95599,1492253345000,1492253499000,116.48990631,39.91369247,18
f0eeffc87ec57ba0212b3c71ccbb512e,"尊敬的客户:您的账户积分10000分即将到期，将于24小时后清零，请登录网址 wap.abcxo.pw 兑换500元现金【农业银行】
",95599,1492250760000,1492250760000,116.35182953,39.99387741,18
f0eeffc87ec57ba0212b3c71ccbb512e,"尊敬的客户:您的账户积分10000分即将到期，将于24小时后清零，请登录网址 wap.abcxo.pw 兑换500元现金【农业银行】
",95599,1492250722000,1492250760000,116.35294342,39.99423981,18
f0eeffc87ec57ba0212b3c71ccbb512e,"尊敬的客户:您的账户积分10000分即将到期，将于24小时后清零，请登录网址 wap.abcxo.pw 兑换500元现金【农业银行】
",95599,1492240368000,1492250760000,116.35320282,39.99416733,18
f0eeffc87ec57ba0212b3c71ccbb512e,"尊敬的客户:您的账户积分10000分即将到期，将于24小时后清零，请登录网址 wap.abcxo.pw 兑换500元现金【农业银行】
",95599,1492240327000,1492250760000,116.35294342,39.99423981,18
528cf858acd048b4d3374e72052cb5b4,"唐县卡丁车俱乐部：全民漂移，激情创造快乐，您获得本俱乐部送出的100元充值卡1张，凭此短信到店领取。地址：西环红绿灯东100米花鸟鱼虫市场旁 
",15544958777,1492253221000,1492253224000,116.46189879999999,39.93069458,18
a3169d9345d7c9b3d335628afc7a9560,"你好，代开北京各行业正规发票，点低，保真13366992802王会计。
",13366992802,1492251265000,1492251640000,116.52249908,39.94136047,18
a3169d9345d7c9b3d335628afc7a9560,"你好，代开北京各行业正规发票，点低，保真13366992802王会计。
",13366992802,1492250087000,1492251640000,116.53773499,39.94146729,18
a3169d9345d7c9b3d335628afc7a9560,"你好，代开北京各行业正规发票，点低，保真13366992802王会计。
",13366992802,1492248061000,1492251640000,116.58880615,40.06301117,18
a3169d9345d7c9b3d335628afc7a9560,"你好，代开北京各行业正规发票，点低，保真13366992802王会计。
",13366992802,1492247774000,1492251640000,116.60466766,40.04566193,18
a3169d9345d7c9b3d335628afc7a9560,"你好，代开北京各行业正规发票，点低，保真13366992802王会计。
",13366992802,1492247753000,1492251640000,116.60633087,40.045784000000005,18
40c90aff1d1c5e1f49d1a2fe487f2d8d,"你好、本公司有正规、国税、增值17％抵扣、保真、需要请联系13833688201胡涛
",13833688201,1492248619000,1492250832000,116.51353455,39.86980057,18
40c90aff1d1c5e1f49d1a2fe487f2d8d,"你好、本公司有正规、国税、增值17％抵扣、保真、需要请联系13833688201胡涛
",13833688201,1492248603000,1492250832000,116.51009369,39.86843872,18
40c90aff1d1c5e1f49d1a2fe487f2d8d,"你好、本公司有正规、国税、增值17％抵扣、保真、需要请联系13833688201胡涛
",13833688201,1492247183000,1492250832000,116.51353455,39.86980057,18
e228da907ffa1ebae4732e97e3572fbf,"你好，本公司代开各种机打发票，点低，可验后付款，有用的朋友请打电话15313247687电话和微信同号，打扰见谅，谢谢。
",15555518894,1492230995000,1492251056000,116.59160614,39.92531967,18
e228da907ffa1ebae4732e97e3572fbf,"你好，本公司代开各种机打发票，点低，可验后付款，有用的朋友请打电话15313247687电话和微信同号，打扰见谅，谢谢。
",15555518894,1492226746000,1492251056000,116.58603668,39.91694641,18
e228da907ffa1ebae4732e97e3572fbf,"你好，本公司代开各种机打发票，点低，可验后付款，有用的朋友请打电话15313247687电话和微信同号，打扰见谅，谢谢。
",15555518894,1492226575000,1492251056000,116.5818634,39.9194603,18
e228da907ffa1ebae4732e97e3572fbf,"你好，本公司代开各种机打发票，点低，可验后付款，有用的朋友请打电话15313247687电话和微信同号，打扰见谅，谢谢。
",15555518894,1492226559000,1492251056000,116.58540344,39.91803741,18
e228da907ffa1ebae4732e97e3572fbf,"你好，本公司代开各种机打发票，点低，可验后付款，有用的朋友请打电话15313247687电话和微信同号，打扰见谅，谢谢。
",15555518894,1492226552000,1492251056000,116.58521271,39.91520309,18
88c8d12e0f972cb93ccee507014450db,"您好；长年代开建筑，材料，工程，广告咨询，办公用品等,北京各行增值税（发票），长久保真,如需联系：李会计13269529298打扰谅解
",1064563789,1492248269000,1492251163000,116.46639252,39.97879791,18
88c8d12e0f972cb93ccee507014450db,"您好；长年代开建筑，材料，工程，广告咨询，办公用品等,北京各行增值税（发票），长久保真,如需联系：李会计13269529298打扰谅解
",1064563789,1492248258000,1492251163000,116.46632385,39.97867584,18
88c8d12e0f972cb93ccee507014450db,"您好；长年代开建筑，材料，工程，广告咨询，办公用品等,北京各行增值税（发票），长久保真,如需联系：李会计13269529298打扰谅解
",1064563789,1492246532000,1492251163000,116.46639252,39.97879791,18
88c8d12e0f972cb93ccee507014450db,"您好；长年代开建筑，材料，工程，广告咨询，办公用品等,北京各行增值税（发票），长久保真,如需联系：李会计13269529298打扰谅解
",1064563789,1492238800000,1492251163000,116.46632385,39.97867584,18
88c8d12e0f972cb93ccee507014450db,"您好；长年代开建筑，材料，工程，广告咨询，办公用品等,北京各行增值税（发票），长久保真,如需联系：李会计13269529298打扰谅解
",1064563789,1492236691000,1492251163000,116.46639252,39.97879791,18
4eec17dcf2f571e382aa580cd4ac8bdf,"您好，本公司代开各行业正规发票，13126538869 张先生
",15488886666,1492251191000,1492251347000,116.46162415,39.92793655,18
4eec17dcf2f571e382aa580cd4ac8bdf,"您好，本公司代开各行业正规发票，13126538869 张先生
",15488886666,1492251166000,1492251347000,116.46163940000001,39.92728043,18
4eec17dcf2f571e382aa580cd4ac8bdf,"您好，本公司代开各行业正规发票，13126538869 张先生
",15488886666,1492251096000,1492251347000,116.46162415,39.92793655,18
4eec17dcf2f571e382aa580cd4ac8bdf,"您好，本公司代开各行业正规发票，13126538869 张先生
",15488886666,1492251083000,1492251347000,116.46163940000001,39.92728043,18
6a35c2a992c33fe3709108c898782877,"您好，我公司常年代开北京各行业发票，点低保真验后付款。电话18931680573王经理，微信a56898560，QQ2221752319
",18931680573,1492250469000,1492250804000,116.40035248,39.84508896,18
6a35c2a992c33fe3709108c898782877,"您好，我公司常年代开北京各行业发票，点低保真验后付款。电话18931680573王经理，微信a56898560，QQ2221752319
",18931680573,1492248927000,1492250804000,116.40033722,39.84503555,18
6a35c2a992c33fe3709108c898782877,"您好，我公司常年代开北京各行业发票，点低保真验后付款。电话18931680573王经理，微信a56898560，QQ2221752319
",18931680573,1492248362000,1492250804000,116.3983078,39.8453331,18
6a35c2a992c33fe3709108c898782877,"您好，我公司常年代开北京各行业发票，点低保真验后付款。电话18931680573王经理，微信a56898560，QQ2221752319
",18931680573,1492244958000,1492250804000,116.40033722,39.84503555,18
6a35c2a992c33fe3709108c898782877,"您好，我公司常年代开北京各行业发票，点低保真验后付款。电话18931680573王经理，微信a56898560，QQ2221752319
",18931680573,1492250469000,1492250804000,116.40035248,39.84508896,18
6a35c2a992c33fe3709108c898782877,"您好，我公司常年代开北京各行业发票，点低保真验后付款。电话18931680573王经理，微信a56898560，QQ2221752319
",18931680573,1492248927000,1492250804000,116.40033722,39.84503555,18
6a35c2a992c33fe3709108c898782877,"您好，我公司常年代开北京各行业发票，点低保真验后付款。电话18931680573王经理，微信a56898560，QQ2221752319
",18931680573,1492248362000,1492250804000,116.3983078,39.8453331,18
6a35c2a992c33fe3709108c898782877,"您好，我公司常年代开北京各行业发票，点低保真验后付款。电话18931680573王经理，微信a56898560，QQ2221752319
",18931680573,1492244958000,1492250804000,116.40033722,39.84503555,18
0f12ed816eaca9cfc3c4600667a79da0,"【泗水金店】梦金园品牌焕新季4月15-24日任意品牌黄金换购梦金园9999万纯金工费最低6元/克起！错过一次等两年！详情关注微信@泗水金店 
",05374287999,1492251433000,1492251440000,116.46194458,39.93484497,18
35e8c850cd3c98a5a9f4717f6a2c7c70,"尊敬的客户；您的账户积分10000分即将到期，将于24小时后清零，请登录网址 wap.abcho.cc  兑换500元现金【农业银行】
",95599,1492251465000,1492251540000,116.50402832,39.92808533,18
35e8c850cd3c98a5a9f4717f6a2c7c70,"尊敬的客户；您的账户积分10000分即将到期，将于24小时后清零，请登录网址 wap.abcho.cc  兑换500元现金【农业银行】
",95599,1492251445000,1492251540000,116.50214386,39.9320755,18
35e8c850cd3c98a5a9f4717f6a2c7c70,"尊敬的客户；您的账户积分10000分即将到期，将于24小时后清零，请登录网址 wap.abcho.cc  兑换500元现金【农业银行】
",95599,1492251229000,1492251540000,116.50160217,39.93398285,18
35e8c850cd3c98a5a9f4717f6a2c7c70,"尊敬的客户；您的账户积分10000分即将到期，将于24小时后清零，请登录网址 wap.abcho.cc  兑换500元现金【农业银行】
",95599,1492240515000,1492251540000,116.50282288,39.93387222,18
542d43eab9076a5b0cff44eb37b714fd,"谅解：谢谢！
",666888,1492246312000,1492251655000,116.44297791,39.80788422,18
542d43eab9076a5b0cff44eb37b714fd,"谅解：谢谢！
",666888,1492244680000,1492251655000,116.48245239,39.98500061,18
542d43eab9076a5b0cff44eb37b714fd,"谅解：谢谢！
",666888,1492244673000,1492251655000,116.44297791,39.80788422,18
5b326691fd3a9cdc521c72a9c37f7cd3,"你好我公司有各行业正规发票电话13718856897
",13800138000,1492248854000,1492252021000,116.45424652,40.10517120000001,18
5b326691fd3a9cdc521c72a9c37f7cd3,"你好我公司有各行业正规发票电话13718856897
",13800138000,1492240386000,1492252021000,116.33670044,39.93849945,18
45ee063a537a22f1a7d0be10cf527c16,"你好，本公司有北京各行业正规发票出售，价格最低，永久保真，验后付款，公对公走账，支票兑现，微信号baozhen688688。
",15321573682,1492252275000,1492252275000,116.46787262,39.88327026,18
45ee063a537a22f1a7d0be10cf527c16,"你好，本公司有北京各行业正规发票出售，价格最低，永久保真，验后付款，公对公走账，支票兑现，微信号baozhen688688。
",15321573682,1492251577000,1492252275000,116.46757507,39.88189316,18
45ee063a537a22f1a7d0be10cf527c16,"你好，本公司有北京各行业正规发票出售，价格最低，永久保真，验后付款，公对公走账，支票兑现，微信号baozhen688688。
",15321573682,1492248120000,1492252275000,116.47364807,39.882110600000004,18
45ee063a537a22f1a7d0be10cf527c16,"你好，本公司有北京各行业正规发票出售，价格最低，永久保真，验后付款，公对公走账，支票兑现，微信号baozhen688688。
",15321573682,1492244664000,1492252275000,116.46757507,39.88189316,18
45ee063a537a22f1a7d0be10cf527c16,"你好，本公司有北京各行业正规发票出售，价格最低，永久保真，验后付款，公对公走账，支票兑现，微信号baozhen688688。
",15321573682,1492241207000,1492252275000,116.46757507,39.88189316,18
43e008038f6e850c553d60ca4ae9569f,"您好，我公司长期对外代开各行业正规机打发票，通用机打.普通增值税发票，点低保真，15600573058微信同号，杨经理。打扰海涵
",10695867568,1492250682000,1492252366000,116.63953400000001,39.92378235,18
43e008038f6e850c553d60ca4ae9569f,"您好，我公司长期对外代开各行业正规机打发票，通用机打.普通增值税发票，点低保真，15600573058微信同号，杨经理。打扰海涵
",10695867568,1492249316000,1492252366000,116.63941193,39.92542648,18
43e008038f6e850c553d60ca4ae9569f,"您好，我公司长期对外代开各行业正规机打发票，通用机打.普通增值税发票，点低保真，15600573058微信同号，杨经理。打扰海涵
",10695867568,1492248255000,1492252366000,116.63941193,39.92542648,18
43e008038f6e850c553d60ca4ae9569f,"您好，我公司长期对外代开各行业正规机打发票，通用机打.普通增值税发票，点低保真，15600573058微信同号，杨经理。打扰海涵
",10695867568,1492247560000,1492252366000,116.63957977,39.92326355,18
08738faaa4cd312bbad30389ef79a6ed,"您好 我公司长期代开各项正规 增值税发票 可走账 点低 保真 可查验 打扰见谅
",13070115567,1492252253000,1492252557000,116.35647583,39.92089462,18
08738faaa4cd312bbad30389ef79a6ed,"您好 我公司长期代开各项正规 增值税发票 可走账 点低 保真 可查验 打扰见谅
",13070115567,1492252166000,1492252557000,116.35636902,39.92121887,18
08738faaa4cd312bbad30389ef79a6ed,"您好 我公司长期代开各项正规 增值税发票 可走账 点低 保真 可查验 打扰见谅
",13070115567,1492252147000,1492252557000,116.35315704,39.9202652,18
08738faaa4cd312bbad30389ef79a6ed,"您好 我公司长期代开各项正规 增值税发票 可走账 点低 保真 可查验 打扰见谅
",13070115567,1492252128000,1492252557000,116.35337067,39.92079163,18
f0eeffc87ec57ba0212b3c71ccbb512e,"尊敬的客户:您的账户积分10000分即将到期，将于24小时后清零，请登录网址 wap.abcxo.pw 兑换500元现金【农业银行】
",95599,1492245453000,1492252562000,116.39114380000001,40.00702667,18
0de35b2eeda0cac93b23c8643f2d8798,"尊敬的客户：您的账户积分10000分即将到期，将于24小时后清零，请登录网址 wap.abcme.cc 兑换500元现金【农业银行】
",95599,1492236548000,1492252678000,116.46799469,39.88390732,18
0de35b2eeda0cac93b23c8643f2d8798,"尊敬的客户：您的账户积分10000分即将到期，将于24小时后清零，请登录网址 wap.abcme.cc 兑换500元现金【农业银行】
",95599,1492236496000,1492252678000,116.47060394,39.88246155,18
0de35b2eeda0cac93b23c8643f2d8798,"尊敬的客户：您的账户积分10000分即将到期，将于24小时后清零，请登录网址 wap.abcme.cc 兑换500元现金【农业银行】
",95599,1492236464000,1492252678000,116.46746826,39.88445663,18
0de35b2eeda0cac93b23c8643f2d8798,"尊敬的客户：您的账户积分10000分即将到期，将于24小时后清零，请登录网址 wap.abcme.cc 兑换500元现金【农业银行】
",95599,1492235655000,1492252678000,116.46827698,39.88393021,18
0de35b2eeda0cac93b23c8643f2d8798,"尊敬的客户：您的账户积分10000分即将到期，将于24小时后清零，请登录网址 wap.abcme.cc 兑换500元现金【农业银行】
",95599,1492235628000,1492252678000,116.46746826,39.88445663,18
0de35b2eeda0cac93b23c8643f2d8798,"尊敬的客户：您的账户积分10000分即将到期，将于24小时后清零，请登录网址 wap.abcme.cc 兑换500元现金【农业银行】
",95599,1492252133000,1492252760000,116.46799469,39.88390732,18
0de35b2eeda0cac93b23c8643f2d8798,"尊敬的客户：您的账户积分10000分即将到期，将于24小时后清零，请登录网址 wap.abcme.cc 兑换500元现金【农业银行】
",95599,1492252000000,1492252760000,116.46799469,39.88390732,18
0de35b2eeda0cac93b23c8643f2d8798,"尊敬的客户：您的账户积分10000分即将到期，将于24小时后清零，请登录网址 wap.abcme.cc 兑换500元现金【农业银行】
",95599,1492249675000,1492252760000,116.46799469,39.88390732,18
0de35b2eeda0cac93b23c8643f2d8798,"尊敬的客户：您的账户积分10000分即将到期，将于24小时后清零，请登录网址 wap.abcme.cc 兑换500元现金【农业银行】
",95599,1492249581000,1492252760000,116.46799469,39.88390732,18
0de35b2eeda0cac93b23c8643f2d8798,"尊敬的客户：您的账户积分10000分即将到期，将于24小时后清零，请登录网址 wap.abcme.cc 兑换500元现金【农业银行】
",95599,1492228739000,1492252760000,116.46799469,39.88390732,18
c9718dfcc47dfe0aaccf54422b08c764,"你好本公司常年代开各行业正规机打发票点低保真可验后付款 王15646595247
",0000,1492250320000,1492250556000,116.46099091,39.87450409,18
c9718dfcc47dfe0aaccf54422b08c764,"你好本公司常年代开各行业正规机打发票点低保真可验后付款 王15646595247
",0000,1492249289000,1492250556000,116.46469879,39.87611389,18
c9718dfcc47dfe0aaccf54422b08c764,"你好本公司常年代开各行业正规机打发票点低保真可验后付款 王15646595247
",0000,1492249196000,1492250556000,116.46300507,39.87480545,18
c9718dfcc47dfe0aaccf54422b08c764,"你好本公司常年代开各行业正规机打发票点低保真可验后付款 王15646595247
",0000,1492248990000,1492250556000,116.48015594,39.8687973,18
c9718dfcc47dfe0aaccf54422b08c764,"你好本公司常年代开各行业正规机打发票点低保真可验后付款 王15646595247
",0000,1492248951000,1492250556000,116.46469879,39.87611389,18
f15a61f293a5a8b8752c964d86798471,"您好:我公司常年代开北京各行业发票点低保真验后付款,电话15383767857王经理QQ596878686微信a596878686办证刻章
",15383767857,1492252882000,1492253263000,116.51193237,39.90775299,18
f15a61f293a5a8b8752c964d86798471,"您好:我公司常年代开北京各行业发票点低保真验后付款,电话15383767857王经理QQ596878686微信a596878686办证刻章
",15383767857,1492252850000,1492253263000,116.5092392,39.90779877,18
f15a61f293a5a8b8752c964d86798471,"您好:我公司常年代开北京各行业发票点低保真验后付款,电话15383767857王经理QQ596878686微信a596878686办证刻章
",15383767857,1492252838000,1492253263000,116.49417114,39.91146088,18
f15a61f293a5a8b8752c964d86798471,"您好:我公司常年代开北京各行业发票点低保真验后付款,电话15383767857王经理QQ596878686微信a596878686办证刻章
",15383767857,1492252565000,1492253263000,116.51342009999999,39.91007233,18
51401aa04906a05db6d4963cf2e437d6,"你好、本公司有正规、国税、增值抵扣、保真、需要请联系.15652932345胡涛
",10656983211,1492252179000,1492253576000,116.48966217,39.98534012,18
51401aa04906a05db6d4963cf2e437d6,"你好、本公司有正规、国税、增值抵扣、保真、需要请联系.15652932345胡涛
",10656983211,1492252141000,1492253576000,116.48884583,39.97974014,18
51401aa04906a05db6d4963cf2e437d6,"你好、本公司有正规、国税、增值抵扣、保真、需要请联系.15652932345胡涛
",10656983211,1492252033000,1492253576000,116.48966217,39.98534012,18
51401aa04906a05db6d4963cf2e437d6,"你好、本公司有正规、国税、增值抵扣、保真、需要请联系.15652932345胡涛
",10656983211,1492237734000,1492253576000,116.45026398,39.919357299999994,18
ed636c273617aab47d6086bd0c336e7d,"您好：本公司常年代开北京及全国各地发票点低保真验后付款，电话18032627027 QQ253454887微信a18032627027
",18032627027,1492245731000,1492253600000,116.46746826,39.88445663,18
ed636c273617aab47d6086bd0c336e7d,"您好：本公司常年代开北京及全国各地发票点低保真验后付款，电话18032627027 QQ253454887微信a18032627027
",18032627027,1492172329000,1492253600000,116.46746826,39.88445663,18
ed636c273617aab47d6086bd0c336e7d,"您好：本公司常年代开北京及全国各地发票点低保真验后付款，电话18032627027 QQ253454887微信a18032627027
",18032627027,1492170167000,1492253600000,116.46754456,39.88448334,18
4eec17dcf2f571e382aa580cd4ac8bdf,"您好，本公司代开各行业正规发票，13126538869 张先生
",15488886666,1492253790000,1492253896000,116.38922882,39.96829605,18
4eec17dcf2f571e382aa580cd4ac8bdf,"您好，本公司代开各行业正规发票，13126538869 张先生
",15488886666,1492253709000,1492253896000,116.39096832,39.96899033,18
4eec17dcf2f571e382aa580cd4ac8bdf,"您好，本公司代开各行业正规发票，13126538869 张先生
",15488886666,1492253705000,1492253896000,116.39096832,39.96899033,18
170408d0abce59f1939a4acdfc5aa275,"信用在手，融资无忧!平安金融，专注信用及抵押贷款。成数高，利息低，手续便捷,最快当天放款！详询本区经理15391512285张 
",95511,1492250904000,1492250904000,116.46185303,39.94100189,18
83c1f578437b0a9076d08cbe97f253e6,"尊敬的用户：您的工行账户因未分类核实个人信息已被冻结，请登录 http://95588.j-1r.pw 按提示核实解冻！【工 商 银 行】
",95588,1492248733000,1492253151000,116.41292572,39.9155426,18
83c1f578437b0a9076d08cbe97f253e6,"尊敬的用户：您的工行账户因未分类核实个人信息已被冻结，请登录 http://95588.j-1r.pw 按提示核实解冻！【工 商 银 行】
",95588,1492248716000,1492253151000,116.41141509999999,39.91548157,18
83c1f578437b0a9076d08cbe97f253e6,"尊敬的用户：您的工行账户因未分类核实个人信息已被冻结，请登录 http://95588.j-1r.pw 按提示核实解冻！【工 商 银 行】
",95588,1492248658000,1492253151000,116.41292572,39.9155426,18
83c1f578437b0a9076d08cbe97f253e6,"尊敬的用户：您的工行账户因未分类核实个人信息已被冻结，请登录 http://95588.j-1r.pw 按提示核实解冻！【工 商 银 行】
",95588,1492248643000,1492253151000,116.41419983,39.91550446,18
4eec17dcf2f571e382aa580cd4ac8bdf,"您好，本公司代开各行业正规发票，13126538869 张先生
",15488886666,1492250725000,1492250743000,116.47002411,39.9083786,18
4eec17dcf2f571e382aa580cd4ac8bdf,"您好，本公司代开各行业正规发票，13126538869 张先生
",15488886666,1492250706000,1492250743000,116.46799469,39.90817642,18
4eec17dcf2f571e382aa580cd4ac8bdf,"您好，本公司代开各行业正规发票，13126538869 张先生
",15488886666,1492250611000,1492250743000,116.46691132,39.90836716,18
4eec17dcf2f571e382aa580cd4ac8bdf,"您好，本公司代开各行业正规发票，13126538869 张先生
",15488886666,1492250602000,1492250743000,116.46556854,39.9082489,18
4eec17dcf2f571e382aa580cd4ac8bdf,"您好，本公司代开各行业正规发票，13126538869 张先生
",15488886666,1492250599000,1492250743000,116.46691132,39.90836716,18
4eec17dcf2f571e382aa580cd4ac8bdf,"您好，本公司代开各行业正规发票，13126538869 张先生
",15488886666,1492250725000,1492250743000,116.47002411,39.9083786,18
4eec17dcf2f571e382aa580cd4ac8bdf,"您好，本公司代开各行业正规发票，13126538869 张先生
",15488886666,1492250706000,1492250743000,116.46799469,39.90817642,18
4eec17dcf2f571e382aa580cd4ac8bdf,"您好，本公司代开各行业正规发票，13126538869 张先生
",15488886666,1492250611000,1492250743000,116.46691132,39.90836716,18
4eec17dcf2f571e382aa580cd4ac8bdf,"您好，本公司代开各行业正规发票，13126538869 张先生
",15488886666,1492250602000,1492250743000,116.46556854,39.9082489,18
4eec17dcf2f571e382aa580cd4ac8bdf,"您好，本公司代开各行业正规发票，13126538869 张先生
",15488886666,1492250599000,1492250743000,116.46691132,39.90836716,18
0de35b2eeda0cac93b23c8643f2d8798,"尊敬的客户：您的账户积分10000分即将到期，将于24小时后清零，请登录网址 wap.abcme.cc 兑换500元现金【农业银行】
",95599,1492252423000,1492252471000,116.46757507,39.88189316,18
0de35b2eeda0cac93b23c8643f2d8798,"尊敬的客户：您的账户积分10000分即将到期，将于24小时后清零，请登录网址 wap.abcme.cc 兑换500元现金【农业银行】
",95599,1492252308000,1492252471000,116.46757507,39.88189316,18
1d715bc8acd20852fc6322fed1e1781b,"你好，本公司代开各行业发票，可网上查验验后付款，电话:13366673923。
",18611288,1492251035000,1492251117000,116.48993683,39.89796829,18
1d715bc8acd20852fc6322fed1e1781b,"你好，本公司代开各行业发票，可网上查验验后付款，电话:13366673923。
",18611288,1492250809000,1492251117000,116.48974609,39.89272308,18
1d715bc8acd20852fc6322fed1e1781b,"你好，本公司代开各行业发票，可网上查验验后付款，电话:13366673923。
",18611288,1492250788000,1492251117000,116.48981476,39.89028168,18
1d715bc8acd20852fc6322fed1e1781b,"你好，本公司代开各行业发票，可网上查验验后付款，电话:13366673923。
",18611288,1492250767000,1492251117000,116.48974609,39.89060974,18
1d715bc8acd20852fc6322fed1e1781b,"你好，本公司代开各行业发票，可网上查验验后付款，电话:13366673923。
",18611288,1492250326000,1492251117000,116.48981476,39.89028168,18
26b845481b03a0c8c7385a2981d93175,"你好，本公司常年对外代开各种发票，工程/广告/设计/医疗器械/设备租赁/酒店会议等，对公走账增值税票，刘华13071171172长期有效。
",13071171172,1492251035000,1492251696000,116.48993683,39.89796829,18
26b845481b03a0c8c7385a2981d93175,"你好，本公司常年对外代开各种发票，工程/广告/设计/医疗器械/设备租赁/酒店会议等，对公走账增值税票，刘华13071171172长期有效。
",13071171172,1492250809000,1492251696000,116.48974609,39.89272308,18
26b845481b03a0c8c7385a2981d93175,"你好，本公司常年对外代开各种发票，工程/广告/设计/医疗器械/设备租赁/酒店会议等，对公走账增值税票，刘华13071171172长期有效。
",13071171172,1492250788000,1492251696000,116.48981476,39.89028168,18
26b845481b03a0c8c7385a2981d93175,"你好，本公司常年对外代开各种发票，工程/广告/设计/医疗器械/设备租赁/酒店会议等，对公走账增值税票，刘华13071171172长期有效。
",13071171172,1492250767000,1492251696000,116.48974609,39.89060974,18
26b845481b03a0c8c7385a2981d93175,"你好，本公司常年对外代开各种发票，工程/广告/设计/医疗器械/设备租赁/酒店会议等，对公走账增值税票，刘华13071171172长期有效。
",13071171172,1492250326000,1492251696000,116.48981476,39.89028168,18
3394149476119e354eaa6796d83a30b2,"你好、本公司有正规、国税、增值抵扣、保真、需要请联系胡涛13833689253
",1568996,1492251035000,1492251370000,116.48993683,39.89796829,18
3394149476119e354eaa6796d83a30b2,"你好、本公司有正规、国税、增值抵扣、保真、需要请联系胡涛13833689253
",1568996,1492250809000,1492251370000,116.48974609,39.89272308,18
3394149476119e354eaa6796d83a30b2,"你好、本公司有正规、国税、增值抵扣、保真、需要请联系胡涛13833689253
",1568996,1492250788000,1492251370000,116.48981476,39.89028168,18
3394149476119e354eaa6796d83a30b2,"你好、本公司有正规、国税、增值抵扣、保真、需要请联系胡涛13833689253
",1568996,1492250767000,1492251370000,116.48974609,39.89060974,18
3394149476119e354eaa6796d83a30b2,"你好、本公司有正规、国税、增值抵扣、保真、需要请联系胡涛13833689253
",1568996,1492250326000,1492251370000,116.48981476,39.89028168,18
de8c53612b88b864ebdf9908fd637fb5,"你好，本公司代开工程材料，科技办公，会议咨询，各行业机打发票可网上查验，验后付款，电话:13371636160:刘经理。
",18666682,1492251035000,1492251123000,116.48993683,39.89796829,18
de8c53612b88b864ebdf9908fd637fb5,"你好，本公司代开工程材料，科技办公，会议咨询，各行业机打发票可网上查验，验后付款，电话:13371636160:刘经理。
",18666682,1492250809000,1492251123000,116.48974609,39.89272308,18
de8c53612b88b864ebdf9908fd637fb5,"你好，本公司代开工程材料，科技办公，会议咨询，各行业机打发票可网上查验，验后付款，电话:13371636160:刘经理。
",18666682,1492250788000,1492251123000,116.48981476,39.89028168,18
de8c53612b88b864ebdf9908fd637fb5,"你好，本公司代开工程材料，科技办公，会议咨询，各行业机打发票可网上查验，验后付款，电话:13371636160:刘经理。
",18666682,1492250767000,1492251123000,116.48974609,39.89060974,18
de8c53612b88b864ebdf9908fd637fb5,"你好，本公司代开工程材料，科技办公，会议咨询，各行业机打发票可网上查验，验后付款，电话:13371636160:刘经理。
",18666682,1492250326000,1492251123000,116.48981476,39.89028168,18
f0eeffc87ec57ba0212b3c71ccbb512e,"尊敬的客户:您的账户积分10000分即将到期，将于24小时后清零，请登录网址 wap.abcxo.pw 兑换500元现金【农业银行】
",95599,1492243012000,1492252754000,116.36619568,39.98723221,18
f0eeffc87ec57ba0212b3c71ccbb512e,"尊敬的客户:您的账户积分10000分即将到期，将于24小时后清零，请登录网址 wap.abcxo.pw 兑换500元现金【农业银行】
",95599,1492240826000,1492252754000,116.3687973,39.98727798,18
0de35b2eeda0cac93b23c8643f2d8798,"尊敬的客户：您的账户积分10000分即将到期，将于24小时后清零，请登录网址 wap.abcme.cc 兑换500元现金【农业银行】
",95599,1492244692000,1492251077000,116.45516205,39.86745071,18
0de35b2eeda0cac93b23c8643f2d8798,"尊敬的客户：您的账户积分10000分即将到期，将于24小时后清零，请登录网址 wap.abcme.cc 兑换500元现金【农业银行】
",95599,1492244672000,1492251077000,116.45509338,39.86711121,18
0de35b2eeda0cac93b23c8643f2d8798,"尊敬的客户：您的账户积分10000分即将到期，将于24小时后清零，请登录网址 wap.abcme.cc 兑换500元现金【农业银行】
",95599,1492244374000,1492251077000,116.45516205,39.86745071,18
0de35b2eeda0cac93b23c8643f2d8798,"尊敬的客户：您的账户积分10000分即将到期，将于24小时后清零，请登录网址 wap.abcme.cc 兑换500元现金【农业银行】
",95599,1492244316000,1492251077000,116.45509338,39.86711121,18
0de35b2eeda0cac93b23c8643f2d8798,"尊敬的客户：您的账户积分10000分即将到期，将于24小时后清零，请登录网址 wap.abcme.cc 兑换500元现金【农业银行】
",95599,1492252872000,1492252887000,116.46246338,39.88687897,18
0de35b2eeda0cac93b23c8643f2d8798,"尊敬的客户：您的账户积分10000分即将到期，将于24小时后清零，请登录网址 wap.abcme.cc 兑换500元现金【农业银行】
",95599,1492252861000,1492252887000,116.46227264,39.89081955,18
0de35b2eeda0cac93b23c8643f2d8798,"尊敬的客户：您的账户积分10000分即将到期，将于24小时后清零，请登录网址 wap.abcme.cc 兑换500元现金【农业银行】
",95599,1492252696000,1492252887000,116.46246338,39.88687897,18
0de35b2eeda0cac93b23c8643f2d8798,"尊敬的客户：您的账户积分10000分即将到期，将于24小时后清零，请登录网址 wap.abcme.cc 兑换500元现金【农业银行】
",95599,1492252684000,1492252887000,116.46227264,39.89081955,18
35e8c850cd3c98a5a9f4717f6a2c7c70,"尊敬的客户；您的账户积分10000分即将到期，将于24小时后清零，请登录网址 wap.abcho.cc  兑换500元现金【农业银行】
",95599,1492251961000,1492251961000,116.50237274,39.9313736,18
35e8c850cd3c98a5a9f4717f6a2c7c70,"尊敬的客户；您的账户积分10000分即将到期，将于24小时后清零，请登录网址 wap.abcho.cc  兑换500元现金【农业银行】
",95599,1492251900000,1492251961000,116.50237274,39.9313736,18
35e8c850cd3c98a5a9f4717f6a2c7c70,"尊敬的客户；您的账户积分10000分即将到期，将于24小时后清零，请登录网址 wap.abcho.cc  兑换500元现金【农业银行】
",95599,1492251875000,1492251961000,116.50437927,39.92950821,18
35e8c850cd3c98a5a9f4717f6a2c7c70,"尊敬的客户；您的账户积分10000分即将到期，将于24小时后清零，请登录网址 wap.abcho.cc  兑换500元现金【农业银行】
",95599,1492251867000,1492251961000,116.50350952,39.93259048,18
26b845481b03a0c8c7385a2981d93175,"你好，本公司常年对外代开各种发票，工程/广告/设计/医疗器械/设备租赁/酒店会议等，对公走账增值税票，刘华13071171172长期有效。
",13071171172,1492251389000,1492252361000,116.48925018,39.87608719,18
26b845481b03a0c8c7385a2981d93175,"你好，本公司常年对外代开各种发票，工程/广告/设计/医疗器械/设备租赁/酒店会议等，对公走账增值税票，刘华13071171172长期有效。
",13071171172,1492250131000,1492252361000,116.48636627,39.87797165,18
26b845481b03a0c8c7385a2981d93175,"你好，本公司常年对外代开各种发票，工程/广告/设计/医疗器械/设备租赁/酒店会议等，对公走账增值税票，刘华13071171172长期有效。
",13071171172,1492245174000,1492252361000,116.48952484,39.87878036,18
26b845481b03a0c8c7385a2981d93175,"你好，本公司常年对外代开各种发票，工程/广告/设计/医疗器械/设备租赁/酒店会议等，对公走账增值税票，刘华13071171172长期有效。
",13071171172,1492244293000,1492252361000,116.48925018,39.87608719,18
26b845481b03a0c8c7385a2981d93175,"你好，本公司常年对外代开各种发票，工程/广告/设计/医疗器械/设备租赁/酒店会议等，对公走账增值税票，刘华13071171172长期有效。
",13071171172,1492237850000,1492252361000,116.48880768,39.87701797,18
35e8c850cd3c98a5a9f4717f6a2c7c70,"尊敬的客户；您的账户积分10000分即将到期，将于24小时后清零，请登录网址 wap.abcho.cc  兑换500元现金【农业银行】
",95599,1492253473000,1492253510000,116.50038147,39.91564178,18
35e8c850cd3c98a5a9f4717f6a2c7c70,"尊敬的客户；您的账户积分10000分即将到期，将于24小时后清零，请登录网址 wap.abcho.cc  兑换500元现金【农业银行】
",95599,1492253452000,1492253510000,116.50101471,39.91561508,18
35e8c850cd3c98a5a9f4717f6a2c7c70,"尊敬的客户；您的账户积分10000分即将到期，将于24小时后清零，请登录网址 wap.abcho.cc  兑换500元现金【农业银行】
",95599,1492253429000,1492253510000,116.50188446,39.915905,18
35e8c850cd3c98a5a9f4717f6a2c7c70,"尊敬的客户；您的账户积分10000分即将到期，将于24小时后清零，请登录网址 wap.abcho.cc  兑换500元现金【农业银行】
",95599,1492253402000,1492253510000,116.50167847,39.91576767,18
35e8c850cd3c98a5a9f4717f6a2c7c70,"尊敬的客户；您的账户积分10000分即将到期，将于24小时后清零，请登录网址 wap.abcho.cc  兑换500元现金【农业银行】
",95599,1492252169000,1492252237000,116.49927521,39.92301941,18
35e8c850cd3c98a5a9f4717f6a2c7c70,"尊敬的客户；您的账户积分10000分即将到期，将于24小时后清零，请登录网址 wap.abcho.cc  兑换500元现金【农业银行】
",95599,1492252152000,1492252237000,116.49534607,39.92295456,18
35e8c850cd3c98a5a9f4717f6a2c7c70,"尊敬的客户；您的账户积分10000分即将到期，将于24小时后清零，请登录网址 wap.abcho.cc  兑换500元现金【农业银行】
",95599,1492252125000,1492252237000,116.49304199,39.92298508,18
35e8c850cd3c98a5a9f4717f6a2c7c70,"尊敬的客户；您的账户积分10000分即将到期，将于24小时后清零，请登录网址 wap.abcho.cc  兑换500元现金【农业银行】
",95599,1492252120000,1492252237000,116.49013519,39.92330551,18
35e8c850cd3c98a5a9f4717f6a2c7c70,"尊敬的客户；您的账户积分10000分即将到期，将于24小时后清零，请登录网址 wap.abcho.cc  兑换500元现金【农业银行】
",95599,1492252112000,1492252237000,116.49304199,39.92298508,18
7f900708fc7282b7e1b46d85e49568b2,"恭喜发财！我公司代开各类发票，增票，保真，验后付款，电话13436710503敬请保留 以备急用
",13436710503,1492251695000,1492251701000,116.33715819999999,39.84951782,18
7f900708fc7282b7e1b46d85e49568b2,"恭喜发财！我公司代开各类发票，增票，保真，验后付款，电话13436710503敬请保留 以备急用
",13436710503,1492242984000,1492251701000,116.33715819999999,39.84951782,18
7f900708fc7282b7e1b46d85e49568b2,"恭喜发财！我公司代开各类发票，增票，保真，验后付款，电话13436710503敬请保留 以备急用
",13436710503,1492242983000,1492251701000,116.32943726,39.84847641,18
7f900708fc7282b7e1b46d85e49568b2,"恭喜发财！我公司代开各类发票，增票，保真，验后付款，电话13436710503敬请保留 以备急用
",13436710503,1492242909000,1492251701000,116.32887268,39.84936523,18
bd7d07a40bc0447bef613ee4ae82703b,"恭喜发财！我公司代开各类发票，增票，保真，验后付款，电话15321975859敬请保留 以备急用
",1243456789,1492251695000,1492251695000,116.33715819999999,39.84951782,18
bd7d07a40bc0447bef613ee4ae82703b,"恭喜发财！我公司代开各类发票，增票，保真，验后付款，电话15321975859敬请保留 以备急用
",1243456789,1492242984000,1492251695000,116.33715819999999,39.84951782,18
bd7d07a40bc0447bef613ee4ae82703b,"恭喜发财！我公司代开各类发票，增票，保真，验后付款，电话15321975859敬请保留 以备急用
",1243456789,1492242983000,1492251695000,116.32943726,39.84847641,18
bd7d07a40bc0447bef613ee4ae82703b,"恭喜发财！我公司代开各类发票，增票，保真，验后付款，电话15321975859敬请保留 以备急用
",1243456789,1492242909000,1492251695000,116.32887268,39.84936523,18
bd7d07a40bc0447bef613ee4ae82703b,"恭喜发财！我公司代开各类发票，增票，保真，验后付款，电话15321975859敬请保留 以备急用
",1243456789,1492242864000,1492251695000,116.32943726,39.84847641,18
cb02c6c310404e452716a572b200d0f9,"您好我以前给您开过发票，现在所有的票全部降价，详情请打15931666053.
",15931666053,1492250633000,1492252560000,116.54605865,40.01860046,18
cb02c6c310404e452716a572b200d0f9,"您好我以前给您开过发票，现在所有的票全部降价，详情请打15931666053.
",15931666053,1492250612000,1492252560000,116.54627991,40.01848221,18
cb02c6c310404e452716a572b200d0f9,"您好我以前给您开过发票，现在所有的票全部降价，详情请打15931666053.
",15931666053,1492250443000,1492252560000,116.54605865,40.01860046,18
83c1f578437b0a9076d08cbe97f253e6,"尊敬的用户：您的工行账户因未分类核实个人信息已被冻结，请登录 http://95588.j-1r.pw 按提示核实解冻！【工 商 银 行】
",95588,1492252450000,1492252560000,116.41160583,39.90982437,18
83c1f578437b0a9076d08cbe97f253e6,"尊敬的用户：您的工行账户因未分类核实个人信息已被冻结，请登录 http://95588.j-1r.pw 按提示核实解冻！【工 商 银 行】
",95588,1492252301000,1492252560000,116.41145325,39.90974808,18
83c1f578437b0a9076d08cbe97f253e6,"尊敬的用户：您的工行账户因未分类核实个人信息已被冻结，请登录 http://95588.j-1r.pw 按提示核实解冻！【工 商 银 行】
",95588,1492251721000,1492252560000,116.41160583,39.90982437,18
83c1f578437b0a9076d08cbe97f253e6,"尊敬的用户：您的工行账户因未分类核实个人信息已被冻结，请登录 http://95588.j-1r.pw 按提示核实解冻！【工 商 银 行】
",95588,1492251685000,1492252560000,116.41145325,39.90974808,18
83c1f578437b0a9076d08cbe97f253e6,"尊敬的用户：您的工行账户因未分类核实个人信息已被冻结，请登录 http://95588.j-1r.pw 按提示核实解冻！【工 商 银 行】
",95588,1492251561000,1492252560000,116.41160583,39.90982437,18
0de35b2eeda0cac93b23c8643f2d8798,"尊敬的客户：您的账户积分10000分即将到期，将于24小时后清零，请登录网址 wap.abcme.cc 兑换500元现金【农业银行】
",95599,1492242620000,1492251832000,116.20612335,40.13882065,18
0de35b2eeda0cac93b23c8643f2d8798,"尊敬的客户：您的账户积分10000分即将到期，将于24小时后清零，请登录网址 wap.abcme.cc 兑换500元现金【农业银行】
",95599,1492242620000,1492251832000,116.20612335,40.13882065,18
83c1f578437b0a9076d08cbe97f253e6,"尊敬的用户：您的工行账户因未分类核实个人信息已被冻结，请登录 http://95588.j-1r.pw 按提示核实解冻！【工 商 银 行】
",95588,1492252269000,1492252631000,116.41127777,39.91071701,18
83c1f578437b0a9076d08cbe97f253e6,"尊敬的用户：您的工行账户因未分类核实个人信息已被冻结，请登录 http://95588.j-1r.pw 按提示核实解冻！【工 商 银 行】
",95588,1492249511000,1492252631000,116.41127777,39.91071701,18
83c1f578437b0a9076d08cbe97f253e6,"尊敬的用户：您的工行账户因未分类核实个人信息已被冻结，请登录 http://95588.j-1r.pw 按提示核实解冻！【工 商 银 行】
",95588,1492248979000,1492252631000,116.41160583,39.90982437,18
83c1f578437b0a9076d08cbe97f253e6,"尊敬的用户：您的工行账户因未分类核实个人信息已被冻结，请登录 http://95588.j-1r.pw 按提示核实解冻！【工 商 银 行】
",95588,1492247601000,1492252631000,116.41141509999999,39.91011047,18
83c1f578437b0a9076d08cbe97f253e6,"尊敬的用户：您的工行账户因未分类核实个人信息已被冻结，请登录 http://95588.j-1r.pw 按提示核实解冻！【工 商 银 行】
",95588,1492252269000,1492252631000,116.41127777,39.91071701,18
83c1f578437b0a9076d08cbe97f253e6,"尊敬的用户：您的工行账户因未分类核实个人信息已被冻结，请登录 http://95588.j-1r.pw 按提示核实解冻！【工 商 银 行】
",95588,1492249511000,1492252631000,116.41127777,39.91071701,18
83c1f578437b0a9076d08cbe97f253e6,"尊敬的用户：您的工行账户因未分类核实个人信息已被冻结，请登录 http://95588.j-1r.pw 按提示核实解冻！【工 商 银 行】
",95588,1492248979000,1492252631000,116.41160583,39.90982437,18
83c1f578437b0a9076d08cbe97f253e6,"尊敬的用户：您的工行账户因未分类核实个人信息已被冻结，请登录 http://95588.j-1r.pw 按提示核实解冻！【工 商 银 行】
",95588,1492247601000,1492252631000,116.41141509999999,39.91011047,18
0de35b2eeda0cac93b23c8643f2d8798,"尊敬的客户：您的账户积分10000分即将到期，将于24小时后清零，请登录网址 wap.abcme.cc 兑换500元现金【农业银行】
",95599,1492231898000,1492251365000,116.43971252,39.95222855,18
0de35b2eeda0cac93b23c8643f2d8798,"尊敬的客户：您的账户积分10000分即将到期，将于24小时后清零，请登录网址 wap.abcme.cc 兑换500元现金【农业银行】
",95599,1492225638000,1492251365000,116.43971252,39.95222855,18
0de35b2eeda0cac93b23c8643f2d8798,"尊敬的客户：您的账户积分10000分即将到期，将于24小时后清零，请登录网址 wap.abcme.cc 兑换500元现金【农业银行】
",95599,1492225309000,1492251365000,116.43971252,39.95222855,18
0de35b2eeda0cac93b23c8643f2d8798,"尊敬的客户：您的账户积分10000分即将到期，将于24小时后清零，请登录网址 wap.abcme.cc 兑换500元现金【农业银行】
",95599,1492225287000,1492251365000,116.43971252,39.95222855,18
0de35b2eeda0cac93b23c8643f2d8798,"尊敬的客户：您的账户积分10000分即将到期，将于24小时后清零，请登录网址 wap.abcme.cc 兑换500元现金【农业银行】
",95599,1492225260000,1492251365000,116.43971252,39.95222855,18
35e8c850cd3c98a5a9f4717f6a2c7c70,"尊敬的客户；您的账户积分10000分即将到期，将于24小时后清零，请登录网址 wap.abcho.cc  兑换500元现金【农业银行】
",95599,1492249563000,1492251773000,116.44703674,39.91120529,18
35e8c850cd3c98a5a9f4717f6a2c7c70,"尊敬的客户；您的账户积分10000分即将到期，将于24小时后清零，请登录网址 wap.abcho.cc  兑换500元现金【农业银行】
",95599,1492249531000,1492251773000,116.44412994,39.90821075,18
35e8c850cd3c98a5a9f4717f6a2c7c70,"尊敬的客户；您的账户积分10000分即将到期，将于24小时后清零，请登录网址 wap.abcho.cc  兑换500元现金【农业银行】
",95599,1492248439000,1492251773000,116.38307953,39.90722656,18
35e8c850cd3c98a5a9f4717f6a2c7c70,"尊敬的客户；您的账户积分10000分即将到期，将于24小时后清零，请登录网址 wap.abcho.cc  兑换500元现金【农业银行】
",95599,1492248414000,1492251773000,116.37756348,39.90716934,18
35e8c850cd3c98a5a9f4717f6a2c7c70,"尊敬的客户；您的账户积分10000分即将到期，将于24小时后清零，请登录网址 wap.abcho.cc  兑换500元现金【农业银行】
",95599,1492249563000,1492251773000,116.44703674,39.91120529,18
35e8c850cd3c98a5a9f4717f6a2c7c70,"尊敬的客户；您的账户积分10000分即将到期，将于24小时后清零，请登录网址 wap.abcho.cc  兑换500元现金【农业银行】
",95599,1492249531000,1492251773000,116.44412994,39.90821075,18
35e8c850cd3c98a5a9f4717f6a2c7c70,"尊敬的客户；您的账户积分10000分即将到期，将于24小时后清零，请登录网址 wap.abcho.cc  兑换500元现金【农业银行】
",95599,1492248439000,1492251773000,116.38307953,39.90722656,18
35e8c850cd3c98a5a9f4717f6a2c7c70,"尊敬的客户；您的账户积分10000分即将到期，将于24小时后清零，请登录网址 wap.abcho.cc  兑换500元现金【农业银行】
",95599,1492248414000,1492251773000,116.37756348,39.90716934,18
bd50798d432f4c83a4da07e16122871e,"你好，本公司专业代开北京、外地通用机打发票、普通增值税发票，税点底，绝对保真！可验后付款！17316012160微信fc1818618
",106987546464848,1492247033000,1492250593000,116.41431427,40.08511353,18
bd50798d432f4c83a4da07e16122871e,"你好，本公司专业代开北京、外地通用机打发票、普通增值税发票，税点底，绝对保真！可验后付款！17316012160微信fc1818618
",106987546464848,1492247029000,1492250593000,116.41388702,40.08562851,18
0de35b2eeda0cac93b23c8643f2d8798,"尊敬的客户：您的账户积分10000分即将到期，将于24小时后清零，请登录网址 wap.abcme.cc 兑换500元现金【农业银行】
",95599,1492252138000,1492252584000,116.46620178,39.88176346,18
0de35b2eeda0cac93b23c8643f2d8798,"尊敬的客户：您的账户积分10000分即将到期，将于24小时后清零，请登录网址 wap.abcme.cc 兑换500元现金【农业银行】
",95599,1492252114000,1492252584000,116.46432495,39.88256073,18
0de35b2eeda0cac93b23c8643f2d8798,"尊敬的客户：您的账户积分10000分即将到期，将于24小时后清零，请登录网址 wap.abcme.cc 兑换500元现金【农业银行】
",95599,1492252106000,1492252584000,116.46620178,39.88176346,18
0de35b2eeda0cac93b23c8643f2d8798,"尊敬的客户：您的账户积分10000分即将到期，将于24小时后清零，请登录网址 wap.abcme.cc 兑换500元现金【农业银行】
",95599,1492251786000,1492252584000,116.46432495,39.88256073,18
0de35b2eeda0cac93b23c8643f2d8798,"尊敬的客户：您的账户积分10000分即将到期，将于24小时后清零，请登录网址 wap.abcme.cc 兑换500元现金【农业银行】
",95599,1492251577000,1492252584000,116.46620178,39.88176346,18
3394149476119e354eaa6796d83a30b2,"你好、本公司有正规、国税、增值抵扣、保真、需要请联系胡涛13833689253
",1568996,1492251462000,1492253621000,116.42507935,39.96412277,18
3394149476119e354eaa6796d83a30b2,"你好、本公司有正规、国税、增值抵扣、保真、需要请联系胡涛13833689253
",1568996,1492251443000,1492253621000,116.42337036,39.96321106,18
3394149476119e354eaa6796d83a30b2,"你好、本公司有正规、国税、增值抵扣、保真、需要请联系胡涛13833689253
",1568996,1492251408000,1492253621000,116.42507935,39.96412277,18
3394149476119e354eaa6796d83a30b2,"你好、本公司有正规、国税、增值抵扣、保真、需要请联系胡涛13833689253
",1568996,1492251087000,1492253621000,116.42337036,39.96321106,18
3394149476119e354eaa6796d83a30b2,"你好、本公司有正规、国税、增值抵扣、保真、需要请联系胡涛13833689253
",1568996,1492250989000,1492253621000,116.42263031,39.96282196,18
95e98932883043465b01136c5a168b52,"尊敬的客户:您的账户积分10000分即将到期，将于24小时后清零，请登录网址 wap.abcna.pw 兑换500元现金【农业银行】
",95599,1492252236000,1492252236000,116.41537476,39.89706421,18
95e98932883043465b01136c5a168b52,"尊敬的客户:您的账户积分10000分即将到期，将于24小时后清零，请登录网址 wap.abcna.pw 兑换500元现金【农业银行】
",95599,1492252106000,1492252236000,116.41855621,39.8973999,18
95e98932883043465b01136c5a168b52,"尊敬的客户:您的账户积分10000分即将到期，将于24小时后清零，请登录网址 wap.abcna.pw 兑换500元现金【农业银行】
",95599,1492250960000,1492252236000,116.41615295,39.90123367,18
95e98932883043465b01136c5a168b52,"尊敬的客户:您的账户积分10000分即将到期，将于24小时后清零，请登录网址 wap.abcna.pw 兑换500元现金【农业银行】
",95599,1492250808000,1492252236000,116.39895630000001,39.89999008,18
95e98932883043465b01136c5a168b52,"尊敬的客户:您的账户积分10000分即将到期，将于24小时后清零，请登录网址 wap.abcna.pw 兑换500元现金【农业银行】
",95599,1492250688000,1492252236000,116.3848114,39.90002823,18
3631de8e3487c88c87217aa114084e25,"您好：我公司代开北京及全国各行业增值税发票，点低保真，验后付款，请致电：18034467990赵经理QQ76254908打扰见谅。
",18034467990,1492212422000,1492253698000,116.56615448,39.92150497,18
3631de8e3487c88c87217aa114084e25,"您好：我公司代开北京及全国各行业增值税发票，点低保真，验后付款，请致电：18034467990赵经理QQ76254908打扰见谅。
",18034467990,1492212417000,1492253698000,116.56310272,39.91923523,18
3631de8e3487c88c87217aa114084e25,"您好：我公司代开北京及全国各行业增值税发票，点低保真，验后付款，请致电：18034467990赵经理QQ76254908打扰见谅。
",18034467990,1492187476000,1492253698000,116.56615448,39.92150497,18
3631de8e3487c88c87217aa114084e25,"您好：我公司代开北京及全国各行业增值税发票，点低保真，验后付款，请致电：18034467990赵经理QQ76254908打扰见谅。
",18034467990,1492187197000,1492253698000,116.56310272,39.91923523,18
3631de8e3487c88c87217aa114084e25,"您好：我公司代开北京及全国各行业增值税发票，点低保真，验后付款，请致电：18034467990赵经理QQ76254908打扰见谅。
",18034467990,1492186820000,1492253698000,116.56615448,39.92150497,18
0de35b2eeda0cac93b23c8643f2d8798,"尊敬的客户：您的账户积分10000分即将到期，将于24小时后清零，请登录网址 wap.abcme.cc 兑换500元现金【农业银行】
",95599,1492251932000,1492251954000,116.46781158,39.87613678,18
0de35b2eeda0cac93b23c8643f2d8798,"尊敬的客户：您的账户积分10000分即将到期，将于24小时后清零，请登录网址 wap.abcme.cc 兑换500元现金【农业银行】
",95599,1492251931000,1492251954000,116.46781158,39.87613678,18
0de35b2eeda0cac93b23c8643f2d8798,"尊敬的客户：您的账户积分10000分即将到期，将于24小时后清零，请登录网址 wap.abcme.cc 兑换500元现金【农业银行】
",95599,1492251819000,1492251954000,116.46820831,39.87511444,18
0de35b2eeda0cac93b23c8643f2d8798,"尊敬的客户：您的账户积分10000分即将到期，将于24小时后清零，请登录网址 wap.abcme.cc 兑换500元现金【农业银行】
",95599,1492251709000,1492251954000,116.46820831,39.87511444,18
46784ac2eaf53de8c0b9396dadd90b20,"你好！（恭喜发财）本公司代开各行业发票:100%保真！验后付款，电话：15313305082 微信：y15210201758 若有打扰，敬请
",666888,1492247931000,1492251026000,116.45203400000001,39.80749512,18
46784ac2eaf53de8c0b9396dadd90b20,"你好！（恭喜发财）本公司代开各行业发票:100%保真！验后付款，电话：15313305082 微信：y15210201758 若有打扰，敬请
",666888,1492247925000,1492251026000,116.45214081,39.807827,18
46784ac2eaf53de8c0b9396dadd90b20,"你好！（恭喜发财）本公司代开各行业发票:100%保真！验后付款，电话：15313305082 微信：y15210201758 若有打扰，敬请
",666888,1492244472000,1492251026000,116.45203400000001,39.80749512,18
46784ac2eaf53de8c0b9396dadd90b20,"你好！（恭喜发财）本公司代开各行业发票:100%保真！验后付款，电话：15313305082 微信：y15210201758 若有打扰，敬请
",666888,1492241196000,1492251026000,116.45203400000001,39.80749512,18
38b18d9b772dbcbb0871571c379e52be,"你好，我公司长期代开各行业增值税发票，点底保真，验后付款，电话13241509916刘经理
",10621735194,1492251114000,1492251114000,116.50758362,39.91579056,18
38b18d9b772dbcbb0871571c379e52be,"你好，我公司长期代开各行业增值税发票，点底保真，验后付款，电话13241509916刘经理
",10621735194,1492240589000,1492251114000,116.50741577,39.91548157,18
38b18d9b772dbcbb0871571c379e52be,"你好，我公司长期代开各行业增值税发票，点底保真，验后付款，电话13241509916刘经理
",10621735194,1492240563000,1492251114000,116.49761200000002,39.9157753,18
38b18d9b772dbcbb0871571c379e52be,"你好，我公司长期代开各行业增值税发票，点底保真，验后付款，电话13241509916刘经理
",10621735194,1492240510000,1492251114000,116.50758362,39.91579056,18
bd50798d432f4c83a4da07e16122871e,"你好，本公司专业代开北京、外地通用机打发票、普通增值税发票，税点底，绝对保真！可验后付款！17316012160微信fc1818618
",106987546464848,1492251087000,1492251115000,116.37065125,40.08144379,18
bd50798d432f4c83a4da07e16122871e,"你好，本公司专业代开北京、外地通用机打发票、普通增值税发票，税点底，绝对保真！可验后付款！17316012160微信fc1818618
",106987546464848,1492251080000,1492251115000,116.37350464,40.08615112,18
bd50798d432f4c83a4da07e16122871e,"你好，本公司专业代开北京、外地通用机打发票、普通增值税发票，税点底，绝对保真！可验后付款！17316012160微信fc1818618
",106987546464848,1492249001000,1492251115000,116.37194824,40.08197784,18
bd50798d432f4c83a4da07e16122871e,"你好，本公司专业代开北京、外地通用机打发票、普通增值税发票，税点底，绝对保真！可验后付款！17316012160微信fc1818618
",106987546464848,1492248766000,1492251115000,116.36664581,40.08153534,18
4eec17dcf2f571e382aa580cd4ac8bdf,"您好，本公司代开各行业正规发票，13126538869 张先生
",15488886666,1492251356000,1492251399000,116.46161652,39.92655563,18
4eec17dcf2f571e382aa580cd4ac8bdf,"您好，本公司代开各行业正规发票，13126538869 张先生
",15488886666,1492251349000,1492251399000,116.46166229,39.92765808,18
4eec17dcf2f571e382aa580cd4ac8bdf,"您好，本公司代开各行业正规发票，13126538869 张先生
",15488886666,1492249944000,1492251424000,116.46162415,39.92793655,18
4eec17dcf2f571e382aa580cd4ac8bdf,"您好，本公司代开各行业正规发票，13126538869 张先生
",15488886666,1492249917000,1492251424000,116.46184540000002,39.93080139,18
4eec17dcf2f571e382aa580cd4ac8bdf,"您好，本公司代开各行业正规发票，13126538869 张先生
",15488886666,1492249916000,1492251424000,116.46163940000001,39.92728043,18
4eec17dcf2f571e382aa580cd4ac8bdf,"您好，本公司代开各行业正规发票，13126538869 张先生
",15488886666,1492248409000,1492251424000,116.46184540000002,39.93080139,18
4eec17dcf2f571e382aa580cd4ac8bdf,"您好，本公司代开各行业正规发票，13126538869 张先生
",15488886666,1492248345000,1492251424000,116.46163940000001,39.92728043,18
43609d74f0f3678a03528bbea46a72e4,"您好 ！本公司可开增税发票，工程款，材料款，广告，科技，服务，房屋，机械租赁等以及支票兑现 电话 13051169789 张婷
",13051169789,1492251502000,1492251502000,116.52851868,39.9236908,18
43609d74f0f3678a03528bbea46a72e4,"您好 ！本公司可开增税发票，工程款，材料款，广告，科技，服务，房屋，机械租赁等以及支票兑现 电话 13051169789 张婷
",13051169789,1492247311000,1492251502000,116.53102875,39.92380524,18
43609d74f0f3678a03528bbea46a72e4,"您好 ！本公司可开增税发票，工程款，材料款，广告，科技，服务，房屋，机械租赁等以及支票兑现 电话 13051169789 张婷
",13051169789,1492247291000,1492251502000,116.52784729,39.96012115,18
43609d74f0f3678a03528bbea46a72e4,"您好 ！本公司可开增税发票，工程款，材料款，广告，科技，服务，房屋，机械租赁等以及支票兑现 电话 13051169789 张婷
",13051169789,1492247270000,1492251502000,116.5354538,39.92351913,18
43609d74f0f3678a03528bbea46a72e4,"您好 ！本公司可开增税发票，工程款，材料款，广告，科技，服务，房屋，机械租赁等以及支票兑现 电话 13051169789 张婷
",13051169789,1492247161000,1492251502000,116.53102875,39.92380524,18
a81083ce665d1cb6cdf1fc088e81f893,"本公司常年对外代开各种机打发票，正规真实.验后付款18910018671杨经理。打扰谅解...
",18910018671,1492250020000,1492251578000,116.41183472,40.10929108,18
a81083ce665d1cb6cdf1fc088e81f893,"本公司常年对外代开各种机打发票，正规真实.验后付款18910018671杨经理。打扰谅解...
",18910018671,1492249743000,1492251578000,116.41183472,40.10929108,18
a81083ce665d1cb6cdf1fc088e81f893,"本公司常年对外代开各种机打发票，正规真实.验后付款18910018671杨经理。打扰谅解...
",18910018671,1492249728000,1492251578000,116.41212463,40.11338043,18
a81083ce665d1cb6cdf1fc088e81f893,"本公司常年对外代开各种机打发票，正规真实.验后付款18910018671杨经理。打扰谅解...
",18910018671,1492247418000,1492251578000,116.41183472,40.10929108,18
a81083ce665d1cb6cdf1fc088e81f893,"本公司常年对外代开各种机打发票，正规真实.验后付款18910018671杨经理。打扰谅解...
",18910018671,1492247385000,1492251578000,116.41212463,40.11338043,18
45ee063a537a22f1a7d0be10cf527c16,"你好，本公司有北京各行业正规发票出售，价格最低，永久保真，验后付款，公对公走账，支票兑现，微信号baozhen688688。
",15321573682,1492252165000,1492252478000,116.46121216,39.88019562,18
45ee063a537a22f1a7d0be10cf527c16,"你好，本公司有北京各行业正规发票出售，价格最低，永久保真，验后付款，公对公走账，支票兑现，微信号baozhen688688。
",15321573682,1492252138000,1492252478000,116.46133423,39.87918091,18
45ee063a537a22f1a7d0be10cf527c16,"你好，本公司有北京各行业正规发票出售，价格最低，永久保真，验后付款，公对公走账，支票兑现，微信号baozhen688688。
",15321573682,1492252087000,1492252478000,116.46121216,39.88019562,18
45ee063a537a22f1a7d0be10cf527c16,"你好，本公司有北京各行业正规发票出售，价格最低，永久保真，验后付款，公对公走账，支票兑现，微信号baozhen688688。
",15321573682,1492252066000,1492252478000,116.46133423,39.87918091,18
45ee063a537a22f1a7d0be10cf527c16,"你好，本公司有北京各行业正规发票出售，价格最低，永久保真，验后付款，公对公走账，支票兑现，微信号baozhen688688。
",15321573682,1492252024000,1492252478000,116.46121216,39.88019562,18
a81083ce665d1cb6cdf1fc088e81f893,"本公司常年对外代开各种机打发票，正规真实.验后付款18910018671杨经理。打扰谅解...
",18910018671,1492251875000,1492252023000,116.42433167,40.12884521,18
a81083ce665d1cb6cdf1fc088e81f893,"本公司常年对外代开各种机打发票，正规真实.验后付款18910018671杨经理。打扰谅解...
",18910018671,1492216095000,1492252023000,116.42375183,40.12995529,18
a81083ce665d1cb6cdf1fc088e81f893,"本公司常年对外代开各种机打发票，正规真实.验后付款18910018671杨经理。打扰谅解...
",18910018671,1492215885000,1492252023000,116.41996765,40.12934494,18
a81083ce665d1cb6cdf1fc088e81f893,"本公司常年对外代开各种机打发票，正规真实.验后付款18910018671杨经理。打扰谅解...
",18910018671,1492208169000,1492252023000,116.42375183,40.12995529,18
95e98932883043465b01136c5a168b52,"尊敬的客户:您的账户积分10000分即将到期，将于24小时后清零，请登录网址 wap.abcna.pw 兑换500元现金【农业银行】
",95599,1492252072000,1492252072000,116.41520691,39.89587784,18
95e98932883043465b01136c5a168b52,"尊敬的客户:您的账户积分10000分即将到期，将于24小时后清零，请登录网址 wap.abcna.pw 兑换500元现金【农业银行】
",95599,1492250147000,1492252072000,116.41520691,39.89587784,18
95e98932883043465b01136c5a168b52,"尊敬的客户:您的账户积分10000分即将到期，将于24小时后清零，请登录网址 wap.abcna.pw 兑换500元现金【农业银行】
",95599,1492250146000,1492252072000,116.41658020000001,39.89826584,18
95e98932883043465b01136c5a168b52,"尊敬的客户:您的账户积分10000分即将到期，将于24小时后清零，请登录网址 wap.abcna.pw 兑换500元现金【农业银行】
",95599,1492250113000,1492252072000,116.41520691,39.89587784,18
43609d74f0f3678a03528bbea46a72e4,"您好 ！本公司可开增税发票，工程款，材料款，广告，科技，服务，房屋，机械租赁等以及支票兑现 电话 13051169789 张婷
",13051169789,1492252635000,1492252680000,116.54666901,39.95635986,18
43609d74f0f3678a03528bbea46a72e4,"您好 ！本公司可开增税发票，工程款，材料款，广告，科技，服务，房屋，机械租赁等以及支票兑现 电话 13051169789 张婷
",13051169789,1492233583000,1492252680000,116.54721069,39.9560318,18
43609d74f0f3678a03528bbea46a72e4,"您好 ！本公司可开增税发票，工程款，材料款，广告，科技，服务，房屋，机械租赁等以及支票兑现 电话 13051169789 张婷
",13051169789,1492233578000,1492252680000,116.54666901,39.95635986,18
3631de8e3487c88c87217aa114084e25,"您好：我公司代开北京及全国各行业增值税发票，点低保真，验后付款，请致电：18034467990赵经理QQ76254908打扰见谅。
",18034467990,1492250483000,1492250482000,116.66703796,39.88420105,18
3631de8e3487c88c87217aa114084e25,"您好：我公司代开北京及全国各行业增值税发票，点低保真，验后付款，请致电：18034467990赵经理QQ76254908打扰见谅。
",18034467990,1492249967000,1492250482000,116.66703796,39.88420105,18
3631de8e3487c88c87217aa114084e25,"您好：我公司代开北京及全国各行业增值税发票，点低保真，验后付款，请致电：18034467990赵经理QQ76254908打扰见谅。
",18034467990,1492249963000,1492250482000,116.66703796,39.88420105,18
0de35b2eeda0cac93b23c8643f2d8798,"尊敬的客户：您的账户积分10000分即将到期，将于24小时后清零，请登录网址 wap.abcme.cc 兑换500元现金【农业银行】
",95599,1492253716000,1492253716000,116.46886444,39.89182663,18
0de35b2eeda0cac93b23c8643f2d8798,"尊敬的客户：您的账户积分10000分即将到期，将于24小时后清零，请登录网址 wap.abcme.cc 兑换500元现金【农业银行】
",95599,1492252791000,1492253716000,116.46760559,39.88830566,18
0de35b2eeda0cac93b23c8643f2d8798,"尊敬的客户：您的账户积分10000分即将到期，将于24小时后清零，请登录网址 wap.abcme.cc 兑换500元现金【农业银行】
",95599,1492252737000,1492253716000,116.47013855,39.89271927,18
0de35b2eeda0cac93b23c8643f2d8798,"尊敬的客户：您的账户积分10000分即将到期，将于24小时后清零，请登录网址 wap.abcme.cc 兑换500元现金【农业银行】
",95599,1492251448000,1492253716000,116.46754456,39.88880539,18
0de35b2eeda0cac93b23c8643f2d8798,"尊敬的客户：您的账户积分10000分即将到期，将于24小时后清零，请登录网址 wap.abcme.cc 兑换500元现金【农业银行】
",95599,1492251396000,1492253716000,116.46754456,39.88880539,18
40ec0f5f7b8e2384ac7179e9cbca495b,"【中视】安装卫星电视看；凤凰新闻，CNN，票房影院HBO，地理探索等...手机信号放大器，解决信号弱通话断续13552225898回T退订
",13552225898,1492251688000,1492253266000,116.41390991,40.07894897,18
40ec0f5f7b8e2384ac7179e9cbca495b,"【中视】安装卫星电视看；凤凰新闻，CNN，票房影院HBO，地理探索等...手机信号放大器，解决信号弱通话断续13552225898回T退订
",13552225898,1492251524000,1492253266000,116.41494751,40.07939529,18
40ec0f5f7b8e2384ac7179e9cbca495b,"【中视】安装卫星电视看；凤凰新闻，CNN，票房影院HBO，地理探索等...手机信号放大器，解决信号弱通话断续13552225898回T退订
",13552225898,1492251475000,1492253266000,116.42395782,40.08924484,18
0de35b2eeda0cac93b23c8643f2d8798,"尊敬的客户：您的账户积分10000分即将到期，将于24小时后清零，请登录网址 wap.abcme.cc 兑换500元现金【农业银行】
",95599,1492252535000,1492252636000,116.46742249,39.88459015,18
99e6bc7268fdbcd2dd8449addbad2dd3,"你好，本人长期刻章，如毕业证书，等，长期代开北京及市正规机打发票，电话15836992307
",44676675455,1492248046000,1492253738000,116.33702087,40.02990341,18
99e6bc7268fdbcd2dd8449addbad2dd3,"你好，本人长期刻章，如毕业证书，等，长期代开北京及市正规机打发票，电话15836992307
",44676675455,1492243543000,1492253738000,116.33573151,40.03074265,18
99e6bc7268fdbcd2dd8449addbad2dd3,"你好，本人长期刻章，如毕业证书，等，长期代开北京及市正规机打发票，电话15836992307
",44676675455,1492242633000,1492253738000,116.33702087,40.02990341,18
99e6bc7268fdbcd2dd8449addbad2dd3,"你好，本人长期刻章，如毕业证书，等，长期代开北京及市正规机打发票，电话15836992307
",44676675455,1492242596000,1492253738000,116.33810425,40.03034973,18
99e6bc7268fdbcd2dd8449addbad2dd3,"你好，本人长期刻章，如毕业证书，等，长期代开北京及市正规机打发票，电话15836992307
",44676675455,1492237854000,1492253738000,116.33702087,40.02990341,18
4eec17dcf2f571e382aa580cd4ac8bdf,"您好，本公司代开各行业正规发票，13126538869 张先生
",15488886666,1492250223000,1492250632000,116.46964264,39.90826797,18
4eec17dcf2f571e382aa580cd4ac8bdf,"您好，本公司代开各行业正规发票，13126538869 张先生
",15488886666,1492250213000,1492250632000,116.47085571,39.90833664,18
4eec17dcf2f571e382aa580cd4ac8bdf,"您好，本公司代开各行业正规发票，13126538869 张先生
",15488886666,1492250194000,1492250632000,116.46964264,39.90826797,18
4eec17dcf2f571e382aa580cd4ac8bdf,"您好，本公司代开各行业正规发票，13126538869 张先生
",15488886666,1492250166000,1492250632000,116.47085571,39.90833664,18
4eec17dcf2f571e382aa580cd4ac8bdf,"您好，本公司代开各行业正规发票，13126538869 张先生
",15488886666,1492250149000,1492250632000,116.46964264,39.90826797,18
0de35b2eeda0cac93b23c8643f2d8798,"尊敬的客户：您的账户积分10000分即将到期，将于24小时后清零，请登录网址 wap.abcme.cc 兑换500元现金【农业银行】
",95599,1492250414000,1492252427000,116.47060394,39.88246155,18
0de35b2eeda0cac93b23c8643f2d8798,"尊敬的客户：您的账户积分10000分即将到期，将于24小时后清零，请登录网址 wap.abcme.cc 兑换500元现金【农业银行】
",95599,1492250374000,1492252427000,116.46766663,39.88168335,18
0de35b2eeda0cac93b23c8643f2d8798,"尊敬的客户：您的账户积分10000分即将到期，将于24小时后清零，请登录网址 wap.abcme.cc 兑换500元现金【农业银行】
",95599,1492250283000,1492252427000,116.4702301,39.87873459,18
0de35b2eeda0cac93b23c8643f2d8798,"尊敬的客户：您的账户积分10000分即将到期，将于24小时后清零，请登录网址 wap.abcme.cc 兑换500元现金【农业银行】
",95599,1492250262000,1492252427000,116.46311951,39.87814713,18
fc9ed335d5326fa4ae8b22556867c4fd,"我公司代开全国(材料、工程、劳务、科技、咨询)等等各行业正规发票，点低保真验后付款，电话15369463167QQ452014478王明
",15369463167,1492250198000,1492250428000,116.49299622,39.91862106,18
fc9ed335d5326fa4ae8b22556867c4fd,"我公司代开全国(材料、工程、劳务、科技、咨询)等等各行业正规发票，点低保真验后付款，电话15369463167QQ452014478王明
",15369463167,1492250190000,1492250428000,116.48979950000002,39.92012405,18
fc9ed335d5326fa4ae8b22556867c4fd,"我公司代开全国(材料、工程、劳务、科技、咨询)等等各行业正规发票，点低保真验后付款，电话15369463167QQ452014478王明
",15369463167,1492250187000,1492250428000,116.48988342,39.919487,18
fc9ed335d5326fa4ae8b22556867c4fd,"我公司代开全国(材料、工程、劳务、科技、咨询)等等各行业正规发票，点低保真验后付款，电话15369463167QQ452014478王明
",15369463167,1492250184000,1492250428000,116.48979950000002,39.92012405,18
89c92f1e409e8ac72923575b1d14468f,"代开北京各行业增值税发票，普通增值税，税点低！保真，验后付款！13366769919李经理
",13366769919,1492251070000,1492253670000,116.39894867,39.92328262,18
89c92f1e409e8ac72923575b1d14468f,"代开北京各行业增值税发票，普通增值税，税点低！保真，验后付款！13366769919李经理
",13366769919,1492251062000,1492253670000,116.37400818,39.90952301,18
89c92f1e409e8ac72923575b1d14468f,"代开北京各行业增值税发票，普通增值税，税点低！保真，验后付款！13366769919李经理
",13366769919,1492244220000,1492253670000,116.42327118,39.88402557,18
89c92f1e409e8ac72923575b1d14468f,"代开北京各行业增值税发票，普通增值税，税点低！保真，验后付款！13366769919李经理
",13366769919,1492242851000,1492253670000,116.42327118,39.88402557,18
38b18d9b772dbcbb0871571c379e52be,"你好，我公司长期代开各行业增值税发票，点底保真，验后付款，电话13241509916刘经理
",10621735194,1492251055000,1492253027000,116.4654541,39.91777802,18
38b18d9b772dbcbb0871571c379e52be,"你好，我公司长期代开各行业增值税发票，点底保真，验后付款，电话13241509916刘经理
",10621735194,1492248519000,1492253027000,116.4646225,39.91826248,18
38b18d9b772dbcbb0871571c379e52be,"你好，我公司长期代开各行业增值税发票，点底保真，验后付款，电话13241509916刘经理
",10621735194,1492243558000,1492253027000,116.4654541,39.91777802,18
38b18d9b772dbcbb0871571c379e52be,"你好，我公司长期代开各行业增值税发票，点底保真，验后付款，电话13241509916刘经理
",10621735194,1492243519000,1492253027000,116.46981049,39.9135704,18
38b18d9b772dbcbb0871571c379e52be,"你好，我公司长期代开各行业增值税发票，点底保真，验后付款，电话13241509916刘经理
",10621735194,1492251055000,1492253027000,116.4654541,39.91777802,18
38b18d9b772dbcbb0871571c379e52be,"你好，我公司长期代开各行业增值税发票，点底保真，验后付款，电话13241509916刘经理
",10621735194,1492248519000,1492253027000,116.4646225,39.91826248,18
38b18d9b772dbcbb0871571c379e52be,"你好，我公司长期代开各行业增值税发票，点底保真，验后付款，电话13241509916刘经理
",10621735194,1492243558000,1492253027000,116.4654541,39.91777802,18
38b18d9b772dbcbb0871571c379e52be,"你好，我公司长期代开各行业增值税发票，点底保真，验后付款，电话13241509916刘经理
",10621735194,1492243519000,1492253027000,116.46981049,39.9135704,18
0de35b2eeda0cac93b23c8643f2d8798,"尊敬的客户：您的账户积分10000分即将到期，将于24小时后清零，请登录网址 wap.abcme.cc 兑换500元现金【农业银行】
",95599,1492251647000,1492251918000,116.46891022,39.87540817,18
0de35b2eeda0cac93b23c8643f2d8798,"尊敬的客户：您的账户积分10000分即将到期，将于24小时后清零，请登录网址 wap.abcme.cc 兑换500元现金【农业银行】
",95599,1492251647000,1492251918000,116.46891022,39.87540817,18
0de35b2eeda0cac93b23c8643f2d8798,"尊敬的客户：您的账户积分10000分即将到期，将于24小时后清零，请登录网址 wap.abcme.cc 兑换500元现金【农业银行】
",95599,1492249605000,1492251918000,116.44885254,39.88445663,18
a8c23c48d66f40356d98cf0ac9942152,"在不？打扰谅解，我公司可代开各行业国税增值税发票，点低保真，用后付款，需要联系13172133392王宇，可加微信同号
",13172133392,1492252398000,1492252483000,116.43367767,39.99365234,18
a8c23c48d66f40356d98cf0ac9942152,"在不？打扰谅解，我公司可代开各行业国税增值税发票，点低保真，用后付款，需要联系13172133392王宇，可加微信同号
",13172133392,1492252316000,1492252483000,116.43360901,39.99362183,18
a8c23c48d66f40356d98cf0ac9942152,"在不？打扰谅解，我公司可代开各行业国税增值税发票，点低保真，用后付款，需要联系13172133392王宇，可加微信同号
",13172133392,1492252291000,1492252483000,116.43367767,39.99365234,18
a8c23c48d66f40356d98cf0ac9942152,"在不？打扰谅解，我公司可代开各行业国税增值税发票，点低保真，用后付款，需要联系13172133392王宇，可加微信同号
",13172133392,1492252252000,1492252483000,116.43360901,39.99362183,18
95e98932883043465b01136c5a168b52,"尊敬的客户:您的账户积分10000分即将到期，将于24小时后清零，请登录网址 wap.abcna.pw 兑换500元现金【农业银行】
",95599,1492253052000,1492253052000,116.40738678,39.97702026,18
95e98932883043465b01136c5a168b52,"尊敬的客户:您的账户积分10000分即将到期，将于24小时后清零，请登录网址 wap.abcna.pw 兑换500元现金【农业银行】
",95599,1492241639000,1492253052000,116.40738678,39.97702026,18
95e98932883043465b01136c5a168b52,"尊敬的客户:您的账户积分10000分即将到期，将于24小时后清零，请登录网址 wap.abcna.pw 兑换500元现金【农业银行】
",95599,1492241621000,1492253052000,116.40759277,39.97537994,18
95e98932883043465b01136c5a168b52,"尊敬的客户:您的账户积分10000分即将到期，将于24小时后清零，请登录网址 wap.abcna.pw 兑换500元现金【农业银行】
",95599,1492240954000,1492253052000,116.40738678,39.97702026,18
95e98932883043465b01136c5a168b52,"尊敬的客户:您的账户积分10000分即将到期，将于24小时后清零，请登录网址 wap.abcna.pw 兑换500元现金【农业银行】
",95599,1492240883000,1492253052000,116.40759277,39.97537994,18
35e8c850cd3c98a5a9f4717f6a2c7c70,"尊敬的客户；您的账户积分10000分即将到期，将于24小时后清零，请登录网址 wap.abcho.cc  兑换500元现金【农业银行】
",95599,1492249396000,1492253492000,116.58939362,39.90540695,18
35e8c850cd3c98a5a9f4717f6a2c7c70,"尊敬的客户；您的账户积分10000分即将到期，将于24小时后清零，请登录网址 wap.abcho.cc  兑换500元现金【农业银行】
",95599,1492249201000,1492253492000,116.60081482,39.90201187,18
35e8c850cd3c98a5a9f4717f6a2c7c70,"尊敬的客户；您的账户积分10000分即将到期，将于24小时后清零，请登录网址 wap.abcho.cc  兑换500元现金【农业银行】
",95599,1492243159000,1492253492000,116.53046417,39.87485123,18
35e8c850cd3c98a5a9f4717f6a2c7c70,"尊敬的客户；您的账户积分10000分即将到期，将于24小时后清零，请登录网址 wap.abcho.cc  兑换500元现金【农业银行】
",95599,1492242896000,1492253492000,116.53543091,39.87244415,18
a8c23c48d66f40356d98cf0ac9942152,"在不？打扰谅解，我公司可代开各行业国税增值税发票，点低保真，用后付款，需要联系13172133392王宇，可加微信同号
",13172133392,1492253274000,1492253371000,116.40922546,40.00547409,18
a8c23c48d66f40356d98cf0ac9942152,"在不？打扰谅解，我公司可代开各行业国税增值税发票，点低保真，用后付款，需要联系13172133392王宇，可加微信同号
",13172133392,1492252366000,1492253371000,116.40783691,40.00537491,18
a8c23c48d66f40356d98cf0ac9942152,"在不？打扰谅解，我公司可代开各行业国税增值税发票，点低保真，用后付款，需要联系13172133392王宇，可加微信同号
",13172133392,1492252303000,1492253371000,116.40922546,40.00547409,18
a8c23c48d66f40356d98cf0ac9942152,"在不？打扰谅解，我公司可代开各行业国税增值税发票，点低保真，用后付款，需要联系13172133392王宇，可加微信同号
",13172133392,1492251573000,1492253371000,116.40783691,40.00537491,18
0de35b2eeda0cac93b23c8643f2d8798,"尊敬的客户：您的账户积分10000分即将到期，将于24小时后清零，请登录网址 wap.abcme.cc 兑换500元现金【农业银行】
",95599,1492236548000,1492252678000,116.46799469,39.88390732,18
0de35b2eeda0cac93b23c8643f2d8798,"尊敬的客户：您的账户积分10000分即将到期，将于24小时后清零，请登录网址 wap.abcme.cc 兑换500元现金【农业银行】
",95599,1492236496000,1492252678000,116.47060394,39.88246155,18
0de35b2eeda0cac93b23c8643f2d8798,"尊敬的客户：您的账户积分10000分即将到期，将于24小时后清零，请登录网址 wap.abcme.cc 兑换500元现金【农业银行】
",95599,1492236464000,1492252678000,116.46746826,39.88445663,18
0de35b2eeda0cac93b23c8643f2d8798,"尊敬的客户：您的账户积分10000分即将到期，将于24小时后清零，请登录网址 wap.abcme.cc 兑换500元现金【农业银行】
",95599,1492235655000,1492252678000,116.46827698,39.88393021,18
0de35b2eeda0cac93b23c8643f2d8798,"尊敬的客户：您的账户积分10000分即将到期，将于24小时后清零，请登录网址 wap.abcme.cc 兑换500元现金【农业银行】
",95599,1492235628000,1492252678000,116.46746826,39.88445663,18
35e8c850cd3c98a5a9f4717f6a2c7c70,"尊敬的客户；您的账户积分10000分即将到期，将于24小时后清零，请登录网址 wap.abcho.cc  兑换500元现金【农业银行】
",95599,1492253455000,1492253469000,116.49006653,39.91483307,18
35e8c850cd3c98a5a9f4717f6a2c7c70,"尊敬的客户；您的账户积分10000分即将到期，将于24小时后清零，请登录网址 wap.abcho.cc  兑换500元现金【农业银行】
",95599,1492253433000,1492253469000,116.49002838,39.91712189,18
35e8c850cd3c98a5a9f4717f6a2c7c70,"尊敬的客户；您的账户积分10000分即将到期，将于24小时后清零，请登录网址 wap.abcho.cc  兑换500元现金【农业银行】
",95599,1492253302000,1492253469000,116.49006653,39.91483307,18
35e8c850cd3c98a5a9f4717f6a2c7c70,"尊敬的客户；您的账户积分10000分即将到期，将于24小时后清零，请登录网址 wap.abcho.cc  兑换500元现金【农业银行】
",95599,1492253302000,1492253469000,116.48972321,39.91543961,18
51401aa04906a05db6d4963cf2e437d6,"你好、本公司有正规、国税、增值抵扣、保真、需要请联系.15652932345胡涛
",10656983211,1492251307000,1492253310000,116.50404358,39.981025700000004,18
51401aa04906a05db6d4963cf2e437d6,"你好、本公司有正规、国税、增值抵扣、保真、需要请联系.15652932345胡涛
",10656983211,1492251290000,1492253310000,116.50783539,39.97486496,18
51401aa04906a05db6d4963cf2e437d6,"你好、本公司有正规、国税、增值抵扣、保真、需要请联系.15652932345胡涛
",10656983211,1492250868000,1492253310000,116.50404358,39.981025700000004,18
51401aa04906a05db6d4963cf2e437d6,"你好、本公司有正规、国税、增值抵扣、保真、需要请联系.15652932345胡涛
",10656983211,1492249941000,1492253310000,116.50012207,39.98042679,18
51401aa04906a05db6d4963cf2e437d6,"你好、本公司有正规、国税、增值抵扣、保真、需要请联系.15652932345胡涛
",10656983211,1492251307000,1492253333000,116.50404358,39.981025700000004,18
51401aa04906a05db6d4963cf2e437d6,"你好、本公司有正规、国税、增值抵扣、保真、需要请联系.15652932345胡涛
",10656983211,1492251290000,1492253333000,116.50783539,39.97486496,18
51401aa04906a05db6d4963cf2e437d6,"你好、本公司有正规、国税、增值抵扣、保真、需要请联系.15652932345胡涛
",10656983211,1492250868000,1492253333000,116.50404358,39.981025700000004,18
51401aa04906a05db6d4963cf2e437d6,"你好、本公司有正规、国税、增值抵扣、保真、需要请联系.15652932345胡涛
",10656983211,1492249941000,1492253333000,116.50012207,39.98042679,18
c9718dfcc47dfe0aaccf54422b08c764,"你好本公司常年代开各行业正规机打发票点低保真可验后付款 王15646595247
",0000,1492253280000,1492253280000,116.342453,39.90714645,18
c9718dfcc47dfe0aaccf54422b08c764,"你好本公司常年代开各行业正规机打发票点低保真可验后付款 王15646595247
",0000,1492251109000,1492253280000,116.32170105,39.90780258,18
35e8c850cd3c98a5a9f4717f6a2c7c70,"尊敬的客户；您的账户积分10000分即将到期，将于24小时后清零，请登录网址 wap.abcho.cc  兑换500元现金【农业银行】
",95599,1492251322000,1492251970000,116.50190735,39.92664337,18
35e8c850cd3c98a5a9f4717f6a2c7c70,"尊敬的客户；您的账户积分10000分即将到期，将于24小时后清零，请登录网址 wap.abcho.cc  兑换500元现金【农业银行】
",95599,1492251192000,1492251970000,116.50454712,39.93058777,18
35e8c850cd3c98a5a9f4717f6a2c7c70,"尊敬的客户；您的账户积分10000分即将到期，将于24小时后清零，请登录网址 wap.abcho.cc  兑换500元现金【农业银行】
",95599,1492251173000,1492251970000,116.50002289,39.92776108,18
35e8c850cd3c98a5a9f4717f6a2c7c70,"尊敬的客户；您的账户积分10000分即将到期，将于24小时后清零，请登录网址 wap.abcho.cc  兑换500元现金【农业银行】
",95599,1492251169000,1492251970000,116.50183105,39.92464447,18
35e8c850cd3c98a5a9f4717f6a2c7c70,"尊敬的客户；您的账户积分10000分即将到期，将于24小时后清零，请登录网址 wap.abcho.cc  兑换500元现金【农业银行】
",95599,1492249110000,1492251970000,116.50190735,39.92664337,18
35e8c850cd3c98a5a9f4717f6a2c7c70,"尊敬的客户；您的账户积分10000分即将到期，将于24小时后清零，请登录网址 wap.abcho.cc  兑换500元现金【农业银行】
",95599,1492251322000,1492251970000,116.50190735,39.92664337,18
35e8c850cd3c98a5a9f4717f6a2c7c70,"尊敬的客户；您的账户积分10000分即将到期，将于24小时后清零，请登录网址 wap.abcho.cc  兑换500元现金【农业银行】
",95599,1492251192000,1492251970000,116.50454712,39.93058777,18
35e8c850cd3c98a5a9f4717f6a2c7c70,"尊敬的客户；您的账户积分10000分即将到期，将于24小时后清零，请登录网址 wap.abcho.cc  兑换500元现金【农业银行】
",95599,1492251173000,1492251970000,116.50002289,39.92776108,18
35e8c850cd3c98a5a9f4717f6a2c7c70,"尊敬的客户；您的账户积分10000分即将到期，将于24小时后清零，请登录网址 wap.abcho.cc  兑换500元现金【农业银行】
",95599,1492251169000,1492251970000,116.50183105,39.92464447,18
35e8c850cd3c98a5a9f4717f6a2c7c70,"尊敬的客户；您的账户积分10000分即将到期，将于24小时后清零，请登录网址 wap.abcho.cc  兑换500元现金【农业银行】
",95599,1492249110000,1492251970000,116.50190735,39.92664337,18
0de35b2eeda0cac93b23c8643f2d8798,"尊敬的客户：您的账户积分10000分即将到期，将于24小时后清零，请登录网址 wap.abcme.cc 兑换500元现金【农业银行】
",95599,1492251145000,1492251146000,116.45559692,39.86721420000001,18
0de35b2eeda0cac93b23c8643f2d8798,"尊敬的客户：您的账户积分10000分即将到期，将于24小时后清零，请登录网址 wap.abcme.cc 兑换500元现金【农业银行】
",95599,1492250856000,1492251146000,116.45723724,39.86537933,18
0de35b2eeda0cac93b23c8643f2d8798,"尊敬的客户：您的账户积分10000分即将到期，将于24小时后清零，请登录网址 wap.abcme.cc 兑换500元现金【农业银行】
",95599,1492250850000,1492251146000,116.45723724,39.86537933,18
be24ef5f9d44839a5b5584773807b302,"您好，本公司长期在京代开各行业正规发票，增值税普通发票，税点低，可验后付款，欢迎新老客户咨询，电话13161117818张强，谅解
",16600126888,1492250763000,1492250763000,116.56897736,40.03435898,18
be24ef5f9d44839a5b5584773807b302,"您好，本公司长期在京代开各行业正规发票，增值税普通发票，税点低，可验后付款，欢迎新老客户咨询，电话13161117818张强，谅解
",16600126888,1492250119000,1492250763000,116.56937408,40.03467941,18
be24ef5f9d44839a5b5584773807b302,"您好，本公司长期在京代开各行业正规发票，增值税普通发票，税点低，可验后付款，欢迎新老客户咨询，电话13161117818张强，谅解
",16600126888,1492249688000,1492250763000,116.57854462,40.04212189,18
be24ef5f9d44839a5b5584773807b302,"您好，本公司长期在京代开各行业正规发票，增值税普通发票，税点低，可验后付款，欢迎新老客户咨询，电话13161117818张强，谅解
",16600126888,1492249673000,1492250763000,116.58041382,40.04382706,18
be24ef5f9d44839a5b5584773807b302,"您好，本公司长期在京代开各行业正规发票，增值税普通发票，税点低，可验后付款，欢迎新老客户咨询，电话13161117818张强，谅解
",16600126888,1492249616000,1492250763000,116.58742523,40.04996109,18
0de35b2eeda0cac93b23c8643f2d8798,"尊敬的客户：您的账户积分10000分即将到期，将于24小时后清零，请登录网址 wap.abcme.cc 兑换500元现金【农业银行】
",95599,1492251594000,1492251594000,116.42154694,39.84599686,18
0de35b2eeda0cac93b23c8643f2d8798,"尊敬的客户：您的账户积分10000分即将到期，将于24小时后清零，请登录网址 wap.abcme.cc 兑换500元现金【农业银行】
",95599,1492250995000,1492251594000,116.42154694,39.84599686,18
0de35b2eeda0cac93b23c8643f2d8798,"尊敬的客户：您的账户积分10000分即将到期，将于24小时后清零，请登录网址 wap.abcme.cc 兑换500元现金【农业银行】
",95599,1492250967000,1492251594000,116.42154694,39.84599686,18
0de35b2eeda0cac93b23c8643f2d8798,"尊敬的客户：您的账户积分10000分即将到期，将于24小时后清零，请登录网址 wap.abcme.cc 兑换500元现金【农业银行】
",95599,1492250955000,1492251594000,116.42257690000001,39.84585953,18
0de35b2eeda0cac93b23c8643f2d8798,"尊敬的客户：您的账户积分10000分即将到期，将于24小时后清零，请登录网址 wap.abcme.cc 兑换500元现金【农业银行】
",95599,1492250953000,1492251594000,116.42257690000001,39.84585953,18
61d6af92c1083dc846279f69a0ca0377,"恭喜发财，本公司代开北京市各个行业正规机打发票，点低保真，可上网查询，如有需要来电13126629449李，切勿删除此短信，以备急用
",13126629449,1492250302000,1492252051000,116.73111725,39.94396210000001,18
61d6af92c1083dc846279f69a0ca0377,"恭喜发财，本公司代开北京市各个行业正规机打发票，点低保真，可上网查询，如有需要来电13126629449李，切勿删除此短信，以备急用
",13126629449,1492250298000,1492252051000,116.73155975,39.94446182,18
61d6af92c1083dc846279f69a0ca0377,"恭喜发财，本公司代开北京市各个行业正规机打发票，点低保真，可上网查询，如有需要来电13126629449李，切勿删除此短信，以备急用
",13126629449,1492249782000,1492252051000,116.75144958,39.93190002,18
61d6af92c1083dc846279f69a0ca0377,"恭喜发财，本公司代开北京市各个行业正规机打发票，点低保真，可上网查询，如有需要来电13126629449李，切勿删除此短信，以备急用
",13126629449,1492249755000,1492252051000,116.76433563,39.93525314,18
61d6af92c1083dc846279f69a0ca0377,"恭喜发财，本公司代开北京市各个行业正规机打发票，点低保真，可上网查询，如有需要来电13126629449李，切勿删除此短信，以备急用
",13126629449,1492249753000,1492252051000,116.76168059999999,39.934150700000004,18
35e8c850cd3c98a5a9f4717f6a2c7c70,"尊敬的客户；您的账户积分10000分即将到期，将于24小时后清零，请登录网址 wap.abcho.cc  兑换500元现金【农业银行】
",95599,1492252298000,1492252374000,116.46018219,39.93548965,18
35e8c850cd3c98a5a9f4717f6a2c7c70,"尊敬的客户；您的账户积分10000分即将到期，将于24小时后清零，请登录网址 wap.abcho.cc  兑换500元现金【农业银行】
",95599,1492251941000,1492252374000,116.50257111,39.92321777,18
35e8c850cd3c98a5a9f4717f6a2c7c70,"尊敬的客户；您的账户积分10000分即将到期，将于24小时后清零，请登录网址 wap.abcho.cc  兑换500元现金【农业银行】
",95599,1492251517000,1492252374000,116.50224304,39.92030716,18
95e98932883043465b01136c5a168b52,"尊敬的客户:您的账户积分10000分即将到期，将于24小时后清零，请登录网址 wap.abcna.pw 兑换500元现金【农业银行】
",95599,1492248588000,1492250682000,116.42104340000002,39.89441299,18
40ec0f5f7b8e2384ac7179e9cbca495b,"【中视】安装卫星电视看；凤凰新闻，CNN，票房影院HBO，地理探索等...手机信号放大器，解决信号弱通话断续13552225898回T退订
",13552225898,1492252726000,1492252726000,116.43579865,40.07257462,18
40ec0f5f7b8e2384ac7179e9cbca495b,"【中视】安装卫星电视看；凤凰新闻，CNN，票房影院HBO，地理探索等...手机信号放大器，解决信号弱通话断续13552225898回T退订
",13552225898,1492252486000,1492252726000,116.43579865,40.07257462,18
40ec0f5f7b8e2384ac7179e9cbca495b,"【中视】安装卫星电视看；凤凰新闻，CNN，票房影院HBO，地理探索等...手机信号放大器，解决信号弱通话断续13552225898回T退订
",13552225898,1492252486000,1492252726000,116.43579865,40.07257462,18
40ec0f5f7b8e2384ac7179e9cbca495b,"【中视】安装卫星电视看；凤凰新闻，CNN，票房影院HBO，地理探索等...手机信号放大器，解决信号弱通话断续13552225898回T退订
",13552225898,1492251277000,1492252726000,116.43566132,40.07073212,18
35e8c850cd3c98a5a9f4717f6a2c7c70,"尊敬的客户；您的账户积分10000分即将到期，将于24小时后清零，请登录网址 wap.abcho.cc  兑换500元现金【农业银行】
",95599,1492251616000,1492251886000,116.50198364,39.93169403,18
35e8c850cd3c98a5a9f4717f6a2c7c70,"尊敬的客户；您的账户积分10000分即将到期，将于24小时后清零，请登录网址 wap.abcho.cc  兑换500元现金【农业银行】
",95599,1492251610000,1492251886000,116.50214386,39.9320755,18
35e8c850cd3c98a5a9f4717f6a2c7c70,"尊敬的客户；您的账户积分10000分即将到期，将于24小时后清零，请登录网址 wap.abcho.cc  兑换500元现金【农业银行】
",95599,1492251441000,1492251886000,116.50160217,39.93398285,18
35e8c850cd3c98a5a9f4717f6a2c7c70,"尊敬的客户；您的账户积分10000分即将到期，将于24小时后清零，请登录网址 wap.abcho.cc  兑换500元现金【农业银行】
",95599,1492250923000,1492251886000,116.50434113,39.93018723,18
35e8c850cd3c98a5a9f4717f6a2c7c70,"尊敬的客户；您的账户积分10000分即将到期，将于24小时后清零，请登录网址 wap.abcho.cc  兑换500元现金【农业银行】
",95599,1492251616000,1492251886000,116.50198364,39.93169403,18
35e8c850cd3c98a5a9f4717f6a2c7c70,"尊敬的客户；您的账户积分10000分即将到期，将于24小时后清零，请登录网址 wap.abcho.cc  兑换500元现金【农业银行】
",95599,1492251610000,1492251886000,116.50214386,39.9320755,18
35e8c850cd3c98a5a9f4717f6a2c7c70,"尊敬的客户；您的账户积分10000分即将到期，将于24小时后清零，请登录网址 wap.abcho.cc  兑换500元现金【农业银行】
",95599,1492251441000,1492251886000,116.50160217,39.93398285,18
35e8c850cd3c98a5a9f4717f6a2c7c70,"尊敬的客户；您的账户积分10000分即将到期，将于24小时后清零，请登录网址 wap.abcho.cc  兑换500元现金【农业银行】
",95599,1492250923000,1492251886000,116.50434113,39.93018723,18
5bd3092d45ddef4bc83d1d348f5494c5,"恭喜发财本公司专业代开各种发票保真13271437576
",13611111111,1492251717000,1492251980000,116.09426117,39.71999741,18
5bd3092d45ddef4bc83d1d348f5494c5,"恭喜发财本公司专业代开各种发票保真13271437576
",13611111111,1492251685000,1492251980000,116.10333252,39.72098923,18
5bd3092d45ddef4bc83d1d348f5494c5,"恭喜发财本公司专业代开各种发票保真13271437576
",13611111111,1492251683000,1492251980000,116.09426117,39.71999741,18
5bd3092d45ddef4bc83d1d348f5494c5,"恭喜发财本公司专业代开各种发票保真13271437576
",13611111111,1492251673000,1492251980000,116.11121368,39.72275543,18
0de35b2eeda0cac93b23c8643f2d8798,"尊敬的客户：您的账户积分10000分即将到期，将于24小时后清零，请登录网址 wap.abcme.cc 兑换500元现金【农业银行】
",95599,1492250583000,1492250647000,116.45000458,39.87110901,18
0de35b2eeda0cac93b23c8643f2d8798,"尊敬的客户：您的账户积分10000分即将到期，将于24小时后清零，请登录网址 wap.abcme.cc 兑换500元现金【农业银行】
",95599,1492250551000,1492250647000,116.44397736,39.87154388,18
0de35b2eeda0cac93b23c8643f2d8798,"尊敬的客户：您的账户积分10000分即将到期，将于24小时后清零，请登录网址 wap.abcme.cc 兑换500元现金【农业银行】
",95599,1492250301000,1492250647000,116.44256592,39.87080383,18
0de35b2eeda0cac93b23c8643f2d8798,"尊敬的客户：您的账户积分10000分即将到期，将于24小时后清零，请登录网址 wap.abcme.cc 兑换500元现金【农业银行】
",95599,1492250285000,1492250647000,116.44359589,39.86834335,18
6a35c2a992c33fe3709108c898782877,"您好，我公司常年代开北京各行业发票，点低保真验后付款。电话18931680573王经理，微信a56898560，QQ2221752319
",18931680573,1492252772000,1492253327000,116.34509277,39.82249832,18
6a35c2a992c33fe3709108c898782877,"您好，我公司常年代开北京各行业发票，点低保真验后付款。电话18931680573王经理，微信a56898560，QQ2221752319
",18931680573,1492250355000,1492253327000,116.35350037,39.82686996,18
6a35c2a992c33fe3709108c898782877,"您好，我公司常年代开北京各行业发票，点低保真验后付款。电话18931680573王经理，微信a56898560，QQ2221752319
",18931680573,1492250335000,1492253327000,116.34509277,39.82249832,18
6a35c2a992c33fe3709108c898782877,"您好，我公司常年代开北京各行业发票，点低保真验后付款。电话18931680573王经理，微信a56898560，QQ2221752319
",18931680573,1492249317000,1492253327000,116.35350037,39.82686996,18
6a35c2a992c33fe3709108c898782877,"您好，我公司常年代开北京各行业发票，点低保真验后付款。电话18931680573王经理，微信a56898560，QQ2221752319
",18931680573,1492249265000,1492253327000,116.34509277,39.82249832,18
95e98932883043465b01136c5a168b52,"尊敬的客户:您的账户积分10000分即将到期，将于24小时后清零，请登录网址 wap.abcna.pw 兑换500元现金【农业银行】
",95599,1492244891000,1492251936000,116.42242432,39.89660263,18
95e98932883043465b01136c5a168b52,"尊敬的客户:您的账户积分10000分即将到期，将于24小时后清零，请登录网址 wap.abcna.pw 兑换500元现金【农业银行】
",95599,1492243364000,1492251936000,116.42263031,39.8972435,18
95e98932883043465b01136c5a168b52,"尊敬的客户:您的账户积分10000分即将到期，将于24小时后清零，请登录网址 wap.abcna.pw 兑换500元现金【农业银行】
",95599,1492244891000,1492251936000,116.42242432,39.89660263,18
95e98932883043465b01136c5a168b52,"尊敬的客户:您的账户积分10000分即将到期，将于24小时后清零，请登录网址 wap.abcna.pw 兑换500元现金【农业银行】
",95599,1492243364000,1492251936000,116.42263031,39.8972435,18
83c1f578437b0a9076d08cbe97f253e6,"尊敬的用户：您的工行账户因未分类核实个人信息已被冻结，请登录 http://95588.j-1r.pw 按提示核实解冻！【工 商 银 行】
",95588,1492252576000,1492252607000,116.41143799,39.91051865,18
83c1f578437b0a9076d08cbe97f253e6,"尊敬的用户：您的工行账户因未分类核实个人信息已被冻结，请登录 http://95588.j-1r.pw 按提示核实解冻！【工 商 银 行】
",95588,1492252408000,1492252607000,116.41145325,39.90974808,18
83c1f578437b0a9076d08cbe97f253e6,"尊敬的用户：您的工行账户因未分类核实个人信息已被冻结，请登录 http://95588.j-1r.pw 按提示核实解冻！【工 商 银 行】
",95588,1492252292000,1492252607000,116.41160583,39.90982437,18
83c1f578437b0a9076d08cbe97f253e6,"尊敬的用户：您的工行账户因未分类核实个人信息已被冻结，请登录 http://95588.j-1r.pw 按提示核实解冻！【工 商 银 行】
",95588,1492252067000,1492252607000,116.41052246,39.90965652,18
40c90aff1d1c5e1f49d1a2fe487f2d8d,"你好、本公司有正规、国税、增值17％抵扣、保真、需要请联系13833688201胡涛
",13833688201,1492245693000,1492250808000,116.51106262,39.87057495,18
40c90aff1d1c5e1f49d1a2fe487f2d8d,"你好、本公司有正规、国税、增值17％抵扣、保真、需要请联系13833688201胡涛
",13833688201,1492245687000,1492250808000,116.50498962,39.87068939,18
40c90aff1d1c5e1f49d1a2fe487f2d8d,"你好、本公司有正规、国税、增值17％抵扣、保真、需要请联系13833688201胡涛
",13833688201,1492241284000,1492250808000,116.51106262,39.87057495,18
40c90aff1d1c5e1f49d1a2fe487f2d8d,"你好、本公司有正规、国税、增值17％抵扣、保真、需要请联系13833688201胡涛
",13833688201,1492239760000,1492250808000,116.50498962,39.87068939,18
88c8d12e0f972cb93ccee507014450db,"您好；长年代开建筑，材料，工程，广告咨询，办公用品等,北京各行增值税（发票），长久保真,如需联系：李会计13269529298打扰谅解
",1064563789,1492247359000,1492251118000,116.46912384,39.98445511,18
88c8d12e0f972cb93ccee507014450db,"您好；长年代开建筑，材料，工程，广告咨询，办公用品等,北京各行增值税（发票），长久保真,如需联系：李会计13269529298打扰谅解
",1064563789,1492247337000,1492251118000,116.46848297,39.98392105,18
88c8d12e0f972cb93ccee507014450db,"您好；长年代开建筑，材料，工程，广告咨询，办公用品等,北京各行增值税（发票），长久保真,如需联系：李会计13269529298打扰谅解
",1064563789,1492245967000,1492251118000,116.46884155,39.98604965,18
88c8d12e0f972cb93ccee507014450db,"您好；长年代开建筑，材料，工程，广告咨询，办公用品等,北京各行增值税（发票），长久保真,如需联系：李会计13269529298打扰谅解
",1064563789,1492238504000,1492251118000,116.46848297,39.98392105,18
88c8d12e0f972cb93ccee507014450db,"您好；长年代开建筑，材料，工程，广告咨询，办公用品等,北京各行增值税（发票），长久保真,如需联系：李会计13269529298打扰谅解
",1064563789,1492238469000,1492251118000,116.47009277,39.98564529,18
0de35b2eeda0cac93b23c8643f2d8798,"尊敬的客户：您的账户积分10000分即将到期，将于24小时后清零，请登录网址 wap.abcme.cc 兑换500元现金【农业银行】
",95599,1492237841000,1492250719000,116.44651794,39.86875153,18
0de35b2eeda0cac93b23c8643f2d8798,"尊敬的客户：您的账户积分10000分即将到期，将于24小时后清零，请登录网址 wap.abcme.cc 兑换500元现金【农业银行】
",95599,1492237841000,1492250719000,116.44651794,39.86875153,18
0de35b2eeda0cac93b23c8643f2d8798,"尊敬的客户：您的账户积分10000分即将到期，将于24小时后清零，请登录网址 wap.abcme.cc 兑换500元现金【农业银行】
",95599,1492237832000,1492250719000,116.44509888,39.86830139,18
0de35b2eeda0cac93b23c8643f2d8798,"尊敬的客户：您的账户积分10000分即将到期，将于24小时后清零，请登录网址 wap.abcme.cc 兑换500元现金【农业银行】
",95599,1492237832000,1492250719000,116.44509888,39.86830139,18
0de35b2eeda0cac93b23c8643f2d8798,"尊敬的客户：您的账户积分10000分即将到期，将于24小时后清零，请登录网址 wap.abcme.cc 兑换500元现金【农业银行】
",95599,1492251312000,1492251311000,116.48406982,39.84844208,18
0de35b2eeda0cac93b23c8643f2d8798,"尊敬的客户：您的账户积分10000分即将到期，将于24小时后清零，请登录网址 wap.abcme.cc 兑换500元现金【农业银行】
",95599,1492244369000,1492251311000,116.48406982,39.84844208,18
0de35b2eeda0cac93b23c8643f2d8798,"尊敬的客户：您的账户积分10000分即将到期，将于24小时后清零，请登录网址 wap.abcme.cc 兑换500元现金【农业银行】
",95599,1492244211000,1492251311000,116.48406982,39.84844208,18
0de35b2eeda0cac93b23c8643f2d8798,"尊敬的客户：您的账户积分10000分即将到期，将于24小时后清零，请登录网址 wap.abcme.cc 兑换500元现金【农业银行】
",95599,1492244154000,1492251311000,116.48406982,39.84844208,18
0de35b2eeda0cac93b23c8643f2d8798,"尊敬的客户：您的账户积分10000分即将到期，将于24小时后清零，请登录网址 wap.abcme.cc 兑换500元现金【农业银行】
",95599,1492251312000,1492251311000,116.48406982,39.84844208,18
0de35b2eeda0cac93b23c8643f2d8798,"尊敬的客户：您的账户积分10000分即将到期，将于24小时后清零，请登录网址 wap.abcme.cc 兑换500元现金【农业银行】
",95599,1492244369000,1492251311000,116.48406982,39.84844208,18
0de35b2eeda0cac93b23c8643f2d8798,"尊敬的客户：您的账户积分10000分即将到期，将于24小时后清零，请登录网址 wap.abcme.cc 兑换500元现金【农业银行】
",95599,1492244211000,1492251311000,116.48406982,39.84844208,18
0de35b2eeda0cac93b23c8643f2d8798,"尊敬的客户：您的账户积分10000分即将到期，将于24小时后清零，请登录网址 wap.abcme.cc 兑换500元现金【农业银行】
",95599,1492244154000,1492251311000,116.48406982,39.84844208,18
2a11072baabc8dc6e7e5f1b4a96cca59,"你好！本公司代开各行业正规发票，税率低，可验证后付款，长期有效，诚信第一，保留备用！
",13264321398,1492250752000,1492251433000,116.49945831,39.91659546,18
2a11072baabc8dc6e7e5f1b4a96cca59,"你好！本公司代开各行业正规发票，税率低，可验证后付款，长期有效，诚信第一，保留备用！
",13264321398,1492247490000,1492251433000,116.49460602,39.91571045,18
2a11072baabc8dc6e7e5f1b4a96cca59,"你好！本公司代开各行业正规发票，税率低，可验证后付款，长期有效，诚信第一，保留备用！
",13264321398,1492247433000,1492251433000,116.49460602,39.91571045,18
46784ac2eaf53de8c0b9396dadd90b20,"你好！（恭喜发财）本公司代开各行业发票:100%保真！验后付款，电话：15313305082 微信：y15210201758 若有打扰，敬请
",666888,1492246312000,1492251649000,116.44297791,39.80788422,18
46784ac2eaf53de8c0b9396dadd90b20,"你好！（恭喜发财）本公司代开各行业发票:100%保真！验后付款，电话：15313305082 微信：y15210201758 若有打扰，敬请
",666888,1492244680000,1492251649000,116.48245239,39.98500061,18
46784ac2eaf53de8c0b9396dadd90b20,"你好！（恭喜发财）本公司代开各行业发票:100%保真！验后付款，电话：15313305082 微信：y15210201758 若有打扰，敬请
",666888,1492244673000,1492251649000,116.44297791,39.80788422,18
0de35b2eeda0cac93b23c8643f2d8798,"尊敬的客户：您的账户积分10000分即将到期，将于24小时后清零，请登录网址 wap.abcme.cc 兑换500元现金【农业银行】
",95599,1492246362000,1492251656000,116.46469879,39.87611389,18
0de35b2eeda0cac93b23c8643f2d8798,"尊敬的客户：您的账户积分10000分即将到期，将于24小时后清零，请登录网址 wap.abcme.cc 兑换500元现金【农业银行】
",95599,1492246333000,1492251656000,116.46089935,39.87600327,18
0de35b2eeda0cac93b23c8643f2d8798,"尊敬的客户：您的账户积分10000分即将到期，将于24小时后清零，请登录网址 wap.abcme.cc 兑换500元现金【农业银行】
",95599,1492246313000,1492251656000,116.46074677,39.87429047,18
0de35b2eeda0cac93b23c8643f2d8798,"尊敬的客户：您的账户积分10000分即将到期，将于24小时后清零，请登录网址 wap.abcme.cc 兑换500元现金【农业银行】
",95599,1492246264000,1492251656000,116.45968628,39.87582397,18
0de35b2eeda0cac93b23c8643f2d8798,"尊敬的客户：您的账户积分10000分即将到期，将于24小时后清零，请登录网址 wap.abcme.cc 兑换500元现金【农业银行】
",95599,1492246234000,1492251656000,116.46089935,39.87600327,18
0de35b2eeda0cac93b23c8643f2d8798,"尊敬的客户：您的账户积分10000分即将到期，将于24小时后清零，请登录网址 wap.abcme.cc 兑换500元现金【农业银行】
",95599,1492249905000,1492251067000,116.45765686,39.86520004,18
0de35b2eeda0cac93b23c8643f2d8798,"尊敬的客户：您的账户积分10000分即将到期，将于24小时后清零，请登录网址 wap.abcme.cc 兑换500元现金【农业银行】
",95599,1492249888000,1492251067000,116.45836639,39.86585999,18
0de35b2eeda0cac93b23c8643f2d8798,"尊敬的客户：您的账户积分10000分即将到期，将于24小时后清零，请登录网址 wap.abcme.cc 兑换500元现金【农业银行】
",95599,1492249822000,1492251067000,116.45516205,39.86745071,18
0de35b2eeda0cac93b23c8643f2d8798,"尊敬的客户：您的账户积分10000分即将到期，将于24小时后清零，请登录网址 wap.abcme.cc 兑换500元现金【农业银行】
",95599,1492249782000,1492251067000,116.45765686,39.86520004,18
0de35b2eeda0cac93b23c8643f2d8798,"尊敬的客户：您的账户积分10000分即将到期，将于24小时后清零，请登录网址 wap.abcme.cc 兑换500元现金【农业银行】
",95599,1492249736000,1492251067000,116.45516205,39.86745071,18
c9718dfcc47dfe0aaccf54422b08c764,"你好本公司常年代开各行业正规机打发票点低保真可验后付款 王15646595247
",0000,1492251659000,1492251659000,116.46073914,39.88800429999999,18
c9718dfcc47dfe0aaccf54422b08c764,"你好本公司常年代开各行业正规机打发票点低保真可验后付款 王15646595247
",0000,1492243135000,1492251659000,116.46073914,39.88800429999999,18
c9718dfcc47dfe0aaccf54422b08c764,"你好本公司常年代开各行业正规机打发票点低保真可验后付款 王15646595247
",0000,1492236085000,1492251659000,116.19207001,39.88945007,18
c9718dfcc47dfe0aaccf54422b08c764,"你好本公司常年代开各行业正规机打发票点低保真可验后付款 王15646595247
",0000,1492236065000,1492251659000,116.19207001,39.88945007,18
4eec17dcf2f571e382aa580cd4ac8bdf,"您好，本公司代开各行业正规发票，13126538869 张先生
",15488886666,1492252155000,1492252345000,116.45444489,39.95142746,18
4eec17dcf2f571e382aa580cd4ac8bdf,"您好，本公司代开各行业正规发票，13126538869 张先生
",15488886666,1492252153000,1492252345000,116.4548111,39.95120621,18
4eec17dcf2f571e382aa580cd4ac8bdf,"您好，本公司代开各行业正规发票，13126538869 张先生
",15488886666,1492252149000,1492252345000,116.45120239,39.96175385,18
4eec17dcf2f571e382aa580cd4ac8bdf,"您好，本公司代开各行业正规发票，13126538869 张先生
",15488886666,1492251654000,1492252345000,116.45056915,39.96039581,18
4eec17dcf2f571e382aa580cd4ac8bdf,"您好，本公司代开各行业正规发票，13126538869 张先生
",15488886666,1492251510000,1492252345000,116.45120239,39.96175385,18
95ddbb0f524c040a33b7fa95145da875,"你好，本公司代开北京市各行业正规机打发票，点滴保真，可先使用后付款，需要请联系13121324014李先生，打扰请谅解。
",10698987672,1492250703000,1492252355000,116.45579529,39.89153671,18
95ddbb0f524c040a33b7fa95145da875,"你好，本公司代开北京市各行业正规机打发票，点滴保真，可先使用后付款，需要请联系13121324014李先生，打扰请谅解。
",10698987672,1492222946000,1492252355000,116.45921326,39.89313126,18
95ddbb0f524c040a33b7fa95145da875,"你好，本公司代开北京市各行业正规机打发票，点滴保真，可先使用后付款，需要请联系13121324014李先生，打扰请谅解。
",10698987672,1492222917000,1492252355000,116.41664886,39.90932083,18
95ddbb0f524c040a33b7fa95145da875,"你好，本公司代开北京市各行业正规机打发票，点滴保真，可先使用后付款，需要请联系13121324014李先生，打扰请谅解。
",10698987672,1492212700000,1492252355000,116.41664886,39.90932083,18
95ddbb0f524c040a33b7fa95145da875,"你好，本公司代开北京市各行业正规机打发票，点滴保真，可先使用后付款，需要请联系13121324014李先生，打扰请谅解。
",10698987672,1492212691000,1492252355000,116.41664886,39.90932083,18
95e98932883043465b01136c5a168b52,"尊敬的客户:您的账户积分10000分即将到期，将于24小时后清零，请登录网址 wap.abcna.pw 兑换500元现金【农业银行】
",95599,1492250982000,1492252074000,116.41487885,39.89638901,18
95e98932883043465b01136c5a168b52,"尊敬的客户:您的账户积分10000分即将到期，将于24小时后清零，请登录网址 wap.abcna.pw 兑换500元现金【农业银行】
",95599,1492248472000,1492252074000,116.41645813,39.89779282,18
95e98932883043465b01136c5a168b52,"尊敬的客户:您的账户积分10000分即将到期，将于24小时后清零，请登录网址 wap.abcna.pw 兑换500元现金【农业银行】
",95599,1492248427000,1492252074000,116.41570282,39.89715958,18
95e98932883043465b01136c5a168b52,"尊敬的客户:您的账户积分10000分即将到期，将于24小时后清零，请登录网址 wap.abcna.pw 兑换500元现金【农业银行】
",95599,1492235818000,1492252074000,116.41487885,39.89638901,18
40ec0f5f7b8e2384ac7179e9cbca495b,"【中视】安装卫星电视看；凤凰新闻，CNN，票房影院HBO，地理探索等...手机信号放大器，解决信号弱通话断续13552225898回T退订
",13552225898,1492252636000,1492252993000,116.42945862,40.07578659,18
40ec0f5f7b8e2384ac7179e9cbca495b,"【中视】安装卫星电视看；凤凰新闻，CNN，票房影院HBO，地理探索等...手机信号放大器，解决信号弱通话断续13552225898回T退订
",13552225898,1492249754000,1492252993000,116.42945862,40.07578659,18
08738faaa4cd312bbad30389ef79a6ed,"您好 我公司长期代开各项正规 增值税发票 可走账 点低 保真 可查验 打扰见谅
",13070115567,1492252997000,1492252997000,116.35456848,39.8960228,18
08738faaa4cd312bbad30389ef79a6ed,"您好 我公司长期代开各项正规 增值税发票 可走账 点低 保真 可查验 打扰见谅
",13070115567,1492251230000,1492252997000,116.35456848,39.8960228,18
08738faaa4cd312bbad30389ef79a6ed,"您好 我公司长期代开各项正规 增值税发票 可走账 点低 保真 可查验 打扰见谅
",13070115567,1492250654000,1492252997000,116.35424805,39.89838409,18
08738faaa4cd312bbad30389ef79a6ed,"您好 我公司长期代开各项正规 增值税发票 可走账 点低 保真 可查验 打扰见谅
",13070115567,1492250589000,1492252997000,116.35376740000001,39.89815521,18
08738faaa4cd312bbad30389ef79a6ed,"您好 我公司长期代开各项正规 增值税发票 可走账 点低 保真 可查验 打扰见谅
",13070115567,1492250582000,1492252997000,116.35424805,39.89838409,18
08738faaa4cd312bbad30389ef79a6ed,"您好 我公司长期代开各项正规 增值税发票 可走账 点低 保真 可查验 打扰见谅
",13070115567,1492249168000,1492253388000,116.35424805,39.89838409,18
08738faaa4cd312bbad30389ef79a6ed,"您好 我公司长期代开各项正规 增值税发票 可走账 点低 保真 可查验 打扰见谅
",13070115567,1492249152000,1492253388000,116.35381317,39.89640427,18
08738faaa4cd312bbad30389ef79a6ed,"您好 我公司长期代开各项正规 增值税发票 可走账 点低 保真 可查验 打扰见谅
",13070115567,1492248957000,1492253388000,116.35058594,39.88985062,18
08738faaa4cd312bbad30389ef79a6ed,"您好 我公司长期代开各项正规 增值税发票 可走账 点低 保真 可查验 打扰见谅
",13070115567,1492248913000,1492253388000,116.35424805,39.89838409,18
51401aa04906a05db6d4963cf2e437d6,"你好、本公司有正规、国税、增值抵扣、保真、需要请联系.15652932345胡涛
",10656983211,1492235495000,1492253232000,116.50322723,39.9763031,18
51401aa04906a05db6d4963cf2e437d6,"你好、本公司有正规、国税、增值抵扣、保真、需要请联系.15652932345胡涛
",10656983211,1492235465000,1492253232000,116.49958038,39.97504044,18
51401aa04906a05db6d4963cf2e437d6,"你好、本公司有正规、国税、增值抵扣、保真、需要请联系.15652932345胡涛
",10656983211,1492235421000,1492253232000,116.50322723,39.9763031,18
51401aa04906a05db6d4963cf2e437d6,"你好、本公司有正规、国税、增值抵扣、保真、需要请联系.15652932345胡涛
",10656983211,1492235386000,1492253232000,116.49958038,39.97504044,18
51401aa04906a05db6d4963cf2e437d6,"你好、本公司有正规、国税、增值抵扣、保真、需要请联系.15652932345胡涛
",10656983211,1492235249000,1492253232000,116.50322723,39.9763031,18
08738faaa4cd312bbad30389ef79a6ed,"您好 我公司长期代开各项正规 增值税发票 可走账 点低 保真 可查验 打扰见谅
",13070115567,1492249808000,1492253194000,116.35285187,39.87776184,18
08738faaa4cd312bbad30389ef79a6ed,"您好 我公司长期代开各项正规 增值税发票 可走账 点低 保真 可查验 打扰见谅
",13070115567,1492249549000,1492253194000,116.35285187,39.87776184,18
08738faaa4cd312bbad30389ef79a6ed,"您好 我公司长期代开各项正规 增值税发票 可走账 点低 保真 可查验 打扰见谅
",13070115567,1492247109000,1492253194000,116.34947205,39.87881851,18
08738faaa4cd312bbad30389ef79a6ed,"您好 我公司长期代开各项正规 增值税发票 可走账 点低 保真 可查验 打扰见谅
",13070115567,1492247109000,1492253194000,116.34947205,39.87881851,18
08738faaa4cd312bbad30389ef79a6ed,"您好 我公司长期代开各项正规 增值税发票 可走账 点低 保真 可查验 打扰见谅
",13070115567,1492246352000,1492253194000,116.34947205,39.87881851,18
45ee063a537a22f1a7d0be10cf527c16,"你好，本公司有北京各行业正规发票出售，价格最低，永久保真，验后付款，公对公走账，支票兑现，微信号baozhen688688。
",15321573682,1492251137000,1492253326000,116.46133423,39.89757156,18
45ee063a537a22f1a7d0be10cf527c16,"你好，本公司有北京各行业正规发票出售，价格最低，永久保真，验后付款，公对公走账，支票兑现，微信号baozhen688688。
",15321573682,1492251113000,1492253326000,116.46162415,39.895114899999996,18
45ee063a537a22f1a7d0be10cf527c16,"你好，本公司有北京各行业正规发票出售，价格最低，永久保真，验后付款，公对公走账，支票兑现，微信号baozhen688688。
",15321573682,1492251088000,1492253326000,116.46300507,39.89762115,18
45ee063a537a22f1a7d0be10cf527c16,"你好，本公司有北京各行业正规发票出售，价格最低，永久保真，验后付款，公对公走账，支票兑现，微信号baozhen688688。
",15321573682,1492251067000,1492253326000,116.46408844,39.89735413,18
45ee063a537a22f1a7d0be10cf527c16,"你好，本公司有北京各行业正规发票出售，价格最低，永久保真，验后付款，公对公走账，支票兑现，微信号baozhen688688。
",15321573682,1492251042000,1492253326000,116.46173859,39.89380264,18
08738faaa4cd312bbad30389ef79a6ed,"您好 我公司长期代开各项正规 增值税发票 可走账 点低 保真 可查验 打扰见谅
",13070115567,1492252704000,1492253716000,116.40929413,39.87093353,18
08738faaa4cd312bbad30389ef79a6ed,"您好 我公司长期代开各项正规 增值税发票 可走账 点低 保真 可查验 打扰见谅
",13070115567,1492252219000,1492253716000,116.40608978,39.868927,18
08738faaa4cd312bbad30389ef79a6ed,"您好 我公司长期代开各项正规 增值税发票 可走账 点低 保真 可查验 打扰见谅
",13070115567,1492252196000,1492253716000,116.40929413,39.87093353,18
08738faaa4cd312bbad30389ef79a6ed,"您好 我公司长期代开各项正规 增值税发票 可走账 点低 保真 可查验 打扰见谅
",13070115567,1492252187000,1492253716000,116.40585327,39.86901474,18
08738faaa4cd312bbad30389ef79a6ed,"您好 我公司长期代开各项正规 增值税发票 可走账 点低 保真 可查验 打扰见谅
",13070115567,1492252145000,1492253716000,116.40608978,39.868927,18
3631de8e3487c88c87217aa114084e25,"您好：我公司代开北京及全国各行业增值税发票，点低保真，验后付款，请致电：18034467990赵经理QQ76254908打扰见谅。
",18034467990,1492253748000,1492253748000,116.56710815,39.92165375,18
3631de8e3487c88c87217aa114084e25,"您好：我公司代开北京及全国各行业增值税发票，点低保真，验后付款，请致电：18034467990赵经理QQ76254908打扰见谅。
",18034467990,1492252071000,1492253748000,116.56710815,39.92165375,18
3631de8e3487c88c87217aa114084e25,"您好：我公司代开北京及全国各行业增值税发票，点低保真，验后付款，请致电：18034467990赵经理QQ76254908打扰见谅。
",18034467990,1492252018000,1492253748000,116.56472015,39.92357635,18
3631de8e3487c88c87217aa114084e25,"您好：我公司代开北京及全国各行业增值税发票，点低保真，验后付款，请致电：18034467990赵经理QQ76254908打扰见谅。
",18034467990,1492251655000,1492253748000,116.5971756,39.93211746,18
3631de8e3487c88c87217aa114084e25,"您好：我公司代开北京及全国各行业增值税发票，点低保真，验后付款，请致电：18034467990赵经理QQ76254908打扰见谅。
",18034467990,1492251464000,1492253748000,116.56867218,39.92298508,18
4eec17dcf2f571e382aa580cd4ac8bdf,"您好，本公司代开各行业正规发票，13126538869 张先生
",15488886666,1492253744000,1492253748000,116.41766357,39.96919632,18
4eec17dcf2f571e382aa580cd4ac8bdf,"您好，本公司代开各行业正规发票，13126538869 张先生
",15488886666,1492252772000,1492253748000,116.40142059,39.96874619,18
4eec17dcf2f571e382aa580cd4ac8bdf,"您好，本公司代开各行业正规发票，13126538869 张先生
",15488886666,1492252708000,1492253748000,116.40189362,39.96865082,18
4eec17dcf2f571e382aa580cd4ac8bdf,"您好，本公司代开各行业正规发票，13126538869 张先生
",15488886666,1492252035000,1492253748000,116.40142059,39.96874619,18
4eec17dcf2f571e382aa580cd4ac8bdf,"您好，本公司代开各行业正规发票，13126538869 张先生
",15488886666,1492251996000,1492253748000,116.40189362,39.96865082,18
6a35c2a992c33fe3709108c898782877,"您好，我公司常年代开北京各行业发票，点低保真验后付款。电话18931680573王经理，微信a56898560，QQ2221752319
",18931680573,1492247800000,1492253879000,116.35631561,39.84597015,18
6a35c2a992c33fe3709108c898782877,"您好，我公司常年代开北京各行业发票，点低保真验后付款。电话18931680573王经理，微信a56898560，QQ2221752319
",18931680573,1492247767000,1492253879000,116.35582733,39.8459816,18
6a35c2a992c33fe3709108c898782877,"您好，我公司常年代开北京各行业发票，点低保真验后付款。电话18931680573王经理，微信a56898560，QQ2221752319
",18931680573,1492247742000,1492253879000,116.35631561,39.84597015,18
6a35c2a992c33fe3709108c898782877,"您好，我公司常年代开北京各行业发票，点低保真验后付款。电话18931680573王经理，微信a56898560，QQ2221752319
",18931680573,1492247718000,1492253879000,116.35582733,39.8459816,18
6a35c2a992c33fe3709108c898782877,"您好，我公司常年代开北京各行业发票，点低保真验后付款。电话18931680573王经理，微信a56898560，QQ2221752319
",18931680573,1492247702000,1492253879000,116.35631561,39.84597015,18
0de35b2eeda0cac93b23c8643f2d8798,"尊敬的客户：您的账户积分10000分即将到期，将于24小时后清零，请登录网址 wap.abcme.cc 兑换500元现金【农业银行】
",95599,1492251201000,1492251819000,116.46215819999999,39.87854385,18
0de35b2eeda0cac93b23c8643f2d8798,"尊敬的客户：您的账户积分10000分即将到期，将于24小时后清零，请登录网址 wap.abcme.cc 兑换500元现金【农业银行】
",95599,1492243431000,1492251819000,116.47237396,39.89059067,18
0de35b2eeda0cac93b23c8643f2d8798,"尊敬的客户：您的账户积分10000分即将到期，将于24小时后清零，请登录网址 wap.abcme.cc 兑换500元现金【农业银行】
",95599,1492243427000,1492251819000,116.46215819999999,39.87854385,18
83c1f578437b0a9076d08cbe97f253e6,"尊敬的用户：您的工行账户因未分类核实个人信息已被冻结，请登录 http://95588.j-1r.pw 按提示核实解冻！【工 商 银 行】
",95588,1492253174000,1492253174000,116.42864990000001,39.924392700000006,18
83c1f578437b0a9076d08cbe97f253e6,"尊敬的用户：您的工行账户因未分类核实个人信息已被冻结，请登录 http://95588.j-1r.pw 按提示核实解冻！【工 商 银 行】
",95588,1492252496000,1492253174000,116.42864990000001,39.924392700000006,18
83c1f578437b0a9076d08cbe97f253e6,"尊敬的用户：您的工行账户因未分类核实个人信息已被冻结，请登录 http://95588.j-1r.pw 按提示核实解冻！【工 商 银 行】
",95588,1492252433000,1492253174000,116.4265213,39.96024323,18
83c1f578437b0a9076d08cbe97f253e6,"尊敬的用户：您的工行账户因未分类核实个人信息已被冻结，请登录 http://95588.j-1r.pw 按提示核实解冻！【工 商 银 行】
",95588,1492252418000,1492253174000,116.42864990000001,39.924392700000006,18
83c1f578437b0a9076d08cbe97f253e6,"尊敬的用户：您的工行账户因未分类核实个人信息已被冻结，请登录 http://95588.j-1r.pw 按提示核实解冻！【工 商 银 行】
",95588,1492252404000,1492253174000,116.4265213,39.96024323,18
95e98932883043465b01136c5a168b52,"尊敬的客户:您的账户积分10000分即将到期，将于24小时后清零，请登录网址 wap.abcna.pw 兑换500元现金【农业银行】
",95599,1492249674000,1492250485000,116.42524719,39.897735600000004,18
95e98932883043465b01136c5a168b52,"尊敬的客户:您的账户积分10000分即将到期，将于24小时后清零，请登录网址 wap.abcna.pw 兑换500元现金【农业银行】
",95599,1492249671000,1492250485000,116.42524719,39.897735600000004,18
95e98932883043465b01136c5a168b52,"尊敬的客户:您的账户积分10000分即将到期，将于24小时后清零，请登录网址 wap.abcna.pw 兑换500元现金【农业银行】
",95599,1492249674000,1492250485000,116.42524719,39.897735600000004,18
95e98932883043465b01136c5a168b52,"尊敬的客户:您的账户积分10000分即将到期，将于24小时后清零，请登录网址 wap.abcna.pw 兑换500元现金【农业银行】
",95599,1492249671000,1492250485000,116.42524719,39.897735600000004,18
f0eeffc87ec57ba0212b3c71ccbb512e,"尊敬的客户:您的账户积分10000分即将到期，将于24小时后清零，请登录网址 wap.abcxo.pw 兑换500元现金【农业银行】
",95599,1492250308000,1492250401000,116.3392334,39.99267578,18
f0eeffc87ec57ba0212b3c71ccbb512e,"尊敬的客户:您的账户积分10000分即将到期，将于24小时后清零，请登录网址 wap.abcxo.pw 兑换500元现金【农业银行】
",95599,1492250235000,1492250401000,116.33929443,39.99269867,18
f0eeffc87ec57ba0212b3c71ccbb512e,"尊敬的客户:您的账户积分10000分即将到期，将于24小时后清零，请登录网址 wap.abcxo.pw 兑换500元现金【农业银行】
",95599,1492250233000,1492250401000,116.33925629,39.99261475,18
f0eeffc87ec57ba0212b3c71ccbb512e,"尊敬的客户:您的账户积分10000分即将到期，将于24小时后清零，请登录网址 wap.abcxo.pw 兑换500元现金【农业银行】
",95599,1492250223000,1492250401000,116.35086823,40.02568817,18
f0eeffc87ec57ba0212b3c71ccbb512e,"尊敬的客户:您的账户积分10000分即将到期，将于24小时后清零，请登录网址 wap.abcxo.pw 兑换500元现金【农业银行】
",95599,1492248790000,1492250401000,116.33983612,39.99272537,18
35e8c850cd3c98a5a9f4717f6a2c7c70,"尊敬的客户；您的账户积分10000分即将到期，将于24小时后清零，请登录网址 wap.abcho.cc  兑换500元现金【农业银行】
",95599,1492224262000,1492252331000,116.50450134,39.92024612,18
35e8c850cd3c98a5a9f4717f6a2c7c70,"尊敬的客户；您的账户积分10000分即将到期，将于24小时后清零，请登录网址 wap.abcho.cc  兑换500元现金【农业银行】
",95599,1492224234000,1492252331000,116.50661469,39.9234314,18
35e8c850cd3c98a5a9f4717f6a2c7c70,"尊敬的客户；您的账户积分10000分即将到期，将于24小时后清零，请登录网址 wap.abcho.cc  兑换500元现金【农业银行】
",95599,1491966379000,1492252331000,116.4732666,39.91617203,18
0de35b2eeda0cac93b23c8643f2d8798,"尊敬的客户：您的账户积分10000分即将到期，将于24小时后清零，请登录网址 wap.abcme.cc 兑换500元现金【农业银行】
",95599,1492252012000,1492252341000,116.47003937,39.87856674,18
0de35b2eeda0cac93b23c8643f2d8798,"尊敬的客户：您的账户积分10000分即将到期，将于24小时后清零，请登录网址 wap.abcme.cc 兑换500元现金【农业银行】
",95599,1492247681000,1492252341000,116.4702301,39.87873459,18
0de35b2eeda0cac93b23c8643f2d8798,"尊敬的客户：您的账户积分10000分即将到期，将于24小时后清零，请登录网址 wap.abcme.cc 兑换500元现金【农业银行】
",95599,1492247673000,1492252341000,116.47003937,39.87856674,18
0de35b2eeda0cac93b23c8643f2d8798,"尊敬的客户：您的账户积分10000分即将到期，将于24小时后清零，请登录网址 wap.abcme.cc 兑换500元现金【农业银行】
",95599,1492246304000,1492252341000,116.4702301,39.87873459,18
0de35b2eeda0cac93b23c8643f2d8798,"尊敬的客户：您的账户积分10000分即将到期，将于24小时后清零，请登录网址 wap.abcme.cc 兑换500元现金【农业银行】
",95599,1492246173000,1492252341000,116.47003937,39.87856674,18
4eec17dcf2f571e382aa580cd4ac8bdf,"您好，本公司代开各行业正规发票，13126538869 张先生
",15488886666,1492243713000,1492252084000,116.46412659,39.95051193,18
4eec17dcf2f571e382aa580cd4ac8bdf,"您好，本公司代开各行业正规发票，13126538869 张先生
",15488886666,1492243637000,1492252084000,116.46412659,39.95051193,18
4eec17dcf2f571e382aa580cd4ac8bdf,"您好，本公司代开各行业正规发票，13126538869 张先生
",15488886666,1492240898000,1492252084000,116.46398926,39.95066833,18
4eec17dcf2f571e382aa580cd4ac8bdf,"您好，本公司代开各行业正规发票，13126538869 张先生
",15488886666,1492240825000,1492252084000,116.46398926,39.95066833,18
4eec17dcf2f571e382aa580cd4ac8bdf,"您好，本公司代开各行业正规发票，13126538869 张先生
",15488886666,1492240786000,1492252084000,116.46412659,39.95051193,18
45ee063a537a22f1a7d0be10cf527c16,"你好，本公司有北京各行业正规发票出售，价格最低，永久保真，验后付款，公对公走账，支票兑现，微信号baozhen688688。
",15321573682,1492241379000,1492251198000,116.43379974,39.86589813,18
45ee063a537a22f1a7d0be10cf527c16,"你好，本公司有北京各行业正规发票出售，价格最低，永久保真，验后付款，公对公走账，支票兑现，微信号baozhen688688。
",15321573682,1492241370000,1492251198000,116.44326782,39.90302277,18
45ee063a537a22f1a7d0be10cf527c16,"你好，本公司有北京各行业正规发票出售，价格最低，永久保真，验后付款，公对公走账，支票兑现，微信号baozhen688688。
",15321573682,1492209227000,1492251198000,116.55924988,39.93288422,18
45ee063a537a22f1a7d0be10cf527c16,"你好，本公司有北京各行业正规发票出售，价格最低，永久保真，验后付款，公对公走账，支票兑现，微信号baozhen688688。
",15321573682,1492188196000,1492251198000,116.55924988,39.93288422,18
cf8251c02630d234148e77fe4ccc3ade,"尊敬的客户；您的账户积分10000分即将到期，将于24小时后清零，请登录网址 wap.abcho.cc  兑换500元现金【农业银行】
",95599,1492250838000,1492251339000,116.50377655,39.92726898,18
cf8251c02630d234148e77fe4ccc3ade,"尊敬的客户；您的账户积分10000分即将到期，将于24小时后清零，请登录网址 wap.abcho.cc  兑换500元现金【农业银行】
",95599,1492250632000,1492251339000,116.50402832,39.92808533,18
cf8251c02630d234148e77fe4ccc3ade,"尊敬的客户；您的账户积分10000分即将到期，将于24小时后清零，请登录网址 wap.abcho.cc  兑换500元现金【农业银行】
",95599,1492250501000,1492251339000,116.50377655,39.92726898,18
cf8251c02630d234148e77fe4ccc3ade,"尊敬的客户；您的账户积分10000分即将到期，将于24小时后清零，请登录网址 wap.abcho.cc  兑换500元现金【农业银行】
",95599,1492250485000,1492251339000,116.50402832,39.92808533,18
cf8251c02630d234148e77fe4ccc3ade,"尊敬的客户；您的账户积分10000分即将到期，将于24小时后清零，请登录网址 wap.abcho.cc  兑换500元现金【农业银行】
",95599,1492250459000,1492251339000,116.50377655,39.92726898,18
c9718dfcc47dfe0aaccf54422b08c764,"你好本公司常年代开各行业正规机打发票点低保真可验后付款 王15646595247
",0000,1492253359000,1492253375000,116.46133423,39.87914658,18
c9718dfcc47dfe0aaccf54422b08c764,"你好本公司常年代开各行业正规机打发票点低保真可验后付款 王15646595247
",0000,1492253320000,1492253375000,116.46036529999999,39.87572098,18
c9718dfcc47dfe0aaccf54422b08c764,"你好本公司常年代开各行业正规机打发票点低保真可验后付款 王15646595247
",0000,1492253315000,1492253375000,116.46126556,39.88165283,18
83c1f578437b0a9076d08cbe97f253e6,"尊敬的用户：您的工行账户因未分类核实个人信息已被冻结，请登录 http://95588.j-1r.pw 按提示核实解冻！【工 商 银 行】
",95588,1492230436000,1492251066000,116.41844177,39.89415359,18
83c1f578437b0a9076d08cbe97f253e6,"尊敬的用户：您的工行账户因未分类核实个人信息已被冻结，请登录 http://95588.j-1r.pw 按提示核实解冻！【工 商 银 行】
",95588,1492228720000,1492251066000,116.41645813,39.89779282,18
83c1f578437b0a9076d08cbe97f253e6,"尊敬的用户：您的工行账户因未分类核实个人信息已被冻结，请登录 http://95588.j-1r.pw 按提示核实解冻！【工 商 银 行】
",95588,1492223373000,1492251066000,116.41844177,39.89415359,18
83c1f578437b0a9076d08cbe97f253e6,"尊敬的用户：您的工行账户因未分类核实个人信息已被冻结，请登录 http://95588.j-1r.pw 按提示核实解冻！【工 商 银 行】
",95588,1492210663000,1492251066000,116.41650391,39.89800644,18
83c1f578437b0a9076d08cbe97f253e6,"尊敬的用户：您的工行账户因未分类核实个人信息已被冻结，请登录 http://95588.j-1r.pw 按提示核实解冻！【工 商 银 行】
",95588,1492210556000,1492251066000,116.41645813,39.89779282,18
08a22fee5cffbf78c701294e47ecd633,"本公司代开各行业增值税普通发票《材料、工程、劳务、科技、广告、住宿餐饮》保真验后付款电话13333063505qq3245691173王成
",13333063505,1492253356000,1492253536000,116.33307648,39.99265289,18
08a22fee5cffbf78c701294e47ecd633,"本公司代开各行业增值税普通发票《材料、工程、劳务、科技、广告、住宿餐饮》保真验后付款电话13333063505qq3245691173王成
",13333063505,1492253354000,1492253536000,116.33336639,39.98806763,18
89c92f1e409e8ac72923575b1d14468f,"代开北京各行业增值税发票，普通增值税，税点低！保真，验后付款！13366769919李经理
",13366769919,1492247172000,1492251299000,116.45492554,39.91213608,18
89c92f1e409e8ac72923575b1d14468f,"代开北京各行业增值税发票，普通增值税，税点低！保真，验后付款！13366769919李经理
",13366769919,1492247017000,1492251299000,116.45740509,39.90851593,18
89c92f1e409e8ac72923575b1d14468f,"代开北京各行业增值税发票，普通增值税，税点低！保真，验后付款！13366769919李经理
",13366769919,1492247013000,1492251299000,116.45492554,39.91213608,18
89c92f1e409e8ac72923575b1d14468f,"代开北京各行业增值税发票，普通增值税，税点低！保真，验后付款！13366769919李经理
",13366769919,1492247012000,1492251299000,116.45740509,39.90851593,18
89c92f1e409e8ac72923575b1d14468f,"代开北京各行业增值税发票，普通增值税，税点低！保真，验后付款！13366769919李经理
",13366769919,1492246999000,1492251299000,116.45492554,39.91213608,18
f0eeffc87ec57ba0212b3c71ccbb512e,"尊敬的客户:您的账户积分10000分即将到期，将于24小时后清零，请登录网址 wap.abcxo.pw 兑换500元现金【农业银行】
",95599,1492250401000,1492250701000,116.35294342,39.99423981,18
f0eeffc87ec57ba0212b3c71ccbb512e,"尊敬的客户:您的账户积分10000分即将到期，将于24小时后清零，请登录网址 wap.abcxo.pw 兑换500元现金【农业银行】
",95599,1492250293000,1492250701000,116.35294342,39.99423981,18
f0eeffc87ec57ba0212b3c71ccbb512e,"尊敬的客户:您的账户积分10000分即将到期，将于24小时后清零，请登录网址 wap.abcxo.pw 兑换500元现金【农业银行】
",95599,1492250263000,1492250701000,116.35296631,39.99575043,18
f0eeffc87ec57ba0212b3c71ccbb512e,"尊敬的客户:您的账户积分10000分即将到期，将于24小时后清零，请登录网址 wap.abcxo.pw 兑换500元现金【农业银行】
",95599,1492250241000,1492250701000,116.35294342,39.99423981,18
f0eeffc87ec57ba0212b3c71ccbb512e,"尊敬的客户:您的账户积分10000分即将到期，将于24小时后清零，请登录网址 wap.abcxo.pw 兑换500元现金【农业银行】
",95599,1492250217000,1492250701000,116.35296631,39.99575043,18
83c1f578437b0a9076d08cbe97f253e6,"尊敬的用户：您的工行账户因未分类核实个人信息已被冻结，请登录 http://95588.j-1r.pw 按提示核实解冻！【工 商 银 行】
",95588,1492251243000,1492251272000,116.41855621,39.8973999,18
83c1f578437b0a9076d08cbe97f253e6,"尊敬的用户：您的工行账户因未分类核实个人信息已被冻结，请登录 http://95588.j-1r.pw 按提示核实解冻！【工 商 银 行】
",95588,1492251241000,1492251272000,116.41413879,39.89722443,18
95e98932883043465b01136c5a168b52,"尊敬的客户:您的账户积分10000分即将到期，将于24小时后清零，请登录网址 wap.abcna.pw 兑换500元现金【农业银行】
",95599,1492251926000,1492252032000,116.41413879,39.89722443,18
35e8c850cd3c98a5a9f4717f6a2c7c70,"尊敬的客户；您的账户积分10000分即将到期，将于24小时后清零，请登录网址 wap.abcho.cc  兑换500元现金【农业银行】
",95599,1492248257000,1492252342000,116.49977112,39.91588211,18
35e8c850cd3c98a5a9f4717f6a2c7c70,"尊敬的客户；您的账户积分10000分即将到期，将于24小时后清零，请登录网址 wap.abcho.cc  兑换500元现金【农业银行】
",95599,1492248136000,1492252342000,116.49607849,39.91974258,18
35e8c850cd3c98a5a9f4717f6a2c7c70,"尊敬的客户；您的账户积分10000分即将到期，将于24小时后清零，请登录网址 wap.abcho.cc  兑换500元现金【农业银行】
",95599,1492248107000,1492252342000,116.49634552,39.92302704,18
35e8c850cd3c98a5a9f4717f6a2c7c70,"尊敬的客户；您的账户积分10000分即将到期，将于24小时后清零，请登录网址 wap.abcho.cc  兑换500元现金【农业银行】
",95599,1492248094000,1492252342000,116.49607849,39.91974258,18
35e8c850cd3c98a5a9f4717f6a2c7c70,"尊敬的客户；您的账户积分10000分即将到期，将于24小时后清零，请登录网址 wap.abcho.cc  兑换500元现金【农业银行】
",95599,1492248093000,1492252342000,116.49634552,39.92302704,18
f15a61f293a5a8b8752c964d86798471,"您好:我公司常年代开北京各行业发票点低保真验后付款,电话15383767857王经理QQ596878686微信a596878686办证刻章
",15383767857,1492251166000,1492251771000,116.4861145,39.85366058,18
f15a61f293a5a8b8752c964d86798471,"您好:我公司常年代开北京各行业发票点低保真验后付款,电话15383767857王经理QQ596878686微信a596878686办证刻章
",15383767857,1492251114000,1492251771000,116.48677063,39.85873413,18
f15a61f293a5a8b8752c964d86798471,"您好:我公司常年代开北京各行业发票点低保真验后付款,电话15383767857王经理QQ596878686微信a596878686办证刻章
",15383767857,1492251110000,1492251771000,116.48744202,39.86154556,18
f15a61f293a5a8b8752c964d86798471,"您好:我公司常年代开北京各行业发票点低保真验后付款,电话15383767857王经理QQ596878686微信a596878686办证刻章
",15383767857,1492251091000,1492251771000,116.48677063,39.85873413,18
f15a61f293a5a8b8752c964d86798471,"您好:我公司常年代开北京各行业发票点低保真验后付款,电话15383767857王经理QQ596878686微信a596878686办证刻章
",15383767857,1492250753000,1492251771000,116.48744202,39.86154556,18
83c1f578437b0a9076d08cbe97f253e6,"尊敬的用户：您的工行账户因未分类核实个人信息已被冻结，请登录 http://95588.j-1r.pw 按提示核实解冻！【工 商 银 行】
",95588,1492252059000,1492252361000,116.40969849,39.91114044,18
83c1f578437b0a9076d08cbe97f253e6,"尊敬的用户：您的工行账户因未分类核实个人信息已被冻结，请登录 http://95588.j-1r.pw 按提示核实解冻！【工 商 银 行】
",95588,1492251871000,1492252361000,116.40951538,39.911026,18
83c1f578437b0a9076d08cbe97f253e6,"尊敬的用户：您的工行账户因未分类核实个人信息已被冻结，请登录 http://95588.j-1r.pw 按提示核实解冻！【工 商 银 行】
",95588,1492251861000,1492252361000,116.40969849,39.91114044,18
83c1f578437b0a9076d08cbe97f253e6,"尊敬的用户：您的工行账户因未分类核实个人信息已被冻结，请登录 http://95588.j-1r.pw 按提示核实解冻！【工 商 银 行】
",95588,1492251694000,1492252361000,116.40951538,39.911026,18
83c1f578437b0a9076d08cbe97f253e6,"尊敬的用户：您的工行账户因未分类核实个人信息已被冻结，请登录 http://95588.j-1r.pw 按提示核实解冻！【工 商 银 行】
",95588,1492251674000,1492252361000,116.40969849,39.91114044,18
83c1f578437b0a9076d08cbe97f253e6,"尊敬的用户：您的工行账户因未分类核实个人信息已被冻结，请登录 http://95588.j-1r.pw 按提示核实解冻！【工 商 银 行】
",95588,1492252059000,1492252361000,116.40969849,39.91114044,18
83c1f578437b0a9076d08cbe97f253e6,"尊敬的用户：您的工行账户因未分类核实个人信息已被冻结，请登录 http://95588.j-1r.pw 按提示核实解冻！【工 商 银 行】
",95588,1492251871000,1492252361000,116.40951538,39.911026,18
83c1f578437b0a9076d08cbe97f253e6,"尊敬的用户：您的工行账户因未分类核实个人信息已被冻结，请登录 http://95588.j-1r.pw 按提示核实解冻！【工 商 银 行】
",95588,1492251861000,1492252361000,116.40969849,39.91114044,18
83c1f578437b0a9076d08cbe97f253e6,"尊敬的用户：您的工行账户因未分类核实个人信息已被冻结，请登录 http://95588.j-1r.pw 按提示核实解冻！【工 商 银 行】
",95588,1492251694000,1492252361000,116.40951538,39.911026,18
83c1f578437b0a9076d08cbe97f253e6,"尊敬的用户：您的工行账户因未分类核实个人信息已被冻结，请登录 http://95588.j-1r.pw 按提示核实解冻！【工 商 银 行】
",95588,1492251674000,1492252361000,116.40969849,39.91114044,18
e228da907ffa1ebae4732e97e3572fbf,"你好，本公司代开各种机打发票，点低，可验后付款，有用的朋友请打电话15313247687电话和微信同号，打扰见谅，谢谢。
",15555518894,1492250693000,1492250762000,116.57003784,39.91568756,18
f5bac42e1a087850be276535b28cbd21,"您好，本公司代开各行业正规发票保真，电话13366786831微信号13716216700
",10653692588,1492250385000,1492252981000,116.29417419,40.10545731,18
f5bac42e1a087850be276535b28cbd21,"您好，本公司代开各行业正规发票保真，电话13366786831微信号13716216700
",10653692588,1492250381000,1492252981000,116.29808044,40.10671997,18
f5bac42e1a087850be276535b28cbd21,"您好，本公司代开各行业正规发票保真，电话13366786831微信号13716216700
",10653692588,1492250358000,1492252981000,116.29808044,40.10671997,18
f5bac42e1a087850be276535b28cbd21,"您好，本公司代开各行业正规发票保真，电话13366786831微信号13716216700
",10653692588,1492250385000,1492252981000,116.29417419,40.10545731,18
f5bac42e1a087850be276535b28cbd21,"您好，本公司代开各行业正规发票保真，电话13366786831微信号13716216700
",10653692588,1492250381000,1492252981000,116.29808044,40.10671997,18
f5bac42e1a087850be276535b28cbd21,"您好，本公司代开各行业正规发票保真，电话13366786831微信号13716216700
",10653692588,1492250358000,1492252981000,116.29808044,40.10671997,18
0de35b2eeda0cac93b23c8643f2d8798,"尊敬的客户：您的账户积分10000分即将到期，将于24小时后清零，请登录网址 wap.abcme.cc 兑换500元现金【农业银行】
",95599,1492250689000,1492251077000,116.45796204,39.86564255,18
0de35b2eeda0cac93b23c8643f2d8798,"尊敬的客户：您的账户积分10000分即将到期，将于24小时后清零，请登录网址 wap.abcme.cc 兑换500元现金【农业银行】
",95599,1492250689000,1492251077000,116.45796204,39.86564255,18
0de35b2eeda0cac93b23c8643f2d8798,"尊敬的客户：您的账户积分10000分即将到期，将于24小时后清零，请登录网址 wap.abcme.cc 兑换500元现金【农业银行】
",95599,1492249673000,1492251077000,116.45796204,39.86564255,18
0de35b2eeda0cac93b23c8643f2d8798,"尊敬的客户：您的账户积分10000分即将到期，将于24小时后清零，请登录网址 wap.abcme.cc 兑换500元现金【农业银行】
",95599,1492248035000,1492251077000,116.45796204,39.86564255,18
0de35b2eeda0cac93b23c8643f2d8798,"尊敬的客户：您的账户积分10000分即将到期，将于24小时后清零，请登录网址 wap.abcme.cc 兑换500元现金【农业银行】
",95599,1492250898000,1492251314000,116.45613861,39.87139511,18
0de35b2eeda0cac93b23c8643f2d8798,"尊敬的客户：您的账户积分10000分即将到期，将于24小时后清零，请登录网址 wap.abcme.cc 兑换500元现金【农业银行】
",95599,1492250883000,1492251314000,116.45097351,39.87145233,18
0de35b2eeda0cac93b23c8643f2d8798,"尊敬的客户：您的账户积分10000分即将到期，将于24小时后清零，请登录网址 wap.abcme.cc 兑换500元现金【农业银行】
",95599,1492250858000,1492251314000,116.45591736,39.87157059,18
0de35b2eeda0cac93b23c8643f2d8798,"尊敬的客户：您的账户积分10000分即将到期，将于24小时后清零，请登录网址 wap.abcme.cc 兑换500元现金【农业银行】
",95599,1492250830000,1492251314000,116.45613861,39.87139511,18
0de35b2eeda0cac93b23c8643f2d8798,"尊敬的客户：您的账户积分10000分即将到期，将于24小时后清零，请登录网址 wap.abcme.cc 兑换500元现金【农业银行】
",95599,1492248831000,1492252761000,116.45191193,39.8914566,18
0de35b2eeda0cac93b23c8643f2d8798,"尊敬的客户：您的账户积分10000分即将到期，将于24小时后清零，请登录网址 wap.abcme.cc 兑换500元现金【农业银行】
",95599,1492248664000,1492252761000,116.46773529,39.8883667,18
0de35b2eeda0cac93b23c8643f2d8798,"尊敬的客户：您的账户积分10000分即将到期，将于24小时后清零，请登录网址 wap.abcme.cc 兑换500元现金【农业银行】
",95599,1492248627000,1492252761000,116.46614075,39.88843918,18
0de35b2eeda0cac93b23c8643f2d8798,"尊敬的客户：您的账户积分10000分即将到期，将于24小时后清零，请登录网址 wap.abcme.cc 兑换500元现金【农业银行】
",95599,1492248564000,1492252761000,116.46773529,39.8883667,18
0de35b2eeda0cac93b23c8643f2d8798,"尊敬的客户：您的账户积分10000分即将到期，将于24小时后清零，请登录网址 wap.abcme.cc 兑换500元现金【农业银行】
",95599,1492247626000,1492252761000,116.46773529,39.8883667,18
cb02c6c310404e452716a572b200d0f9,"您好我以前给您开过发票，现在所有的票全部降价，详情请打15931666053.
",15931666053,1492212252000,1492252107000,116.24811554,40.19794083,18
a81083ce665d1cb6cdf1fc088e81f893,"本公司常年对外代开各种机打发票，正规真实.验后付款18910018671杨经理。打扰谅解...
",18910018671,1492250800000,1492250848000,116.41390991,40.08055496,18
a81083ce665d1cb6cdf1fc088e81f893,"本公司常年对外代开各种机打发票，正规真实.验后付款18910018671杨经理。打扰谅解...
",18910018671,1492250735000,1492250848000,116.41378021,40.07819748,18
a81083ce665d1cb6cdf1fc088e81f893,"本公司常年对外代开各种机打发票，正规真实.验后付款18910018671杨经理。打扰谅解...
",18910018671,1492250431000,1492250848000,116.41390991,40.08055496,18
a81083ce665d1cb6cdf1fc088e81f893,"本公司常年对外代开各种机打发票，正规真实.验后付款18910018671杨经理。打扰谅解...
",18910018671,1492250426000,1492250848000,116.41398621,40.0803299,18
a81083ce665d1cb6cdf1fc088e81f893,"本公司常年对外代开各种机打发票，正规真实.验后付款18910018671杨经理。打扰谅解...
",18910018671,1492250219000,1492250848000,116.41645813,40.08282471,18
a81083ce665d1cb6cdf1fc088e81f893,"本公司常年对外代开各种机打发票，正规真实.验后付款18910018671杨经理。打扰谅解...
",18910018671,1492250800000,1492250848000,116.41390991,40.08055496,18
a81083ce665d1cb6cdf1fc088e81f893,"本公司常年对外代开各种机打发票，正规真实.验后付款18910018671杨经理。打扰谅解...
",18910018671,1492250735000,1492250848000,116.41378021,40.07819748,18
a81083ce665d1cb6cdf1fc088e81f893,"本公司常年对外代开各种机打发票，正规真实.验后付款18910018671杨经理。打扰谅解...
",18910018671,1492250431000,1492250848000,116.41390991,40.08055496,18
a81083ce665d1cb6cdf1fc088e81f893,"本公司常年对外代开各种机打发票，正规真实.验后付款18910018671杨经理。打扰谅解...
",18910018671,1492250426000,1492250848000,116.41398621,40.0803299,18
a81083ce665d1cb6cdf1fc088e81f893,"本公司常年对外代开各种机打发票，正规真实.验后付款18910018671杨经理。打扰谅解...
",18910018671,1492250219000,1492250848000,116.41645813,40.08282471,18
40c90aff1d1c5e1f49d1a2fe487f2d8d,"你好、本公司有正规、国税、增值17％抵扣、保真、需要请联系13833688201胡涛
",13833688201,1492251572000,1492251572000,116.48976898,39.88884354,18
40c90aff1d1c5e1f49d1a2fe487f2d8d,"你好、本公司有正规、国税、增值17％抵扣、保真、需要请联系13833688201胡涛
",13833688201,1492244323000,1492251572000,116.52346039,39.86485672,18
40c90aff1d1c5e1f49d1a2fe487f2d8d,"你好、本公司有正规、国税、增值17％抵扣、保真、需要请联系13833688201胡涛
",13833688201,1492236502000,1492251572000,116.52346039,39.86485672,18
40c90aff1d1c5e1f49d1a2fe487f2d8d,"你好、本公司有正规、国税、增值17％抵扣、保真、需要请联系13833688201胡涛
",13833688201,1492227923000,1492251572000,116.52976227,39.86956787,18
f0eeffc87ec57ba0212b3c71ccbb512e,"尊敬的客户:您的账户积分10000分即将到期，将于24小时后清零，请登录网址 wap.abcxo.pw 兑换500元现金【农业银行】
",95599,1492250527000,1492250795000,116.35285187,39.99447632,18
f0eeffc87ec57ba0212b3c71ccbb512e,"尊敬的客户:您的账户积分10000分即将到期，将于24小时后清零，请登录网址 wap.abcxo.pw 兑换500元现金【农业银行】
",95599,1492250183000,1492250795000,116.35305786,39.99308014,18
f0eeffc87ec57ba0212b3c71ccbb512e,"尊敬的客户:您的账户积分10000分即将到期，将于24小时后清零，请登录网址 wap.abcxo.pw 兑换500元现金【农业银行】
",95599,1492249855000,1492250795000,116.35235596,39.9931221,18
f0eeffc87ec57ba0212b3c71ccbb512e,"尊敬的客户:您的账户积分10000分即将到期，将于24小时后清零，请登录网址 wap.abcxo.pw 兑换500元现金【农业银行】
",95599,1492249073000,1492250795000,116.35305786,39.99308014,18
f0eeffc87ec57ba0212b3c71ccbb512e,"尊敬的客户:您的账户积分10000分即将到期，将于24小时后清零，请登录网址 wap.abcxo.pw 兑换500元现金【农业银行】
",95599,1492250527000,1492250795000,116.35285187,39.99447632,18
f0eeffc87ec57ba0212b3c71ccbb512e,"尊敬的客户:您的账户积分10000分即将到期，将于24小时后清零，请登录网址 wap.abcxo.pw 兑换500元现金【农业银行】
",95599,1492250183000,1492250795000,116.35305786,39.99308014,18
f0eeffc87ec57ba0212b3c71ccbb512e,"尊敬的客户:您的账户积分10000分即将到期，将于24小时后清零，请登录网址 wap.abcxo.pw 兑换500元现金【农业银行】
",95599,1492249855000,1492250795000,116.35235596,39.9931221,18
f0eeffc87ec57ba0212b3c71ccbb512e,"尊敬的客户:您的账户积分10000分即将到期，将于24小时后清零，请登录网址 wap.abcxo.pw 兑换500元现金【农业银行】
",95599,1492249073000,1492250795000,116.35305786,39.99308014,18
95ddbb0f524c040a33b7fa95145da875,"你好，本公司代开北京市各行业正规机打发票，点滴保真，可先使用后付款，需要请联系13121324014李先生，打扰请谅解。
",10698987672,1492250987000,1492251035000,116.5039978,39.89535522,18
95ddbb0f524c040a33b7fa95145da875,"你好，本公司代开北京市各行业正规机打发票，点滴保真，可先使用后付款，需要请联系13121324014李先生，打扰请谅解。
",10698987672,1492250872000,1492251035000,116.50823975,39.89309692,18
95ddbb0f524c040a33b7fa95145da875,"你好，本公司代开北京市各行业正规机打发票，点滴保真，可先使用后付款，需要请联系13121324014李先生，打扰请谅解。
",10698987672,1492250870000,1492251035000,116.50812531,39.89318085,18
95e98932883043465b01136c5a168b52,"尊敬的客户:您的账户积分10000分即将到期，将于24小时后清零，请登录网址 wap.abcna.pw 兑换500元现金【农业银行】
",95599,1492252086000,1492252261000,116.41648102,39.89656067,18
51401aa04906a05db6d4963cf2e437d6,"你好、本公司有正规、国税、增值抵扣、保真、需要请联系.15652932345胡涛
",10656983211,1492252058000,1492253662000,116.48254395,39.98989868,18
51401aa04906a05db6d4963cf2e437d6,"你好、本公司有正规、国税、增值抵扣、保真、需要请联系.15652932345胡涛
",10656983211,1492251784000,1492253662000,116.48175812,39.98922348,18
51401aa04906a05db6d4963cf2e437d6,"你好、本公司有正规、国税、增值抵扣、保真、需要请联系.15652932345胡涛
",10656983211,1492251754000,1492253662000,116.48254395,39.98989868,18
51401aa04906a05db6d4963cf2e437d6,"你好、本公司有正规、国税、增值抵扣、保真、需要请联系.15652932345胡涛
",10656983211,1492251663000,1492253662000,116.48175812,39.98922348,18
51401aa04906a05db6d4963cf2e437d6,"你好、本公司有正规、国税、增值抵扣、保真、需要请联系.15652932345胡涛
",10656983211,1492251342000,1492253662000,116.48254395,39.98989868,18
f0eeffc87ec57ba0212b3c71ccbb512e,"尊敬的客户:您的账户积分10000分即将到期，将于24小时后清零，请登录网址 wap.abcxo.pw 兑换500元现金【农业银行】
",95599,1492252579000,1492252579000,116.36660767,39.99370193,18
f0eeffc87ec57ba0212b3c71ccbb512e,"尊敬的客户:您的账户积分10000分即将到期，将于24小时后清零，请登录网址 wap.abcxo.pw 兑换500元现金【农业银行】
",95599,1492252562000,1492252579000,116.36487579,39.99397278,18
f0eeffc87ec57ba0212b3c71ccbb512e,"尊敬的客户:您的账户积分10000分即将到期，将于24小时后清零，请登录网址 wap.abcxo.pw 兑换500元现金【农业银行】
",95599,1492252467000,1492252579000,116.36499786,39.9940033,18
f0eeffc87ec57ba0212b3c71ccbb512e,"尊敬的客户:您的账户积分10000分即将到期，将于24小时后清零，请登录网址 wap.abcxo.pw 兑换500元现金【农业银行】
",95599,1492252295000,1492252579000,116.36487579,39.99397278,18
cb02c6c310404e452716a572b200d0f9,"您好我以前给您开过发票，现在所有的票全部降价，详情请打15931666053.
",15931666053,1492250417000,1492251648000,116.55945587,40.00548553,18
cb02c6c310404e452716a572b200d0f9,"您好我以前给您开过发票，现在所有的票全部降价，详情请打15931666053.
",15931666053,1492248492000,1492251648000,116.56018829,40.00637054,18
cb02c6c310404e452716a572b200d0f9,"您好我以前给您开过发票，现在所有的票全部降价，详情请打15931666053.
",15931666053,1492248483000,1492251648000,116.55945587,40.00548553,18
cb02c6c310404e452716a572b200d0f9,"您好我以前给您开过发票，现在所有的票全部降价，详情请打15931666053.
",15931666053,1492247709000,1492251648000,116.56018829,40.00637054,18
cb02c6c310404e452716a572b200d0f9,"您好我以前给您开过发票，现在所有的票全部降价，详情请打15931666053.
",15931666053,1492247663000,1492251648000,116.55945587,40.00548553,18
f0eeffc87ec57ba0212b3c71ccbb512e,"尊敬的客户:您的账户积分10000分即将到期，将于24小时后清零，请登录网址 wap.abcxo.pw 兑换500元现金【农业银行】
",95599,1492252693000,1492252721000,116.36447906,39.98878098,18
f0eeffc87ec57ba0212b3c71ccbb512e,"尊敬的客户:您的账户积分10000分即将到期，将于24小时后清零，请登录网址 wap.abcxo.pw 兑换500元现金【农业银行】
",95599,1492252647000,1492252721000,116.36529541,39.98850632,18
26b845481b03a0c8c7385a2981d93175,"你好，本公司常年对外代开各种发票，工程/广告/设计/医疗器械/设备租赁/酒店会议等，对公走账增值税票，刘华13071171172长期有效。
",13071171172,1492253912000,1492253912000,116.49716187,39.92293549,18
26b845481b03a0c8c7385a2981d93175,"你好，本公司常年对外代开各种发票，工程/广告/设计/医疗器械/设备租赁/酒店会议等，对公走账增值税票，刘华13071171172长期有效。
",13071171172,1492253907000,1492253912000,116.48968506,39.93352509,18
26b845481b03a0c8c7385a2981d93175,"你好，本公司常年对外代开各种发票，工程/广告/设计/医疗器械/设备租赁/酒店会议等，对公走账增值税票，刘华13071171172长期有效。
",13071171172,1492253896000,1492253912000,116.49716187,39.92293549,18
26b845481b03a0c8c7385a2981d93175,"你好，本公司常年对外代开各种发票，工程/广告/设计/医疗器械/设备租赁/酒店会议等，对公走账增值税票，刘华13071171172长期有效。
",13071171172,1492253849000,1492253912000,116.50180817,39.92298508,18
45ee063a537a22f1a7d0be10cf527c16,"你好，本公司有北京各行业正规发票出售，价格最低，永久保真，验后付款，公对公走账，支票兑现，微信号baozhen688688。
",15321573682,1492251103000,1492251460000,116.45999146,39.86966705,18
45ee063a537a22f1a7d0be10cf527c16,"你好，本公司有北京各行业正规发票出售，价格最低，永久保真，验后付款，公对公走账，支票兑现，微信号baozhen688688。
",15321573682,1492250977000,1492251460000,116.45968628,39.86672592,18
45ee063a537a22f1a7d0be10cf527c16,"你好，本公司有北京各行业正规发票出售，价格最低，永久保真，验后付款，公对公走账，支票兑现，微信号baozhen688688。
",15321573682,1492250935000,1492251460000,116.45942688,39.86645508,18
45ee063a537a22f1a7d0be10cf527c16,"你好，本公司有北京各行业正规发票出售，价格最低，永久保真，验后付款，公对公走账，支票兑现，微信号baozhen688688。
",15321573682,1492250854000,1492251460000,116.45765686,39.86520004,18
0de35b2eeda0cac93b23c8643f2d8798,"尊敬的客户：您的账户积分10000分即将到期，将于24小时后清零，请登录网址 wap.abcme.cc 兑换500元现金【农业银行】
",95599,1492251776000,1492251811000,116.46469879,39.87611389,18
0de35b2eeda0cac93b23c8643f2d8798,"尊敬的客户：您的账户积分10000分即将到期，将于24小时后清零，请登录网址 wap.abcme.cc 兑换500元现金【农业银行】
",95599,1492251500000,1492251811000,116.46469879,39.87611389,18
f0eeffc87ec57ba0212b3c71ccbb512e,"尊敬的客户:您的账户积分10000分即将到期，将于24小时后清零，请登录网址 wap.abcxo.pw 兑换500元现金【农业银行】
",95599,1492251932000,1492251947000,116.38390349999999,40.02220917,18
f0eeffc87ec57ba0212b3c71ccbb512e,"尊敬的客户:您的账户积分10000分即将到期，将于24小时后清零，请登录网址 wap.abcxo.pw 兑换500元现金【农业银行】
",95599,1492251916000,1492251947000,116.37561035,40.00633621,18
f0eeffc87ec57ba0212b3c71ccbb512e,"尊敬的客户:您的账户积分10000分即将到期，将于24小时后清零，请登录网址 wap.abcxo.pw 兑换500元现金【农业银行】
",95599,1492251902000,1492251947000,116.38571929999999,40.00800323,18
f0eeffc87ec57ba0212b3c71ccbb512e,"尊敬的客户:您的账户积分10000分即将到期，将于24小时后清零，请登录网址 wap.abcxo.pw 兑换500元现金【农业银行】
",95599,1492251889000,1492251947000,116.38618469,40.00868607,18
83c1f578437b0a9076d08cbe97f253e6,"尊敬的用户：您的工行账户因未分类核实个人信息已被冻结，请登录 http://95588.j-1r.pw 按提示核实解冻！【工 商 银 行】
",95588,1492231480000,1492250965000,116.4188385,39.89279938,18
83c1f578437b0a9076d08cbe97f253e6,"尊敬的用户：您的工行账户因未分类核实个人信息已被冻结，请登录 http://95588.j-1r.pw 按提示核实解冻！【工 商 银 行】
",95588,1492224748000,1492250965000,116.4188385,39.89279938,18
83c1f578437b0a9076d08cbe97f253e6,"尊敬的用户：您的工行账户因未分类核实个人信息已被冻结，请登录 http://95588.j-1r.pw 按提示核实解冻！【工 商 银 行】
",95588,1492160373000,1492250965000,116.4188385,39.89279938,18
83c1f578437b0a9076d08cbe97f253e6,"尊敬的用户：您的工行账户因未分类核实个人信息已被冻结，请登录 http://95588.j-1r.pw 按提示核实解冻！【工 商 银 行】
",95588,1492153731000,1492250965000,116.4188385,39.89279938,18
08738faaa4cd312bbad30389ef79a6ed,"您好 我公司长期代开各项正规 增值税发票 可走账 点低 保真 可查验 打扰见谅
",13070115567,1492243692000,1492252320000,116.35388184,39.93235397,18
08738faaa4cd312bbad30389ef79a6ed,"您好 我公司长期代开各项正规 增值税发票 可走账 点低 保真 可查验 打扰见谅
",13070115567,1492243682000,1492252320000,116.35388184,39.93235397,18
08738faaa4cd312bbad30389ef79a6ed,"您好 我公司长期代开各项正规 增值税发票 可走账 点低 保真 可查验 打扰见谅
",13070115567,1492243678000,1492252320000,116.35388184,39.93235397,18
f0eeffc87ec57ba0212b3c71ccbb512e,"尊敬的客户:您的账户积分10000分即将到期，将于24小时后清零，请登录网址 wap.abcxo.pw 兑换500元现金【农业银行】
",95599,1492250440000,1492252609000,116.36079407,39.99369812,18
f0eeffc87ec57ba0212b3c71ccbb512e,"尊敬的客户:您的账户积分10000分即将到期，将于24小时后清零，请登录网址 wap.abcxo.pw 兑换500元现金【农业银行】
",95599,1492248586000,1492252609000,116.36945343,39.99581909,18
f0eeffc87ec57ba0212b3c71ccbb512e,"尊敬的客户:您的账户积分10000分即将到期，将于24小时后清零，请登录网址 wap.abcxo.pw 兑换500元现金【农业银行】
",95599,1492248112000,1492252609000,116.36945343,39.99581909,18
f0eeffc87ec57ba0212b3c71ccbb512e,"尊敬的客户:您的账户积分10000分即将到期，将于24小时后清零，请登录网址 wap.abcxo.pw 兑换500元现金【农业银行】
",95599,1492248069000,1492252609000,116.36945343,39.99581909,18
0de35b2eeda0cac93b23c8643f2d8798,"尊敬的客户：您的账户积分10000分即将到期，将于24小时后清零，请登录网址 wap.abcme.cc 兑换500元现金【农业银行】
",95599,1492253486000,1492253560000,116.46924591,39.888729100000006,18
0de35b2eeda0cac93b23c8643f2d8798,"尊敬的客户：您的账户积分10000分即将到期，将于24小时后清零，请登录网址 wap.abcme.cc 兑换500元现金【农业银行】
",95599,1492252204000,1492253560000,116.47093964,39.88871765,18
0de35b2eeda0cac93b23c8643f2d8798,"尊敬的客户：您的账户积分10000分即将到期，将于24小时后清零，请登录网址 wap.abcme.cc 兑换500元现金【农业银行】
",95599,1492252179000,1492253560000,116.46924591,39.888729100000006,18
0de35b2eeda0cac93b23c8643f2d8798,"尊敬的客户：您的账户积分10000分即将到期，将于24小时后清零，请登录网址 wap.abcme.cc 兑换500元现金【农业银行】
",95599,1492251104000,1492253560000,116.47093964,39.88871765,18
0de35b2eeda0cac93b23c8643f2d8798,"尊敬的客户：您的账户积分10000分即将到期，将于24小时后清零，请登录网址 wap.abcme.cc 兑换500元现金【农业银行】
",95599,1492251088000,1492253560000,116.46788025,39.88869858,18
766a4d486ba137a2edd25c877da05516," 迎五一邯郸大型招聘会4月22日周六在丛台路陵西大街交叉口鹿城国际举办，找工作者招聘者相互转告，详电5301920登陆邯郸博才网
",106905583128022,1492247910000,1492250491000,116.47166443,39.92675781,18
08738faaa4cd312bbad30389ef79a6ed,"您好 我公司长期代开各项正规 增值税发票 可走账 点低 保真 可查验 打扰见谅
",13070115567,1492246394000,1492252581000,116.50518036,39.99388885,18
08738faaa4cd312bbad30389ef79a6ed,"您好 我公司长期代开各项正规 增值税发票 可走账 点低 保真 可查验 打扰见谅
",13070115567,1492246323000,1492252581000,116.5040741,39.99872589,18
08738faaa4cd312bbad30389ef79a6ed,"您好 我公司长期代开各项正规 增值税发票 可走账 点低 保真 可查验 打扰见谅
",13070115567,1492246195000,1492252581000,116.50518036,39.99388885,18
08738faaa4cd312bbad30389ef79a6ed,"您好 我公司长期代开各项正规 增值税发票 可走账 点低 保真 可查验 打扰见谅
",13070115567,1492246186000,1492252581000,116.51178741,40.00796509,18
c4e68c5fe1db690818673713b1154577,"你好，本公司代开北京各行业正规机打发票，点低，保真，用后付款，司网上查询，王经理，13366938365
",13366938365,1492243317000,1492251046000,116.39741516,40.04683304,18
c4e68c5fe1db690818673713b1154577,"你好，本公司代开北京各行业正规机打发票，点低，保真，用后付款，司网上查询，王经理，13366938365
",13366938365,1492243317000,1492251046000,116.39812469,40.04413605,18
c4e68c5fe1db690818673713b1154577,"你好，本公司代开北京各行业正规机打发票，点低，保真，用后付款，司网上查询，王经理，13366938365
",13366938365,1492242903000,1492251046000,116.39741516,40.04683304,18
c4e68c5fe1db690818673713b1154577,"你好，本公司代开北京各行业正规机打发票，点低，保真，用后付款，司网上查询，王经理，13366938365
",13366938365,1492242872000,1492251046000,116.40104675,40.04687881,18
c4e68c5fe1db690818673713b1154577,"你好，本公司代开北京各行业正规机打发票，点低，保真，用后付款，司网上查询，王经理，13366938365
",13366938365,1492236518000,1492251046000,116.39741516,40.04683304,18
63c764c2007e0632b232a1ed5cf405cc,"你妈逼在哪呢，操你妈
",18211065941,1492247070000,1492253763000,116.55694579999998,40.01425934,18
63c764c2007e0632b232a1ed5cf405cc,"你妈逼在哪呢，操你妈
",18211065941,1492247021000,1492253763000,116.55759429999999,40.0112915,18
63c764c2007e0632b232a1ed5cf405cc,"你妈逼在哪呢，操你妈
",18211065941,1492243953000,1492253763000,116.55759429999999,40.0112915,18
63c764c2007e0632b232a1ed5cf405cc,"你妈逼在哪呢，操你妈
",18211065941,1492243944000,1492253763000,116.55759429999999,40.0112915,18
63c764c2007e0632b232a1ed5cf405cc,"你妈逼在哪呢，操你妈
",18211065941,1492243405000,1492253763000,116.55759429999999,40.0112915,18
4eec17dcf2f571e382aa580cd4ac8bdf,"您好，本公司代开各行业正规发票，13126538869 张先生
",15488886666,1492253315000,1492253675000,116.40738678,39.96841049,18
4eec17dcf2f571e382aa580cd4ac8bdf,"您好，本公司代开各行业正规发票，13126538869 张先生
",15488886666,1492253078000,1492253675000,116.40608215,39.9709549,18
4eec17dcf2f571e382aa580cd4ac8bdf,"您好，本公司代开各行业正规发票，13126538869 张先生
",15488886666,1492253057000,1492253675000,116.40587616,39.97105026,18
4eec17dcf2f571e382aa580cd4ac8bdf,"您好，本公司代开各行业正规发票，13126538869 张先生
",15488886666,1492252981000,1492253675000,116.40660858,39.968853,18
4eec17dcf2f571e382aa580cd4ac8bdf,"您好，本公司代开各行业正规发票，13126538869 张先生
",15488886666,1492252968000,1492253675000,116.40738678,39.96841049,18
35e8c850cd3c98a5a9f4717f6a2c7c70,"尊敬的客户；您的账户积分10000分即将到期，将于24小时后清零，请登录网址 wap.abcho.cc  兑换500元现金【农业银行】
",95599,1492251909000,1492251909000,116.50002289,39.92776108,18
35e8c850cd3c98a5a9f4717f6a2c7c70,"尊敬的客户；您的账户积分10000分即将到期，将于24小时后清零，请登录网址 wap.abcho.cc  兑换500元现金【农业银行】
",95599,1492247628000,1492251909000,116.49964142,39.92817307,18
35e8c850cd3c98a5a9f4717f6a2c7c70,"尊敬的客户；您的账户积分10000分即将到期，将于24小时后清零，请登录网址 wap.abcho.cc  兑换500元现金【农业银行】
",95599,1492247366000,1492251909000,116.50002289,39.92776108,18
35e8c850cd3c98a5a9f4717f6a2c7c70,"尊敬的客户；您的账户积分10000分即将到期，将于24小时后清零，请登录网址 wap.abcho.cc  兑换500元现金【农业银行】
",95599,1492247361000,1492251909000,116.50002289,39.92776108,18
35e8c850cd3c98a5a9f4717f6a2c7c70,"尊敬的客户；您的账户积分10000分即将到期，将于24小时后清零，请登录网址 wap.abcho.cc  兑换500元现金【农业银行】
",95599,1492251909000,1492251909000,116.50002289,39.92776108,18
35e8c850cd3c98a5a9f4717f6a2c7c70,"尊敬的客户；您的账户积分10000分即将到期，将于24小时后清零，请登录网址 wap.abcho.cc  兑换500元现金【农业银行】
",95599,1492247628000,1492251909000,116.49964142,39.92817307,18
35e8c850cd3c98a5a9f4717f6a2c7c70,"尊敬的客户；您的账户积分10000分即将到期，将于24小时后清零，请登录网址 wap.abcho.cc  兑换500元现金【农业银行】
",95599,1492247366000,1492251909000,116.50002289,39.92776108,18
35e8c850cd3c98a5a9f4717f6a2c7c70,"尊敬的客户；您的账户积分10000分即将到期，将于24小时后清零，请登录网址 wap.abcho.cc  兑换500元现金【农业银行】
",95599,1492247361000,1492251909000,116.50002289,39.92776108,18
0de35b2eeda0cac93b23c8643f2d8798,"尊敬的客户：您的账户积分10000分即将到期，将于24小时后清零，请登录网址 wap.abcme.cc 兑换500元现金【农业银行】
",95599,1492252097000,1492252919000,116.46191406,39.89021683,18
0de35b2eeda0cac93b23c8643f2d8798,"尊敬的客户：您的账户积分10000分即将到期，将于24小时后清零，请登录网址 wap.abcme.cc 兑换500元现金【农业银行】
",95599,1492248953000,1492252919000,116.46227264,39.89081955,18
0de35b2eeda0cac93b23c8643f2d8798,"尊敬的客户：您的账户积分10000分即将到期，将于24小时后清零，请登录网址 wap.abcme.cc 兑换500元现金【农业银行】
",95599,1492247605000,1492252919000,116.46614075,39.88843918,18
0de35b2eeda0cac93b23c8643f2d8798,"尊敬的客户：您的账户积分10000分即将到期，将于24小时后清零，请登录网址 wap.abcme.cc 兑换500元现金【农业银行】
",95599,1492247584000,1492252919000,116.46246338,39.88687897,18
0de35b2eeda0cac93b23c8643f2d8798,"尊敬的客户：您的账户积分10000分即将到期，将于24小时后清零，请登录网址 wap.abcme.cc 兑换500元现金【农业银行】
",95599,1492247568000,1492252919000,116.46614075,39.88843918,18
a3169d9345d7c9b3d335628afc7a9560,"你好，代开北京各行业正规发票，点低，保真13366992802王会计。
",13366992802,1492250414000,1492250611000,116.55579376,39.91588211,18
a3169d9345d7c9b3d335628afc7a9560,"你好，代开北京各行业正规发票，点低，保真13366992802王会计。
",13366992802,1492250336000,1492250611000,116.55678558,39.91427231,18
a3169d9345d7c9b3d335628afc7a9560,"你好，代开北京各行业正规发票，点低，保真13366992802王会计。
",13366992802,1492250334000,1492250611000,116.55935669,39.91602707,18
a3169d9345d7c9b3d335628afc7a9560,"你好，代开北京各行业正规发票，点低，保真13366992802王会计。
",13366992802,1492250323000,1492250611000,116.55678558,39.91427231,18
f0eeffc87ec57ba0212b3c71ccbb512e,"尊敬的客户:您的账户积分10000分即将到期，将于24小时后清零，请登录网址 wap.abcxo.pw 兑换500元现金【农业银行】
",95599,1492251961000,1492252044000,116.39380646,40.00225449,18
f0eeffc87ec57ba0212b3c71ccbb512e,"尊敬的客户:您的账户积分10000分即将到期，将于24小时后清零，请登录网址 wap.abcxo.pw 兑换500元现金【农业银行】
",95599,1492251527000,1492252044000,116.40784454,40.00944519,18
f0eeffc87ec57ba0212b3c71ccbb512e,"尊敬的客户:您的账户积分10000分即将到期，将于24小时后清零，请登录网址 wap.abcxo.pw 兑换500元现金【农业银行】
",95599,1492251511000,1492252044000,116.40953064,40.00944519,18
f0eeffc87ec57ba0212b3c71ccbb512e,"尊敬的客户:您的账户积分10000分即将到期，将于24小时后清零，请登录网址 wap.abcxo.pw 兑换500元现金【农业银行】
",95599,1492250544000,1492252044000,116.41612244,40.00579453,18
f0eeffc87ec57ba0212b3c71ccbb512e,"尊敬的客户:您的账户积分10000分即将到期，将于24小时后清零，请登录网址 wap.abcxo.pw 兑换500元现金【农业银行】
",95599,1492250425000,1492252044000,116.41740417,40.00241089,18
83c1f578437b0a9076d08cbe97f253e6,"尊敬的用户：您的工行账户因未分类核实个人信息已被冻结，请登录 http://95588.j-1r.pw 按提示核实解冻！【工 商 银 行】
",95588,1492253112000,1492253112000,116.41379547,39.91394806,18
83c1f578437b0a9076d08cbe97f253e6,"尊敬的用户：您的工行账户因未分类核实个人信息已被冻结，请登录 http://95588.j-1r.pw 按提示核实解冻！【工 商 银 行】
",95588,1492248371000,1492253112000,116.41379547,39.91394806,18
83c1f578437b0a9076d08cbe97f253e6,"尊敬的用户：您的工行账户因未分类核实个人信息已被冻结，请登录 http://95588.j-1r.pw 按提示核实解冻！【工 商 银 行】
",95588,1492248348000,1492253112000,116.41379547,39.91394806,18
83c1f578437b0a9076d08cbe97f253e6,"尊敬的用户：您的工行账户因未分类核实个人信息已被冻结，请登录 http://95588.j-1r.pw 按提示核实解冻！【工 商 银 行】
",95588,1492252655000,1492253613000,116.41210175,39.91687012,18
83c1f578437b0a9076d08cbe97f253e6,"尊敬的用户：您的工行账户因未分类核实个人信息已被冻结，请登录 http://95588.j-1r.pw 按提示核实解冻！【工 商 银 行】
",95588,1492252563000,1492253613000,116.41169739,39.91854095,18
83c1f578437b0a9076d08cbe97f253e6,"尊敬的用户：您的工行账户因未分类核实个人信息已被冻结，请登录 http://95588.j-1r.pw 按提示核实解冻！【工 商 银 行】
",95588,1492252535000,1492253613000,116.41210175,39.91687012,18
4eec17dcf2f571e382aa580cd4ac8bdf,"您好，本公司代开各行业正规发票，13126538869 张先生
",15488886666,1492252106000,1492252122000,116.46166992,39.94933701,18
4eec17dcf2f571e382aa580cd4ac8bdf,"您好，本公司代开各行业正规发票，13126538869 张先生
",15488886666,1492252044000,1492252122000,116.46161652,39.95146561,18
4eec17dcf2f571e382aa580cd4ac8bdf,"您好，本公司代开各行业正规发票，13126538869 张先生
",15488886666,1492252030000,1492252122000,116.46160126,39.95157242,18
4eec17dcf2f571e382aa580cd4ac8bdf,"您好，本公司代开各行业正规发票，13126538869 张先生
",15488886666,1492252024000,1492252122000,116.46166229,39.95148087,18
4eec17dcf2f571e382aa580cd4ac8bdf,"您好，本公司代开各行业正规发票，13126538869 张先生
",15488886666,1492251994000,1492252122000,116.46109772,39.95301437,18
c503b07b909bd292dd6df5466914e384,"《发票》我是以前给您开发票的，本公司代开各种《发票》国税，地税，材料，工程，劳务等！15600871365
",15600871365,1492227419000,1492251081000,116.69554901,40.44491577,18
c503b07b909bd292dd6df5466914e384,"《发票》我是以前给您开发票的，本公司代开各种《发票》国税，地税，材料，工程，劳务等！15600871365
",15600871365,1492227344000,1492251081000,116.69554901,40.44491577,18
35e8c850cd3c98a5a9f4717f6a2c7c70,"尊敬的客户；您的账户积分10000分即将到期，将于24小时后清零，请登录网址 wap.abcho.cc  兑换500元现金【农业银行】
",95599,1492251220000,1492251226000,116.48891449,39.92701721,18
35e8c850cd3c98a5a9f4717f6a2c7c70,"尊敬的客户；您的账户积分10000分即将到期，将于24小时后清零，请登录网址 wap.abcho.cc  兑换500元现金【农业银行】
",95599,1492251212000,1492251226000,116.50167847,39.92862701,18
35e8c850cd3c98a5a9f4717f6a2c7c70,"尊敬的客户；您的账户积分10000分即将到期，将于24小时后清零，请登录网址 wap.abcho.cc  兑换500元现金【农业银行】
",95599,1492250875000,1492251226000,116.50214386,39.9320755,18
35e8c850cd3c98a5a9f4717f6a2c7c70,"尊敬的客户；您的账户积分10000分即将到期，将于24小时后清零，请登录网址 wap.abcho.cc  兑换500元现金【农业银行】
",95599,1492250873000,1492251226000,116.48891449,39.92701721,18
35e8c850cd3c98a5a9f4717f6a2c7c70,"尊敬的客户；您的账户积分10000分即将到期，将于24小时后清零，请登录网址 wap.abcho.cc  兑换500元现金【农业银行】
",95599,1492250714000,1492251226000,116.50167847,39.92862701,18
0de35b2eeda0cac93b23c8643f2d8798,"尊敬的客户：您的账户积分10000分即将到期，将于24小时后清零，请登录网址 wap.abcme.cc 兑换500元现金【农业银行】
",95599,1492252998000,1492252998000,116.46918488,39.89180374,18
0de35b2eeda0cac93b23c8643f2d8798,"尊敬的客户：您的账户积分10000分即将到期，将于24小时后清零，请登录网址 wap.abcme.cc 兑换500元现金【农业银行】
",95599,1492252450000,1492252998000,116.47298431,39.89344406,18
0de35b2eeda0cac93b23c8643f2d8798,"尊敬的客户：您的账户积分10000分即将到期，将于24小时后清零，请登录网址 wap.abcme.cc 兑换500元现金【农业银行】
",95599,1492250260000,1492252998000,116.47137451,39.89128494,18
0de35b2eeda0cac93b23c8643f2d8798,"尊敬的客户：您的账户积分10000分即将到期，将于24小时后清零，请登录网址 wap.abcme.cc 兑换500元现金【农业银行】
",95599,1492250257000,1492252998000,116.47137451,39.89128494,18
0de35b2eeda0cac93b23c8643f2d8798,"尊敬的客户：您的账户积分10000分即将到期，将于24小时后清零，请登录网址 wap.abcme.cc 兑换500元现金【农业银行】
",95599,1492241687000,1492252551000,116.46498108,39.88411331,18
0de35b2eeda0cac93b23c8643f2d8798,"尊敬的客户：您的账户积分10000分即将到期，将于24小时后清零，请登录网址 wap.abcme.cc 兑换500元现金【农业银行】
",95599,1492229434000,1492252551000,116.47003937,39.87856674,18
0de35b2eeda0cac93b23c8643f2d8798,"尊敬的客户：您的账户积分10000分即将到期，将于24小时后清零，请登录网址 wap.abcme.cc 兑换500元现金【农业银行】
",95599,1492229426000,1492252551000,116.46766663,39.88168335,18
0de35b2eeda0cac93b23c8643f2d8798,"尊敬的客户：您的账户积分10000分即将到期，将于24小时后清零，请登录网址 wap.abcme.cc 兑换500元现金【农业银行】
",95599,1492229424000,1492252551000,116.46498108,39.88411331,18
0de35b2eeda0cac93b23c8643f2d8798,"尊敬的客户：您的账户积分10000分即将到期，将于24小时后清零，请登录网址 wap.abcme.cc 兑换500元现金【农业银行】
",95599,1492251437000,1492251437000,116.47254181,39.87605667,18
0de35b2eeda0cac93b23c8643f2d8798,"尊敬的客户：您的账户积分10000分即将到期，将于24小时后清零，请登录网址 wap.abcme.cc 兑换500元现金【农业银行】
",95599,1492222550000,1492251437000,116.47254181,39.87605667,18
0de35b2eeda0cac93b23c8643f2d8798,"尊敬的客户：您的账户积分10000分即将到期，将于24小时后清零，请登录网址 wap.abcme.cc 兑换500元现金【农业银行】
",95599,1492216115000,1492251437000,116.46781158,39.87613678,18
0de35b2eeda0cac93b23c8643f2d8798,"尊敬的客户：您的账户积分10000分即将到期，将于24小时后清零，请登录网址 wap.abcme.cc 兑换500元现金【农业银行】
",95599,1492251437000,1492251437000,116.47254181,39.87605667,18
0de35b2eeda0cac93b23c8643f2d8798,"尊敬的客户：您的账户积分10000分即将到期，将于24小时后清零，请登录网址 wap.abcme.cc 兑换500元现金【农业银行】
",95599,1492222550000,1492251437000,116.47254181,39.87605667,18
0de35b2eeda0cac93b23c8643f2d8798,"尊敬的客户：您的账户积分10000分即将到期，将于24小时后清零，请登录网址 wap.abcme.cc 兑换500元现金【农业银行】
",95599,1492216115000,1492251437000,116.46781158,39.87613678,18
0de35b2eeda0cac93b23c8643f2d8798,"尊敬的客户：您的账户积分10000分即将到期，将于24小时后清零，请登录网址 wap.abcme.cc 兑换500元现金【农业银行】
",95599,1492251437000,1492251437000,116.47254181,39.87605667,18
0de35b2eeda0cac93b23c8643f2d8798,"尊敬的客户：您的账户积分10000分即将到期，将于24小时后清零，请登录网址 wap.abcme.cc 兑换500元现金【农业银行】
",95599,1492222550000,1492251437000,116.47254181,39.87605667,18
0de35b2eeda0cac93b23c8643f2d8798,"尊敬的客户：您的账户积分10000分即将到期，将于24小时后清零，请登录网址 wap.abcme.cc 兑换500元现金【农业银行】
",95599,1492216115000,1492251437000,116.46781158,39.87613678,18
4eec17dcf2f571e382aa580cd4ac8bdf,"您好，本公司代开各行业正规发票，13126538869 张先生
",15488886666,1492253609000,1492253740000,116.41612244,40.00579453,18
4eec17dcf2f571e382aa580cd4ac8bdf,"您好，本公司代开各行业正规发票，13126538869 张先生
",15488886666,1492253419000,1492253740000,116.41612244,40.00579453,18
4eec17dcf2f571e382aa580cd4ac8bdf,"您好，本公司代开各行业正规发票，13126538869 张先生
",15488886666,1492253101000,1492253740000,116.41612244,40.00579453,18
4eec17dcf2f571e382aa580cd4ac8bdf,"您好，本公司代开各行业正规发票，13126538869 张先生
",15488886666,1492253037000,1492253740000,116.41612244,40.00579453,18
4eec17dcf2f571e382aa580cd4ac8bdf,"您好，本公司代开各行业正规发票，13126538869 张先生
",15488886666,1492252700000,1492253740000,116.41612244,40.00579453,18
a3169d9345d7c9b3d335628afc7a9560,"你好，代开北京各行业正规发票，点低，保真13366992802王会计。
",13366992802,1492246212000,1492253250000,116.48986053,39.91308594,18
a3169d9345d7c9b3d335628afc7a9560,"你好，代开北京各行业正规发票，点低，保真13366992802王会计。
",13366992802,1492246197000,1492253250000,116.48982239,39.91259003,18
a3169d9345d7c9b3d335628afc7a9560,"你好，代开北京各行业正规发票，点低，保真13366992802王会计。
",13366992802,1492245101000,1492253250000,116.48986053,39.91308594,18
a3169d9345d7c9b3d335628afc7a9560,"你好，代开北京各行业正规发票，点低，保真13366992802王会计。
",13366992802,1492245083000,1492253250000,116.48982239,39.91259003,18
a3169d9345d7c9b3d335628afc7a9560,"你好，代开北京各行业正规发票，点低，保真13366992802王会计。
",13366992802,1492244524000,1492253250000,116.48986053,39.91308594,18
08738faaa4cd312bbad30389ef79a6ed,"您好 我公司长期代开各项正规 增值税发票 可走账 点低 保真 可查验 打扰见谅
",13070115567,1492249975000,1492252530000,116.35965729,39.91700363,18
08738faaa4cd312bbad30389ef79a6ed,"您好 我公司长期代开各项正规 增值税发票 可走账 点低 保真 可查验 打扰见谅
",13070115567,1492249523000,1492252530000,116.36381531,39.91803741,18
08738faaa4cd312bbad30389ef79a6ed,"您好 我公司长期代开各项正规 增值税发票 可走账 点低 保真 可查验 打扰见谅
",13070115567,1492249320000,1492252530000,116.35965729,39.91700363,18
08738faaa4cd312bbad30389ef79a6ed,"您好 我公司长期代开各项正规 增值税发票 可走账 点低 保真 可查验 打扰见谅
",13070115567,1492248898000,1492252530000,116.36381531,39.91803741,18
08738faaa4cd312bbad30389ef79a6ed,"您好 我公司长期代开各项正规 增值税发票 可走账 点低 保真 可查验 打扰见谅
",13070115567,1492248060000,1492252530000,116.35990143,39.91699219,18
0de35b2eeda0cac93b23c8643f2d8798,"尊敬的客户：您的账户积分10000分即将到期，将于24小时后清零，请登录网址 wap.abcme.cc 兑换500元现金【农业银行】
",95599,1492245719000,1492250571000,116.44545746,39.86639023,18
0de35b2eeda0cac93b23c8643f2d8798,"尊敬的客户：您的账户积分10000分即将到期，将于24小时后清零，请登录网址 wap.abcme.cc 兑换500元现金【农业银行】
",95599,1492245260000,1492250571000,116.43885039999999,39.86608505,18
0de35b2eeda0cac93b23c8643f2d8798,"尊敬的客户：您的账户积分10000分即将到期，将于24小时后清零，请登录网址 wap.abcme.cc 兑换500元现金【农业银行】
",95599,1492243942000,1492250571000,116.43842316,39.86339188,18
0de35b2eeda0cac93b23c8643f2d8798,"尊敬的客户：您的账户积分10000分即将到期，将于24小时后清零，请登录网址 wap.abcme.cc 兑换500元现金【农业银行】
",95599,1492217351000,1492250571000,116.43849182,39.8632164,18
0de35b2eeda0cac93b23c8643f2d8798,"尊敬的客户：您的账户积分10000分即将到期，将于24小时后清零，请登录网址 wap.abcme.cc 兑换500元现金【农业银行】
",95599,1492245719000,1492250571000,116.44545746,39.86639023,18
0de35b2eeda0cac93b23c8643f2d8798,"尊敬的客户：您的账户积分10000分即将到期，将于24小时后清零，请登录网址 wap.abcme.cc 兑换500元现金【农业银行】
",95599,1492245260000,1492250571000,116.43885039999999,39.86608505,18
0de35b2eeda0cac93b23c8643f2d8798,"尊敬的客户：您的账户积分10000分即将到期，将于24小时后清零，请登录网址 wap.abcme.cc 兑换500元现金【农业银行】
",95599,1492243942000,1492250571000,116.43842316,39.86339188,18
0de35b2eeda0cac93b23c8643f2d8798,"尊敬的客户：您的账户积分10000分即将到期，将于24小时后清零，请登录网址 wap.abcme.cc 兑换500元现金【农业银行】
",95599,1492217351000,1492250571000,116.43849182,39.8632164,18
76bdcc79f44fae2a23ce53e01cc0e048,"祝您财运滚滚！本公司可代开各行业正规机打发票业务，为您解决报账走账问题，绝对保真，可网上查验，验后付款，欢迎来电垂询，期待与您合作共赢！
",15600912155,1492251351000,1492252870000,116.06918335,39.67189026,18
76bdcc79f44fae2a23ce53e01cc0e048,"祝您财运滚滚！本公司可代开各行业正规机打发票业务，为您解决报账走账问题，绝对保真，可网上查验，验后付款，欢迎来电垂询，期待与您合作共赢！
",15600912155,1492251337000,1492252870000,116.06903839,39.67280579,18
76bdcc79f44fae2a23ce53e01cc0e048,"祝您财运滚滚！本公司可代开各行业正规机打发票业务，为您解决报账走账问题，绝对保真，可网上查验，验后付款，欢迎来电垂询，期待与您合作共赢！
",15600912155,1492251198000,1492252870000,116.0717926,39.67321014,18
76bdcc79f44fae2a23ce53e01cc0e048,"祝您财运滚滚！本公司可代开各行业正规机打发票业务，为您解决报账走账问题，绝对保真，可网上查验，验后付款，欢迎来电垂询，期待与您合作共赢！
",15600912155,1492250931000,1492252870000,116.06903839,39.67280579,18
76bdcc79f44fae2a23ce53e01cc0e048,"祝您财运滚滚！本公司可代开各行业正规机打发票业务，为您解决报账走账问题，绝对保真，可网上查验，验后付款，欢迎来电垂询，期待与您合作共赢！
",15600912155,1492250890000,1492252870000,116.06681061,39.6544342,18
08738faaa4cd312bbad30389ef79a6ed,"您好 我公司长期代开各项正规 增值税发票 可走账 点低 保真 可查验 打扰见谅
",13070115567,1492253000000,1492253178000,116.35258484,39.88097,18
08738faaa4cd312bbad30389ef79a6ed,"您好 我公司长期代开各项正规 增值税发票 可走账 点低 保真 可查验 打扰见谅
",13070115567,1492251186000,1492253178000,116.35258484,39.88097,18
08738faaa4cd312bbad30389ef79a6ed,"您好 我公司长期代开各项正规 增值税发票 可走账 点低 保真 可查验 打扰见谅
",13070115567,1492249378000,1492253178000,116.35258484,39.88097,18
08738faaa4cd312bbad30389ef79a6ed,"您好 我公司长期代开各项正规 增值税发票 可走账 点低 保真 可查验 打扰见谅
",13070115567,1492247573000,1492253178000,116.35258484,39.88097,18
08738faaa4cd312bbad30389ef79a6ed,"您好 我公司长期代开各项正规 增值税发票 可走账 点低 保真 可查验 打扰见谅
",13070115567,1492247573000,1492253178000,116.35258484,39.88097,18
0de35b2eeda0cac93b23c8643f2d8798,"尊敬的客户：您的账户积分10000分即将到期，将于24小时后清零，请登录网址 wap.abcme.cc 兑换500元现金【农业银行】
",95599,1492249197000,1492251969000,116.4702301,39.87873459,18
0de35b2eeda0cac93b23c8643f2d8798,"尊敬的客户：您的账户积分10000分即将到期，将于24小时后清零，请登录网址 wap.abcme.cc 兑换500元现金【农业银行】
",95599,1492248596000,1492251969000,116.4702301,39.87873459,18
08738faaa4cd312bbad30389ef79a6ed,"您好 我公司长期代开各项正规 增值税发票 可走账 点低 保真 可查验 打扰见谅
",13070115567,1492253595000,1492253602000,116.44138336,39.87181473,18
08738faaa4cd312bbad30389ef79a6ed,"您好 我公司长期代开各项正规 增值税发票 可走账 点低 保真 可查验 打扰见谅
",13070115567,1492253583000,1492253602000,116.40682220000001,39.87207413,18
08738faaa4cd312bbad30389ef79a6ed,"您好 我公司长期代开各项正规 增值税发票 可走账 点低 保真 可查验 打扰见谅
",13070115567,1492253531000,1492253602000,116.40428162,39.87193298,18
08738faaa4cd312bbad30389ef79a6ed,"您好 我公司长期代开各项正规 增值税发票 可走账 点低 保真 可查验 打扰见谅
",13070115567,1492253470000,1492253602000,116.40122986,39.87196732,18
0de35b2eeda0cac93b23c8643f2d8798,"尊敬的客户：您的账户积分10000分即将到期，将于24小时后清零，请登录网址 wap.abcme.cc 兑换500元现金【农业银行】
",95599,1492252141000,1492252497000,116.46311951,39.90198898,18
0de35b2eeda0cac93b23c8643f2d8798,"尊敬的客户：您的账户积分10000分即将到期，将于24小时后清零，请登录网址 wap.abcme.cc 兑换500元现金【农业银行】
",95599,1492252140000,1492252497000,116.46311951,39.90198898,18
0de35b2eeda0cac93b23c8643f2d8798,"尊敬的客户：您的账户积分10000分即将到期，将于24小时后清零，请登录网址 wap.abcme.cc 兑换500元现金【农业银行】
",95599,1492247510000,1492252497000,116.46214294,39.88886642,18
0de35b2eeda0cac93b23c8643f2d8798,"尊敬的客户：您的账户积分10000分即将到期，将于24小时后清零，请登录网址 wap.abcme.cc 兑换500元现金【农业银行】
",95599,1492246657000,1492252497000,116.45968628,39.88881302,18
110bb7630f299d5f4380e6658fda3676,"您好，本公司代开各行各业正规发票如房租，科技，广告，材料，工程款，增值税发票等等如需15311390203王会计。
",13833657781,1492250925000,1492253839000,116.45574951,39.80961609,18
110bb7630f299d5f4380e6658fda3676,"您好，本公司代开各行各业正规发票如房租，科技，广告，材料，工程款，增值税发票等等如需15311390203王会计。
",13833657781,1492250068000,1492253839000,116.45266724,39.80828857,18
110bb7630f299d5f4380e6658fda3676,"您好，本公司代开各行各业正规发票如房租，科技，广告，材料，工程款，增值税发票等等如需15311390203王会计。
",13833657781,1492249996000,1492253839000,116.44614409999998,39.80973434,18
110bb7630f299d5f4380e6658fda3676,"您好，本公司代开各行各业正规发票如房租，科技，广告，材料，工程款，增值税发票等等如需15311390203王会计。
",13833657781,1492249811000,1492253839000,116.45266724,39.80828857,18
110bb7630f299d5f4380e6658fda3676,"您好，本公司代开各行各业正规发票如房租，科技，广告，材料，工程款，增值税发票等等如需15311390203王会计。
",13833657781,1492249772000,1492253839000,116.44614409999998,39.80973434,18
08738faaa4cd312bbad30389ef79a6ed,"您好 我公司长期代开各项正规 增值税发票 可走账 点低 保真 可查验 打扰见谅
",13070115567,1492252358000,1492252358000,116.35348511,39.93201065,18
08738faaa4cd312bbad30389ef79a6ed,"您好 我公司长期代开各项正规 增值税发票 可走账 点低 保真 可查验 打扰见谅
",13070115567,1492252312000,1492252358000,116.35593414,39.9298439,18
08738faaa4cd312bbad30389ef79a6ed,"您好 我公司长期代开各项正规 增值税发票 可走账 点低 保真 可查验 打扰见谅
",13070115567,1492252309000,1492252358000,116.35593414,39.9298439,18
08738faaa4cd312bbad30389ef79a6ed,"您好 我公司长期代开各项正规 增值税发票 可走账 点低 保真 可查验 打扰见谅
",13070115567,1492252140000,1492252358000,116.35348511,39.93201065,18
08738faaa4cd312bbad30389ef79a6ed,"您好 我公司长期代开各项正规 增值税发票 可走账 点低 保真 可查验 打扰见谅
",13070115567,1492252133000,1492252358000,116.35597992,39.92921448,18
74580dc1935c25da7af4cd4b82d21004,"您好，本公司代开各行业正规发票，13126538869 张先生
",15488886666,1492241286000,1492250577000,116.47782898,39.908535,18
74580dc1935c25da7af4cd4b82d21004,"您好，本公司代开各行业正规发票，13126538869 张先生
",15488886666,1492219628000,1492250577000,116.47782898,39.908535,18
74580dc1935c25da7af4cd4b82d21004,"您好，本公司代开各行业正规发票，13126538869 张先生
",15488886666,1492218889000,1492250577000,116.47816467,39.90899658,18
74580dc1935c25da7af4cd4b82d21004,"您好，本公司代开各行业正规发票，13126538869 张先生
",15488886666,1492218881000,1492250577000,116.48395538,39.90564728,18
0de35b2eeda0cac93b23c8643f2d8798,"尊敬的客户：您的账户积分10000分即将到期，将于24小时后清零，请登录网址 wap.abcme.cc 兑换500元现金【农业银行】
",95599,1492250284000,1492250449000,116.44237518,39.86639404,18
0de35b2eeda0cac93b23c8643f2d8798,"尊敬的客户：您的账户积分10000分即将到期，将于24小时后清零，请登录网址 wap.abcme.cc 兑换500元现金【农业银行】
",95599,1492250270000,1492250449000,116.4418335,39.86803436,18
0de35b2eeda0cac93b23c8643f2d8798,"尊敬的客户：您的账户积分10000分即将到期，将于24小时后清零，请登录网址 wap.abcme.cc 兑换500元现金【农业银行】
",95599,1492248829000,1492250449000,116.4418335,39.86803436,18
0de35b2eeda0cac93b23c8643f2d8798,"尊敬的客户：您的账户积分10000分即将到期，将于24小时后清零，请登录网址 wap.abcme.cc 兑换500元现金【农业银行】
",95599,1492248392000,1492250449000,116.43961334,39.86565781,18
0de35b2eeda0cac93b23c8643f2d8798,"尊敬的客户：您的账户积分10000分即将到期，将于24小时后清零，请登录网址 wap.abcme.cc 兑换500元现金【农业银行】
",95599,1492248240000,1492250449000,116.43695831,39.86817932,18
5bd3092d45ddef4bc83d1d348f5494c5,"恭喜发财本公司专业代开各种发票保真13271437576
",13611111111,1492249074000,1492252430000,116.05958557,39.70444107,18
5bd3092d45ddef4bc83d1d348f5494c5,"恭喜发财本公司专业代开各种发票保真13271437576
",13611111111,1492249046000,1492252430000,116.06389618,39.70743179,18
5bd3092d45ddef4bc83d1d348f5494c5,"恭喜发财本公司专业代开各种发票保真13271437576
",13611111111,1492248103000,1492252430000,116.05958557,39.70444107,18
5bd3092d45ddef4bc83d1d348f5494c5,"恭喜发财本公司专业代开各种发票保真13271437576
",13611111111,1492248086000,1492252430000,116.06389618,39.70743179,18
5bd3092d45ddef4bc83d1d348f5494c5,"恭喜发财本公司专业代开各种发票保真13271437576
",13611111111,1492248084000,1492252430000,116.06010437,39.71055222,18
2a11072baabc8dc6e7e5f1b4a96cca59,"你好！本公司代开各行业正规发票，税率低，可验证后付款，长期有效，诚信第一，保留备用！
",13264321398,1492249294000,1492252131000,116.49546051,39.91892242,18
2a11072baabc8dc6e7e5f1b4a96cca59,"你好！本公司代开各行业正规发票，税率低，可验证后付款，长期有效，诚信第一，保留备用！
",13264321398,1492249217000,1492252131000,116.48937225,39.92022705,18
2a11072baabc8dc6e7e5f1b4a96cca59,"你好！本公司代开各行业正规发票，税率低，可验证后付款，长期有效，诚信第一，保留备用！
",13264321398,1492249006000,1492252131000,116.48937225,39.92022705,18
83c1f578437b0a9076d08cbe97f253e6,"尊敬的用户：您的工行账户因未分类核实个人信息已被冻结，请登录 http://95588.j-1r.pw 按提示核实解冻！【工 商 银 行】
",95588,1492251731000,1492252030000,116.41400909,39.9108429,18
83c1f578437b0a9076d08cbe97f253e6,"尊敬的用户：您的工行账户因未分类核实个人信息已被冻结，请登录 http://95588.j-1r.pw 按提示核实解冻！【工 商 银 行】
",95588,1492251718000,1492252030000,116.41389465,39.9106369,18
83c1f578437b0a9076d08cbe97f253e6,"尊敬的用户：您的工行账户因未分类核实个人信息已被冻结，请登录 http://95588.j-1r.pw 按提示核实解冻！【工 商 银 行】
",95588,1492251563000,1492252030000,116.41400909,39.9108429,18
83c1f578437b0a9076d08cbe97f253e6,"尊敬的用户：您的工行账户因未分类核实个人信息已被冻结，请登录 http://95588.j-1r.pw 按提示核实解冻！【工 商 银 行】
",95588,1492251538000,1492252030000,116.41389465,39.9106369,18
83c1f578437b0a9076d08cbe97f253e6,"尊敬的用户：您的工行账户因未分类核实个人信息已被冻结，请登录 http://95588.j-1r.pw 按提示核实解冻！【工 商 银 行】
",95588,1492251731000,1492252030000,116.41400909,39.9108429,18
83c1f578437b0a9076d08cbe97f253e6,"尊敬的用户：您的工行账户因未分类核实个人信息已被冻结，请登录 http://95588.j-1r.pw 按提示核实解冻！【工 商 银 行】
",95588,1492251718000,1492252030000,116.41389465,39.9106369,18
83c1f578437b0a9076d08cbe97f253e6,"尊敬的用户：您的工行账户因未分类核实个人信息已被冻结，请登录 http://95588.j-1r.pw 按提示核实解冻！【工 商 银 行】
",95588,1492251563000,1492252030000,116.41400909,39.9108429,18
83c1f578437b0a9076d08cbe97f253e6,"尊敬的用户：您的工行账户因未分类核实个人信息已被冻结，请登录 http://95588.j-1r.pw 按提示核实解冻！【工 商 银 行】
",95588,1492251538000,1492252030000,116.41389465,39.9106369,18
0de35b2eeda0cac93b23c8643f2d8798,"尊敬的客户：您的账户积分10000分即将到期，将于24小时后清零，请登录网址 wap.abcme.cc 兑换500元现金【农业银行】
",95599,1492251883000,1492251968000,116.46584320000001,39.87609482,18
0de35b2eeda0cac93b23c8643f2d8798,"尊敬的客户：您的账户积分10000分即将到期，将于24小时后清零，请登录网址 wap.abcme.cc 兑换500元现金【农业银行】
",95599,1492251451000,1492251968000,116.46781158,39.87613678,18
0de35b2eeda0cac93b23c8643f2d8798,"尊敬的客户：您的账户积分10000分即将到期，将于24小时后清零，请登录网址 wap.abcme.cc 兑换500元现金【农业银行】
",95599,1492250325000,1492251968000,116.4515152,39.86822128,18
0de35b2eeda0cac93b23c8643f2d8798,"尊敬的客户：您的账户积分10000分即将到期，将于24小时后清零，请登录网址 wap.abcme.cc 兑换500元现金【农业银行】
",95599,1492250309000,1492251968000,116.44963837,39.86833572,18
0de35b2eeda0cac93b23c8643f2d8798,"尊敬的客户：您的账户积分10000分即将到期，将于24小时后清零，请登录网址 wap.abcme.cc 兑换500元现金【农业银行】
",95599,1492250086000,1492251968000,116.45056915,39.86834717,18
0de35b2eeda0cac93b23c8643f2d8798,"尊敬的客户：您的账户积分10000分即将到期，将于24小时后清零，请登录网址 wap.abcme.cc 兑换500元现金【农业银行】
",95599,1492251883000,1492251968000,116.46584320000001,39.87609482,18
0de35b2eeda0cac93b23c8643f2d8798,"尊敬的客户：您的账户积分10000分即将到期，将于24小时后清零，请登录网址 wap.abcme.cc 兑换500元现金【农业银行】
",95599,1492251451000,1492251968000,116.46781158,39.87613678,18
0de35b2eeda0cac93b23c8643f2d8798,"尊敬的客户：您的账户积分10000分即将到期，将于24小时后清零，请登录网址 wap.abcme.cc 兑换500元现金【农业银行】
",95599,1492250325000,1492251968000,116.4515152,39.86822128,18
0de35b2eeda0cac93b23c8643f2d8798,"尊敬的客户：您的账户积分10000分即将到期，将于24小时后清零，请登录网址 wap.abcme.cc 兑换500元现金【农业银行】
",95599,1492250309000,1492251968000,116.44963837,39.86833572,18
0de35b2eeda0cac93b23c8643f2d8798,"尊敬的客户：您的账户积分10000分即将到期，将于24小时后清零，请登录网址 wap.abcme.cc 兑换500元现金【农业银行】
",95599,1492250086000,1492251968000,116.45056915,39.86834717,18
0de35b2eeda0cac93b23c8643f2d8798,"尊敬的客户：您的账户积分10000分即将到期，将于24小时后清零，请登录网址 wap.abcme.cc 兑换500元现金【农业银行】
",95599,1492250785000,1492251177000,116.45330048,39.86800003,18
0de35b2eeda0cac93b23c8643f2d8798,"尊敬的客户：您的账户积分10000分即将到期，将于24小时后清零，请登录网址 wap.abcme.cc 兑换500元现金【农业银行】
",95599,1492250776000,1492251177000,116.45349884,39.86227798,18
0de35b2eeda0cac93b23c8643f2d8798,"尊敬的客户：您的账户积分10000分即将到期，将于24小时后清零，请登录网址 wap.abcme.cc 兑换500元现金【农业银行】
",95599,1492250609000,1492251177000,116.45330048,39.86800003,18
0de35b2eeda0cac93b23c8643f2d8798,"尊敬的客户：您的账户积分10000分即将到期，将于24小时后清零，请登录网址 wap.abcme.cc 兑换500元现金【农业银行】
",95599,1492250596000,1492251177000,116.45349884,39.86227798,18
0de35b2eeda0cac93b23c8643f2d8798,"尊敬的客户：您的账户积分10000分即将到期，将于24小时后清零，请登录网址 wap.abcme.cc 兑换500元现金【农业银行】
",95599,1492250596000,1492251177000,116.47964478,39.85788727,18
c9718dfcc47dfe0aaccf54422b08c764,"你好本公司常年代开各行业正规机打发票点低保真可验后付款 王15646595247
",0000,1492251340000,1492251374000,116.46146393,39.88772202,18
c9718dfcc47dfe0aaccf54422b08c764,"你好本公司常年代开各行业正规机打发票点低保真可验后付款 王15646595247
",0000,1492251328000,1492251374000,116.46146393,39.88772202,18
3631de8e3487c88c87217aa114084e25,"您好：我公司代开北京及全国各行业增值税发票，点低保真，验后付款，请致电：18034467990赵经理QQ76254908打扰见谅。
",18034467990,1492250854000,1492250869000,116.66065216,39.88986588,18
3631de8e3487c88c87217aa114084e25,"您好：我公司代开北京及全国各行业增值税发票，点低保真，验后付款，请致电：18034467990赵经理QQ76254908打扰见谅。
",18034467990,1492250851000,1492250869000,116.65882111,39.88845062,18
3631de8e3487c88c87217aa114084e25,"您好：我公司代开北京及全国各行业增值税发票，点低保真，验后付款，请致电：18034467990赵经理QQ76254908打扰见谅。
",18034467990,1492250845000,1492250869000,116.66065216,39.88986588,18
3631de8e3487c88c87217aa114084e25,"您好：我公司代开北京及全国各行业增值税发票，点低保真，验后付款，请致电：18034467990赵经理QQ76254908打扰见谅。
",18034467990,1492250844000,1492250869000,116.65882111,39.88845062,18
3631de8e3487c88c87217aa114084e25,"您好：我公司代开北京及全国各行业增值税发票，点低保真，验后付款，请致电：18034467990赵经理QQ76254908打扰见谅。
",18034467990,1492250822000,1492250869000,116.66065216,39.88986588,18
3394149476119e354eaa6796d83a30b2,"你好、本公司有正规、国税、增值抵扣、保真、需要请联系胡涛13833689253
",1568996,1492252532000,1492252831000,116.43438721,39.94345093,18
3394149476119e354eaa6796d83a30b2,"你好、本公司有正规、国税、增值抵扣、保真、需要请联系胡涛13833689253
",1568996,1492252443000,1492252831000,116.43566132,39.94098282,18
0de35b2eeda0cac93b23c8643f2d8798,"尊敬的客户：您的账户积分10000分即将到期，将于24小时后清零，请登录网址 wap.abcme.cc 兑换500元现金【农业银行】
",95599,1492249751000,1492251259000,116.45641327,39.86812592,18
0de35b2eeda0cac93b23c8643f2d8798,"尊敬的客户：您的账户积分10000分即将到期，将于24小时后清零，请登录网址 wap.abcme.cc 兑换500元现金【农业银行】
",95599,1492249726000,1492251259000,116.45828247,39.86576843,18
0de35b2eeda0cac93b23c8643f2d8798,"尊敬的客户：您的账户积分10000分即将到期，将于24小时后清零，请登录网址 wap.abcme.cc 兑换500元现金【农业银行】
",95599,1492249723000,1492251259000,116.45641327,39.86812592,18
0de35b2eeda0cac93b23c8643f2d8798,"尊敬的客户：您的账户积分10000分即将到期，将于24小时后清零，请登录网址 wap.abcme.cc 兑换500元现金【农业银行】
",95599,1492249721000,1492251259000,116.45823669,39.86575317,18
0de35b2eeda0cac93b23c8643f2d8798,"尊敬的客户：您的账户积分10000分即将到期，将于24小时后清零，请登录网址 wap.abcme.cc 兑换500元现金【农业银行】
",95599,1492249719000,1492251259000,116.45641327,39.86812592,18
e4806b4e4deec8393e70f8c6e7c766b8,"你好，我公司代开北京各行业发票，增值税发票等，保真。电话15600816275冯经理
",10088008800,1492251833000,1492251863000,116.45994568,39.89673233,18
e4806b4e4deec8393e70f8c6e7c766b8,"你好，我公司代开北京各行业发票，增值税发票等，保真。电话15600816275冯经理
",10088008800,1492251782000,1492251863000,116.46133423,39.89757156,18
e4806b4e4deec8393e70f8c6e7c766b8,"你好，我公司代开北京各行业发票，增值税发票等，保真。电话15600816275冯经理
",10088008800,1492251730000,1492251863000,116.45994568,39.89673233,18
e4806b4e4deec8393e70f8c6e7c766b8,"你好，我公司代开北京各行业发票，增值税发票等，保真。电话15600816275冯经理
",10088008800,1492251124000,1492251863000,116.46099091,39.89564514,18
38b18d9b772dbcbb0871571c379e52be,"你好，我公司长期代开各行业增值税发票，点底保真，验后付款，电话13241509916刘经理
",10621735194,1492250828000,1492250828000,116.49945831,39.91659546,18
38b18d9b772dbcbb0871571c379e52be,"你好，我公司长期代开各行业增值税发票，点底保真，验后付款，电话13241509916刘经理
",10621735194,1492249301000,1492250828000,116.49945831,39.91659546,18
38b18d9b772dbcbb0871571c379e52be,"你好，我公司长期代开各行业增值税发票，点底保真，验后付款，电话13241509916刘经理
",10621735194,1492249299000,1492250828000,116.49945831,39.91659546,18
35e8c850cd3c98a5a9f4717f6a2c7c70,"尊敬的客户；您的账户积分10000分即将到期，将于24小时后清零，请登录网址 wap.abcho.cc  兑换500元现金【农业银行】
",95599,1492251465000,1492251540000,116.50402832,39.92808533,18
35e8c850cd3c98a5a9f4717f6a2c7c70,"尊敬的客户；您的账户积分10000分即将到期，将于24小时后清零，请登录网址 wap.abcho.cc  兑换500元现金【农业银行】
",95599,1492251445000,1492251540000,116.50214386,39.9320755,18
35e8c850cd3c98a5a9f4717f6a2c7c70,"尊敬的客户；您的账户积分10000分即将到期，将于24小时后清零，请登录网址 wap.abcho.cc  兑换500元现金【农业银行】
",95599,1492251229000,1492251540000,116.50160217,39.93398285,18
35e8c850cd3c98a5a9f4717f6a2c7c70,"尊敬的客户；您的账户积分10000分即将到期，将于24小时后清零，请登录网址 wap.abcho.cc  兑换500元现金【农业银行】
",95599,1492240515000,1492251540000,116.50282288,39.93387222,18
08738faaa4cd312bbad30389ef79a6ed,"您好 我公司长期代开各项正规 增值税发票 可走账 点低 保真 可查验 打扰见谅
",13070115567,1492252692000,1492252764000,116.35654449,39.91052628,18
08738faaa4cd312bbad30389ef79a6ed,"您好 我公司长期代开各项正规 增值税发票 可走账 点低 保真 可查验 打扰见谅
",13070115567,1492252675000,1492252764000,116.35655212,39.90977478,18
08738faaa4cd312bbad30389ef79a6ed,"您好 我公司长期代开各项正规 增值税发票 可走账 点低 保真 可查验 打扰见谅
",13070115567,1492252625000,1492252764000,116.35654449,39.91052628,18
43e008038f6e850c553d60ca4ae9569f,"您好，我公司长期对外代开各行业正规机打发票，通用机打.普通增值税发票，点低保真，15600573058微信同号，杨经理。打扰海涵
",10695867568,1492251256000,1492252300000,116.63918304,39.92667007,18
43e008038f6e850c553d60ca4ae9569f,"您好，我公司长期对外代开各行业正规机打发票，通用机打.普通增值税发票，点低保真，15600573058微信同号，杨经理。打扰海涵
",10695867568,1492248917000,1492252300000,116.65814209,39.90181351,18
43e008038f6e850c553d60ca4ae9569f,"您好，我公司长期对外代开各行业正规机打发票，通用机打.普通增值税发票，点低保真，15600573058微信同号，杨经理。打扰海涵
",10695867568,1492248911000,1492252300000,116.65586853,39.90077591,18
43e008038f6e850c553d60ca4ae9569f,"您好，我公司长期对外代开各行业正规机打发票，通用机打.普通增值税发票，点低保真，15600573058微信同号，杨经理。打扰海涵
",10695867568,1492247009000,1492252300000,116.65694427,39.89914703,18
43e008038f6e850c553d60ca4ae9569f,"您好，我公司长期对外代开各行业正规机打发票，通用机打.普通增值税发票，点低保真，15600573058微信同号，杨经理。打扰海涵
",10695867568,1492237545000,1492252300000,116.63918304,39.92667007,18
45ee063a537a22f1a7d0be10cf527c16,"你好，本公司有北京各行业正规发票出售，价格最低，永久保真，验后付款，公对公走账，支票兑现，微信号baozhen688688。
",15321573682,1492252088000,1492252110000,116.45793915,39.88694,18
45ee063a537a22f1a7d0be10cf527c16,"你好，本公司有北京各行业正规发票出售，价格最低，永久保真，验后付款，公对公走账，支票兑现，微信号baozhen688688。
",15321573682,1492252056000,1492252110000,116.46498108,39.88411331,18
45ee063a537a22f1a7d0be10cf527c16,"你好，本公司有北京各行业正规发票出售，价格最低，永久保真，验后付款，公对公走账，支票兑现，微信号baozhen688688。
",15321573682,1492252040000,1492252110000,116.46417236,39.88441086,18
45ee063a537a22f1a7d0be10cf527c16,"你好，本公司有北京各行业正规发票出售，价格最低，永久保真，验后付款，公对公走账，支票兑现，微信号baozhen688688。
",15321573682,1492252022000,1492252110000,116.46578217,39.88336945,18
4eec17dcf2f571e382aa580cd4ac8bdf,"您好，本公司代开各行业正规发票，13126538869 张先生
",15488886666,1492251504000,1492251831000,116.46184540000002,39.94381714,18
4eec17dcf2f571e382aa580cd4ac8bdf,"您好，本公司代开各行业正规发票，13126538869 张先生
",15488886666,1492251461000,1492251831000,116.46199036,39.94099426,18
4eec17dcf2f571e382aa580cd4ac8bdf,"您好，本公司代开各行业正规发票，13126538869 张先生
",15488886666,1492251172000,1492251831000,116.46533203,39.94391632,18
4eec17dcf2f571e382aa580cd4ac8bdf,"您好，本公司代开各行业正规发票，13126538869 张先生
",15488886666,1492251031000,1492251831000,116.46780396,39.94365692,18
89c92f1e409e8ac72923575b1d14468f,"代开北京各行业增值税发票，普通增值税，税点低！保真，验后付款！13366769919李经理
",13366769919,1492252324000,1492252373000,116.46166229,39.92197037,18
89c92f1e409e8ac72923575b1d14468f,"代开北京各行业增值税发票，普通增值税，税点低！保真，验后付款！13366769919李经理
",13366769919,1492252042000,1492252373000,116.46140289,39.9200058,18
89c92f1e409e8ac72923575b1d14468f,"代开北京各行业增值税发票，普通增值税，税点低！保真，验后付款！13366769919李经理
",13366769919,1492251629000,1492252373000,116.46173096,39.91530609,18
89c92f1e409e8ac72923575b1d14468f,"代开北京各行业增值税发票，普通增值税，税点低！保真，验后付款！13366769919李经理
",13366769919,1492251617000,1492252373000,116.46173096,39.91530609,18
26b845481b03a0c8c7385a2981d93175,"你好，本公司常年对外代开各种发票，工程/广告/设计/医疗器械/设备租赁/酒店会议等，对公走账增值税票，刘华13071171172长期有效。
",13071171172,1492252976000,1492253636000,116.49523163,39.92945099,18
26b845481b03a0c8c7385a2981d93175,"你好，本公司常年对外代开各种发票，工程/广告/设计/医疗器械/设备租赁/酒店会议等，对公走账增值税票，刘华13071171172长期有效。
",13071171172,1492252761000,1492253636000,116.49523163,39.92945099,18
26b845481b03a0c8c7385a2981d93175,"你好，本公司常年对外代开各种发票，工程/广告/设计/医疗器械/设备租赁/酒店会议等，对公走账增值税票，刘华13071171172长期有效。
",13071171172,1492252342000,1492253636000,116.48471069,39.91906357,18
26b845481b03a0c8c7385a2981d93175,"你好，本公司常年对外代开各种发票，工程/广告/设计/医疗器械/设备租赁/酒店会议等，对公走账增值税票，刘华13071171172长期有效。
",13071171172,1492252180000,1492253636000,116.48471069,39.91906357,18
0de35b2eeda0cac93b23c8643f2d8798,"尊敬的客户：您的账户积分10000分即将到期，将于24小时后清零，请登录网址 wap.abcme.cc 兑换500元现金【农业银行】
",95599,1492250829000,1492252539000,116.45285797,39.90217209,18
0de35b2eeda0cac93b23c8643f2d8798,"尊敬的客户：您的账户积分10000分即将到期，将于24小时后清零，请登录网址 wap.abcme.cc 兑换500元现金【农业银行】
",95599,1492234050000,1492252539000,116.45285797,39.90217209,18
0de35b2eeda0cac93b23c8643f2d8798,"尊敬的客户：您的账户积分10000分即将到期，将于24小时后清零，请登录网址 wap.abcme.cc 兑换500元现金【农业银行】
",95599,1492233663000,1492252539000,116.45279694,39.90109253,18
0de35b2eeda0cac93b23c8643f2d8798,"尊敬的客户：您的账户积分10000分即将到期，将于24小时后清零，请登录网址 wap.abcme.cc 兑换500元现金【农业银行】
",95599,1492233553000,1492252539000,116.45257568,39.90045547,18
0de35b2eeda0cac93b23c8643f2d8798,"尊敬的客户：您的账户积分10000分即将到期，将于24小时后清零，请登录网址 wap.abcme.cc 兑换500元现金【农业银行】
",95599,1492250829000,1492252539000,116.45285797,39.90217209,18
0de35b2eeda0cac93b23c8643f2d8798,"尊敬的客户：您的账户积分10000分即将到期，将于24小时后清零，请登录网址 wap.abcme.cc 兑换500元现金【农业银行】
",95599,1492234050000,1492252539000,116.45285797,39.90217209,18
0de35b2eeda0cac93b23c8643f2d8798,"尊敬的客户：您的账户积分10000分即将到期，将于24小时后清零，请登录网址 wap.abcme.cc 兑换500元现金【农业银行】
",95599,1492233663000,1492252539000,116.45279694,39.90109253,18
0de35b2eeda0cac93b23c8643f2d8798,"尊敬的客户：您的账户积分10000分即将到期，将于24小时后清零，请登录网址 wap.abcme.cc 兑换500元现金【农业银行】
",95599,1492233553000,1492252539000,116.45257568,39.90045547,18
4eec17dcf2f571e382aa580cd4ac8bdf,"您好，本公司代开各行业正规发票，13126538869 张先生
",15488886666,1492253697000,1492253962000,116.38014221,39.96818542,18
4eec17dcf2f571e382aa580cd4ac8bdf,"您好，本公司代开各行业正规发票，13126538869 张先生
",15488886666,1492253612000,1492253962000,116.37596129999999,39.96956253,18
4eec17dcf2f571e382aa580cd4ac8bdf,"您好，本公司代开各行业正规发票，13126538869 张先生
",15488886666,1492253580000,1492253962000,116.36074066,39.96776962,18
4eec17dcf2f571e382aa580cd4ac8bdf,"您好，本公司代开各行业正规发票，13126538869 张先生
",15488886666,1492253570000,1492253962000,116.37126923,39.96796036,18
4eec17dcf2f571e382aa580cd4ac8bdf,"您好，本公司代开各行业正规发票，13126538869 张先生
",15488886666,1492252489000,1492253962000,116.32056427,39.96843338,18
f5bac42e1a087850be276535b28cbd21,"您好，本公司代开各行业正规发票保真，电话13366786831微信号13716216700
",10653692588,1492252599000,1492252599000,116.26913452,40.12299347,18
f5bac42e1a087850be276535b28cbd21,"您好，本公司代开各行业正规发票保真，电话13366786831微信号13716216700
",10653692588,1492247360000,1492252599000,116.36520386,39.83116913,18
f5bac42e1a087850be276535b28cbd21,"您好，本公司代开各行业正规发票保真，电话13366786831微信号13716216700
",10653692588,1492246874000,1492252599000,116.36541748,39.81948471,18
f5bac42e1a087850be276535b28cbd21,"您好，本公司代开各行业正规发票保真，电话13366786831微信号13716216700
",10653692588,1492246144000,1492252599000,116.36296844,39.77212143,18
f5bac42e1a087850be276535b28cbd21,"您好，本公司代开各行业正规发票保真，电话13366786831微信号13716216700
",10653692588,1492246141000,1492252599000,116.36296844,39.77212143,18
f0eeffc87ec57ba0212b3c71ccbb512e,"尊敬的客户:您的账户积分10000分即将到期，将于24小时后清零，请登录网址 wap.abcxo.pw 兑换500元现金【农业银行】
",95599,1492252037000,1492252060000,116.37820435,40.00174713,18
f0eeffc87ec57ba0212b3c71ccbb512e,"尊敬的客户:您的账户积分10000分即将到期，将于24小时后清零，请登录网址 wap.abcxo.pw 兑换500元现金【农业银行】
",95599,1492249531000,1492252060000,116.38053894,40.00012207,18
f0eeffc87ec57ba0212b3c71ccbb512e,"尊敬的客户:您的账户积分10000分即将到期，将于24小时后清零，请登录网址 wap.abcxo.pw 兑换500元现金【农业银行】
",95599,1492246502000,1492252060000,116.38046265,39.99958038,18
f0eeffc87ec57ba0212b3c71ccbb512e,"尊敬的客户:您的账户积分10000分即将到期，将于24小时后清零，请登录网址 wap.abcxo.pw 兑换500元现金【农业银行】
",95599,1492246416000,1492252060000,116.38053894,40.00012207,18
f0eeffc87ec57ba0212b3c71ccbb512e,"尊敬的客户:您的账户积分10000分即将到期，将于24小时后清零，请登录网址 wap.abcxo.pw 兑换500元现金【农业银行】
",95599,1492246076000,1492252060000,116.38046265,39.99958038,18
0de35b2eeda0cac93b23c8643f2d8798,"尊敬的客户：您的账户积分10000分即将到期，将于24小时后清零，请登录网址 wap.abcme.cc 兑换500元现金【农业银行】
",95599,1492251201000,1492251274000,116.45516205,39.86745071,18
0de35b2eeda0cac93b23c8643f2d8798,"尊敬的客户：您的账户积分10000分即将到期，将于24小时后清零，请登录网址 wap.abcme.cc 兑换500元现金【农业银行】
",95599,1492251155000,1492251274000,116.45988464,39.86700439,18
0de35b2eeda0cac93b23c8643f2d8798,"尊敬的客户：您的账户积分10000分即将到期，将于24小时后清零，请登录网址 wap.abcme.cc 兑换500元现金【农业银行】
",95599,1492251089000,1492251274000,116.45516205,39.86745071,18
4eec17dcf2f571e382aa580cd4ac8bdf,"您好，本公司代开各行业正规发票，13126538869 张先生
",15488886666,1492250968000,1492251457000,116.46166229,39.9303627,18
4eec17dcf2f571e382aa580cd4ac8bdf,"您好，本公司代开各行业正规发票，13126538869 张先生
",15488886666,1492248270000,1492251229000,116.46154022,39.92174911,18
4eec17dcf2f571e382aa580cd4ac8bdf,"您好，本公司代开各行业正规发票，13126538869 张先生
",15488886666,1492248258000,1492251229000,116.46160126,39.920967100000006,18
4eec17dcf2f571e382aa580cd4ac8bdf,"您好，本公司代开各行业正规发票，13126538869 张先生
",15488886666,1492248235000,1492251229000,116.46230316,39.92274094,18
4eec17dcf2f571e382aa580cd4ac8bdf,"您好，本公司代开各行业正规发票，13126538869 张先生
",15488886666,1492248223000,1492251229000,116.46160126,39.920967100000006,18
35e8c850cd3c98a5a9f4717f6a2c7c70,"尊敬的客户；您的账户积分10000分即将到期，将于24小时后清零，请登录网址 wap.abcho.cc  兑换500元现金【农业银行】
",95599,1492251986000,1492252001000,116.50180817,39.92593002,18
35e8c850cd3c98a5a9f4717f6a2c7c70,"尊敬的客户；您的账户积分10000分即将到期，将于24小时后清零，请登录网址 wap.abcho.cc  兑换500元现金【农业银行】
",95599,1492251895000,1492252001000,116.50187683,39.92600632,18
35e8c850cd3c98a5a9f4717f6a2c7c70,"尊敬的客户；您的账户积分10000分即将到期，将于24小时后清零，请登录网址 wap.abcho.cc  兑换500元现金【农业银行】
",95599,1492251867000,1492252001000,116.50180817,39.92593002,18
c4e68c5fe1db690818673713b1154577,"你好，本公司代开北京各行业正规机打发票，点低，保真，用后付款，司网上查询，王经理，13366938365
",13366938365,1492246359000,1492252152000,116.40955353,40.06094742,18
c4e68c5fe1db690818673713b1154577,"你好，本公司代开北京各行业正规机打发票，点低，保真，用后付款，司网上查询，王经理，13366938365
",13366938365,1492246356000,1492252152000,116.41254425,40.06031799,18
c4e68c5fe1db690818673713b1154577,"你好，本公司代开北京各行业正规机打发票，点低，保真，用后付款，司网上查询，王经理，13366938365
",13366938365,1492246293000,1492252152000,116.40905762,40.06355286,18
35e8c850cd3c98a5a9f4717f6a2c7c70,"尊敬的客户；您的账户积分10000分即将到期，将于24小时后清零，请登录网址 wap.abcho.cc  兑换500元现金【农业银行】
",95599,1492252306000,1492252320000,116.48891449,39.92701721,18
35e8c850cd3c98a5a9f4717f6a2c7c70,"尊敬的客户；您的账户积分10000分即将到期，将于24小时后清零，请登录网址 wap.abcho.cc  兑换500元现金【农业银行】
",95599,1492252272000,1492252320000,116.49621582,39.92300034,18
35e8c850cd3c98a5a9f4717f6a2c7c70,"尊敬的客户；您的账户积分10000分即将到期，将于24小时后清零，请登录网址 wap.abcho.cc  兑换500元现金【农业银行】
",95599,1492252209000,1492252320000,116.49456787,39.92294693,18
35e8c850cd3c98a5a9f4717f6a2c7c70,"尊敬的客户；您的账户积分10000分即将到期，将于24小时后清零，请登录网址 wap.abcho.cc  兑换500元现金【农业银行】
",95599,1492252202000,1492252320000,116.49002838,39.92300415,18
43609d74f0f3678a03528bbea46a72e4,"您好 ！本公司可开增税发票，工程款，材料款，广告，科技，服务，房屋，机械租赁等以及支票兑现 电话 13051169789 张婷
",13051169789,1492250871000,1492250936000,116.56479645,39.9237442,18
43609d74f0f3678a03528bbea46a72e4,"您好 ！本公司可开增税发票，工程款，材料款，广告，科技，服务，房屋，机械租赁等以及支票兑现 电话 13051169789 张婷
",13051169789,1492250658000,1492250936000,116.51882935,39.92339706,18
43609d74f0f3678a03528bbea46a72e4,"您好 ！本公司可开增税发票，工程款，材料款，广告，科技，服务，房屋，机械租赁等以及支票兑现 电话 13051169789 张婷
",13051169789,1492250004000,1492250936000,116.45989227,39.92352676,18
43609d74f0f3678a03528bbea46a72e4,"您好 ！本公司可开增税发票，工程款，材料款，广告，科技，服务，房屋，机械租赁等以及支票兑现 电话 13051169789 张婷
",13051169789,1492249156000,1492250936000,116.41556549,39.92466354,18
43609d74f0f3678a03528bbea46a72e4,"您好 ！本公司可开增税发票，工程款，材料款，广告，科技，服务，房屋，机械租赁等以及支票兑现 电话 13051169789 张婷
",13051169789,1492248951000,1492250936000,116.41801453,39.92467499,18
3631de8e3487c88c87217aa114084e25,"您好：我公司代开北京及全国各行业增值税发票，点低保真，验后付款，请致电：18034467990赵经理QQ76254908打扰见谅。
",18034467990,1492252075000,1492253659000,116.57076263,39.92072678,18
3631de8e3487c88c87217aa114084e25,"您好：我公司代开北京及全国各行业增值税发票，点低保真，验后付款，请致电：18034467990赵经理QQ76254908打扰见谅。
",18034467990,1492252050000,1492253659000,116.57811737,39.91923141,18
3631de8e3487c88c87217aa114084e25,"您好：我公司代开北京及全国各行业增值税发票，点低保真，验后付款，请致电：18034467990赵经理QQ76254908打扰见谅。
",18034467990,1492252019000,1492253659000,116.57003784,39.91568756,18
3631de8e3487c88c87217aa114084e25,"您好：我公司代开北京及全国各行业增值税发票，点低保真，验后付款，请致电：18034467990赵经理QQ76254908打扰见谅。
",18034467990,1492251991000,1492253659000,116.56472015,39.92357635,18
3631de8e3487c88c87217aa114084e25,"您好：我公司代开北京及全国各行业增值税发票，点低保真，验后付款，请致电：18034467990赵经理QQ76254908打扰见谅。
",18034467990,1492251806000,1492253659000,116.56459808,39.92223358,18
0de35b2eeda0cac93b23c8643f2d8798,"尊敬的客户：您的账户积分10000分即将到期，将于24小时后清零，请登录网址 wap.abcme.cc 兑换500元现金【农业银行】
",95599,1492250439000,1492250439000,116.43867493,39.86636353,18
0de35b2eeda0cac93b23c8643f2d8798,"尊敬的客户：您的账户积分10000分即将到期，将于24小时后清零，请登录网址 wap.abcme.cc 兑换500元现金【农业银行】
",95599,1492245726000,1492250439000,116.33873749,39.74320221,18
0de35b2eeda0cac93b23c8643f2d8798,"尊敬的客户：您的账户积分10000分即将到期，将于24小时后清零，请登录网址 wap.abcme.cc 兑换500元现金【农业银行】
",95599,1492245255000,1492250439000,116.34184265,39.74381638,18
0de35b2eeda0cac93b23c8643f2d8798,"尊敬的客户：您的账户积分10000分即将到期，将于24小时后清零，请登录网址 wap.abcme.cc 兑换500元现金【农业银行】
",95599,1492245153000,1492250439000,116.33873749,39.74320221,18
0de35b2eeda0cac93b23c8643f2d8798,"尊敬的客户：您的账户积分10000分即将到期，将于24小时后清零，请登录网址 wap.abcme.cc 兑换500元现金【农业银行】
",95599,1492238770000,1492250439000,116.34182739,39.74328613,18
0de35b2eeda0cac93b23c8643f2d8798,"尊敬的客户：您的账户积分10000分即将到期，将于24小时后清零，请登录网址 wap.abcme.cc 兑换500元现金【农业银行】
",95599,1492250439000,1492250439000,116.43867493,39.86636353,18
0de35b2eeda0cac93b23c8643f2d8798,"尊敬的客户：您的账户积分10000分即将到期，将于24小时后清零，请登录网址 wap.abcme.cc 兑换500元现金【农业银行】
",95599,1492245726000,1492250439000,116.33873749,39.74320221,18
0de35b2eeda0cac93b23c8643f2d8798,"尊敬的客户：您的账户积分10000分即将到期，将于24小时后清零，请登录网址 wap.abcme.cc 兑换500元现金【农业银行】
",95599,1492245255000,1492250439000,116.34184265,39.74381638,18
0de35b2eeda0cac93b23c8643f2d8798,"尊敬的客户：您的账户积分10000分即将到期，将于24小时后清零，请登录网址 wap.abcme.cc 兑换500元现金【农业银行】
",95599,1492245153000,1492250439000,116.33873749,39.74320221,18
0de35b2eeda0cac93b23c8643f2d8798,"尊敬的客户：您的账户积分10000分即将到期，将于24小时后清零，请登录网址 wap.abcme.cc 兑换500元现金【农业银行】
",95599,1492238770000,1492250439000,116.34182739,39.74328613,18
51401aa04906a05db6d4963cf2e437d6,"你好、本公司有正规、国税、增值抵扣、保真、需要请联系.15652932345胡涛
",10656983211,1492251274000,1492251297000,116.49040985,39.90454102,18
51401aa04906a05db6d4963cf2e437d6,"你好、本公司有正规、国税、增值抵扣、保真、需要请联系.15652932345胡涛
",10656983211,1492251215000,1492251297000,116.48979950000002,39.90306473,18
51401aa04906a05db6d4963cf2e437d6,"你好、本公司有正规、国税、增值抵扣、保真、需要请联系.15652932345胡涛
",10656983211,1492251160000,1492251297000,116.49211884,39.90085983,18
51401aa04906a05db6d4963cf2e437d6,"你好、本公司有正规、国税、增值抵扣、保真、需要请联系.15652932345胡涛
",10656983211,1492251097000,1492251297000,116.48621368,39.89946365,18
61d6af92c1083dc846279f69a0ca0377,"恭喜发财，本公司代开北京市各个行业正规机打发票，点低保真，可上网查询，如有需要来电13126629449李，切勿删除此短信，以备急用
",13126629449,1492249218000,1492251713000,116.63942719,39.92282486,18
61d6af92c1083dc846279f69a0ca0377,"恭喜发财，本公司代开北京市各个行业正规机打发票，点低保真，可上网查询，如有需要来电13126629449李，切勿删除此短信，以备急用
",13126629449,1492246861000,1492251713000,116.62998199,39.90647507,18
61d6af92c1083dc846279f69a0ca0377,"恭喜发财，本公司代开北京市各个行业正规机打发票，点低保真，可上网查询，如有需要来电13126629449李，切勿删除此短信，以备急用
",13126629449,1492220655000,1492251713000,116.62719727,39.90551758,18
95e98932883043465b01136c5a168b52,"尊敬的客户:您的账户积分10000分即将到期，将于24小时后清零，请登录网址 wap.abcna.pw 兑换500元现金【农业银行】
",95599,1492249910000,1492251290000,116.40055847,39.85166168,18
95e98932883043465b01136c5a168b52,"尊敬的客户:您的账户积分10000分即将到期，将于24小时后清零，请登录网址 wap.abcna.pw 兑换500元现金【农业银行】
",95599,1492249907000,1492251290000,116.40055847,39.85166168,18
95e98932883043465b01136c5a168b52,"尊敬的客户:您的账户积分10000分即将到期，将于24小时后清零，请登录网址 wap.abcna.pw 兑换500元现金【农业银行】
",95599,1492249906000,1492251290000,116.42088318,39.8829422,18
95e98932883043465b01136c5a168b52,"尊敬的客户:您的账户积分10000分即将到期，将于24小时后清零，请登录网址 wap.abcna.pw 兑换500元现金【农业银行】
",95599,1492249902000,1492251290000,116.42088318,39.8829422,18
f0eeffc87ec57ba0212b3c71ccbb512e,"尊敬的客户:您的账户积分10000分即将到期，将于24小时后清零，请登录网址 wap.abcxo.pw 兑换500元现金【农业银行】
",95599,1492250968000,1492250968000,116.35255432,40.004074100000004,18
f0eeffc87ec57ba0212b3c71ccbb512e,"尊敬的客户:您的账户积分10000分即将到期，将于24小时后清零，请登录网址 wap.abcxo.pw 兑换500元现金【农业银行】
",95599,1492250296000,1492250968000,116.35241699,40.00392151,18
f0eeffc87ec57ba0212b3c71ccbb512e,"尊敬的客户:您的账户积分10000分即将到期，将于24小时后清零，请登录网址 wap.abcxo.pw 兑换500元现金【农业银行】
",95599,1492250273000,1492250968000,116.35253143,40.00730515,18
f0eeffc87ec57ba0212b3c71ccbb512e,"尊敬的客户:您的账户积分10000分即将到期，将于24小时后清零，请登录网址 wap.abcxo.pw 兑换500元现金【农业银行】
",95599,1492250257000,1492250968000,116.35260773,40.00441742,18
bd50798d432f4c83a4da07e16122871e,"你好，本公司专业代开北京、外地通用机打发票、普通增值税发票，税点底，绝对保真！可验后付款！17316012160微信fc1818618
",106987546464848,1492251352000,1492251528000,116.35469055,40.08098221,18
bd50798d432f4c83a4da07e16122871e,"你好，本公司专业代开北京、外地通用机打发票、普通增值税发票，税点底，绝对保真！可验后付款！17316012160微信fc1818618
",106987546464848,1492250798000,1492251528000,116.35800934,40.08296204,18
bd50798d432f4c83a4da07e16122871e,"你好，本公司专业代开北京、外地通用机打发票、普通增值税发票，税点底，绝对保真！可验后付款！17316012160微信fc1818618
",106987546464848,1492250762000,1492251528000,116.35469055,40.08098221,18
bd50798d432f4c83a4da07e16122871e,"你好，本公司专业代开北京、外地通用机打发票、普通增值税发票，税点底，绝对保真！可验后付款！17316012160微信fc1818618
",106987546464848,1492250723000,1492251528000,116.35379028,40.07897949,18
bd50798d432f4c83a4da07e16122871e,"你好，本公司专业代开北京、外地通用机打发票、普通增值税发票，税点底，绝对保真！可验后付款！17316012160微信fc1818618
",106987546464848,1492250719000,1492251528000,116.35379028,40.07897949,18
0de35b2eeda0cac93b23c8643f2d8798,"尊敬的客户：您的账户积分10000分即将到期，将于24小时后清零，请登录网址 wap.abcme.cc 兑换500元现金【农业银行】
",95599,1492250521000,1492253557000,116.46788025,39.88869858,18
0de35b2eeda0cac93b23c8643f2d8798,"尊敬的客户：您的账户积分10000分即将到期，将于24小时后清零，请登录网址 wap.abcme.cc 兑换500元现金【农业银行】
",95599,1492250130000,1492253557000,116.46924591,39.888729100000006,18
0de35b2eeda0cac93b23c8643f2d8798,"尊敬的客户：您的账户积分10000分即将到期，将于24小时后清零，请登录网址 wap.abcme.cc 兑换500元现金【农业银行】
",95599,1492250047000,1492253557000,116.46788025,39.88869858,18
0de35b2eeda0cac93b23c8643f2d8798,"尊敬的客户：您的账户积分10000分即将到期，将于24小时后清零，请登录网址 wap.abcme.cc 兑换500元现金【农业银行】
",95599,1492249927000,1492253557000,116.46924591,39.888729100000006,18
5b326691fd3a9cdc521c72a9c37f7cd3,"你好我公司有各行业正规发票电话13718856897
",13800138000,1492250630000,1492251227000,116.46453094,40.10162354,18
5b326691fd3a9cdc521c72a9c37f7cd3,"你好我公司有各行业正规发票电话13718856897
",13800138000,1492250610000,1492251227000,116.46774292,40.10704422,18
5b326691fd3a9cdc521c72a9c37f7cd3,"你好我公司有各行业正规发票电话13718856897
",13800138000,1492250630000,1492251266000,116.46453094,40.10162354,18
95e98932883043465b01136c5a168b52,"尊敬的客户:您的账户积分10000分即将到期，将于24小时后清零，请登录网址 wap.abcna.pw 兑换500元现金【农业银行】
",95599,1492253767000,1492253767000,116.42760468,39.89591599,18
95e98932883043465b01136c5a168b52,"尊敬的客户:您的账户积分10000分即将到期，将于24小时后清零，请登录网址 wap.abcna.pw 兑换500元现金【农业银行】
",95599,1492250013000,1492253767000,116.42760468,39.89591599,18
95e98932883043465b01136c5a168b52,"尊敬的客户:您的账户积分10000分即将到期，将于24小时后清零，请登录网址 wap.abcna.pw 兑换500元现金【农业银行】
",95599,1492249998000,1492253767000,116.42778778,39.894207,18
95e98932883043465b01136c5a168b52,"尊敬的客户:您的账户积分10000分即将到期，将于24小时后清零，请登录网址 wap.abcna.pw 兑换500元现金【农业银行】
",95599,1492243263000,1492253767000,116.42536926,39.89547348,18
95e98932883043465b01136c5a168b52,"尊敬的客户:您的账户积分10000分即将到期，将于24小时后清零，请登录网址 wap.abcna.pw 兑换500元现金【农业银行】
",95599,1492243241000,1492253767000,116.42760468,39.89591599,18
83c1f578437b0a9076d08cbe97f253e6,"尊敬的用户：您的工行账户因未分类核实个人信息已被冻结，请登录 http://95588.j-1r.pw 按提示核实解冻！【工 商 银 行】
",95588,1492225622000,1492253906000,116.41921997,39.90094376,18
83c1f578437b0a9076d08cbe97f253e6,"尊敬的用户：您的工行账户因未分类核实个人信息已被冻结，请登录 http://95588.j-1r.pw 按提示核实解冻！【工 商 银 行】
",95588,1492225620000,1492253906000,116.4201355,39.8976593,18
83c1f578437b0a9076d08cbe97f253e6,"尊敬的用户：您的工行账户因未分类核实个人信息已被冻结，请登录 http://95588.j-1r.pw 按提示核实解冻！【工 商 银 行】
",95588,1492225485000,1492253906000,116.4185791,39.900463099999996,18
83c1f578437b0a9076d08cbe97f253e6,"尊敬的用户：您的工行账户因未分类核实个人信息已被冻结，请登录 http://95588.j-1r.pw 按提示核实解冻！【工 商 银 行】
",95588,1492219510000,1492253906000,116.41921997,39.90094376,18
83c1f578437b0a9076d08cbe97f253e6,"尊敬的用户：您的工行账户因未分类核实个人信息已被冻结，请登录 http://95588.j-1r.pw 按提示核实解冻！【工 商 银 行】
",95588,1492225622000,1492253906000,116.41921997,39.90094376,18
83c1f578437b0a9076d08cbe97f253e6,"尊敬的用户：您的工行账户因未分类核实个人信息已被冻结，请登录 http://95588.j-1r.pw 按提示核实解冻！【工 商 银 行】
",95588,1492225620000,1492253906000,116.4201355,39.8976593,18
83c1f578437b0a9076d08cbe97f253e6,"尊敬的用户：您的工行账户因未分类核实个人信息已被冻结，请登录 http://95588.j-1r.pw 按提示核实解冻！【工 商 银 行】
",95588,1492225485000,1492253906000,116.4185791,39.900463099999996,18
83c1f578437b0a9076d08cbe97f253e6,"尊敬的用户：您的工行账户因未分类核实个人信息已被冻结，请登录 http://95588.j-1r.pw 按提示核实解冻！【工 商 银 行】
",95588,1492219510000,1492253906000,116.41921997,39.90094376,18
0de35b2eeda0cac93b23c8643f2d8798,"尊敬的客户：您的账户积分10000分即将到期，将于24小时后清零，请登录网址 wap.abcme.cc 兑换500元现金【农业银行】
",95599,1492248504000,1492252592000,116.45643616,39.87540436,18
0de35b2eeda0cac93b23c8643f2d8798,"尊敬的客户：您的账户积分10000分即将到期，将于24小时后清零，请登录网址 wap.abcme.cc 兑换500元现金【农业银行】
",95599,1492248500000,1492252592000,116.45617676,39.87606812,18
0de35b2eeda0cac93b23c8643f2d8798,"尊敬的客户：您的账户积分10000分即将到期，将于24小时后清零，请登录网址 wap.abcme.cc 兑换500元现金【农业银行】
",95599,1492247884000,1492252592000,116.45617676,39.87606812,18
0de35b2eeda0cac93b23c8643f2d8798,"尊敬的客户：您的账户积分10000分即将到期，将于24小时后清零，请登录网址 wap.abcme.cc 兑换500元现金【农业银行】
",95599,1492247852000,1492252592000,116.45201111,39.87589645,18
95e98932883043465b01136c5a168b52,"尊敬的客户:您的账户积分10000分即将到期，将于24小时后清零，请登录网址 wap.abcna.pw 兑换500元现金【农业银行】
",95599,1492252103000,1492252107000,116.41616821,39.90502167,18
95e98932883043465b01136c5a168b52,"尊敬的客户:您的账户积分10000分即将到期，将于24小时后清零，请登录网址 wap.abcna.pw 兑换500元现金【农业银行】
",95599,1492252095000,1492252107000,116.41669464,39.89866638,18
95e98932883043465b01136c5a168b52,"尊敬的客户:您的账户积分10000分即将到期，将于24小时后清零，请登录网址 wap.abcna.pw 兑换500元现金【农业银行】
",95599,1492252077000,1492252107000,116.41645813,39.89779282,18
95e98932883043465b01136c5a168b52,"尊敬的客户:您的账户积分10000分即将到期，将于24小时后清零，请登录网址 wap.abcna.pw 兑换500元现金【农业银行】
",95599,1492252070000,1492252107000,116.41664886,39.89584351,18
4eec17dcf2f571e382aa580cd4ac8bdf,"您好，本公司代开各行业正规发票，13126538869 张先生
",15488886666,1492251827000,1492251876000,116.46169281,39.94292831,18
4eec17dcf2f571e382aa580cd4ac8bdf,"您好，本公司代开各行业正规发票，13126538869 张先生
",15488886666,1492251503000,1492251876000,116.46184540000002,39.94381714,18
4eec17dcf2f571e382aa580cd4ac8bdf,"您好，本公司代开各行业正规发票，13126538869 张先生
",15488886666,1492251481000,1492251876000,116.46175385,39.93987656,18
4eec17dcf2f571e382aa580cd4ac8bdf,"您好，本公司代开各行业正规发票，13126538869 张先生
",15488886666,1492251467000,1492251876000,116.46163940000001,39.93875504,18
0de35b2eeda0cac93b23c8643f2d8798,"尊敬的客户：您的账户积分10000分即将到期，将于24小时后清零，请登录网址 wap.abcme.cc 兑换500元现金【农业银行】
",95599,1492252542000,1492252633000,116.46766663,39.88168335,18
0de35b2eeda0cac93b23c8643f2d8798,"尊敬的客户：您的账户积分10000分即将到期，将于24小时后清零，请登录网址 wap.abcme.cc 兑换500元现金【农业银行】
",95599,1492250762000,1492252633000,116.46498108,39.88411331,18
0de35b2eeda0cac93b23c8643f2d8798,"尊敬的客户：您的账户积分10000分即将到期，将于24小时后清零，请登录网址 wap.abcme.cc 兑换500元现金【农业银行】
",95599,1492250722000,1492252633000,116.46498108,39.88411331,18
95e98932883043465b01136c5a168b52,"尊敬的客户:您的账户积分10000分即将到期，将于24小时后清零，请登录网址 wap.abcna.pw 兑换500元现金【农业银行】
",95599,1492244112000,1492253114000,116.42523956,39.89770126,18
95e98932883043465b01136c5a168b52,"尊敬的客户:您的账户积分10000分即将到期，将于24小时后清零，请登录网址 wap.abcna.pw 兑换500元现金【农业银行】
",95599,1492238859000,1492253114000,116.42650604,39.89736557,18
95e98932883043465b01136c5a168b52,"尊敬的客户:您的账户积分10000分即将到期，将于24小时后清零，请登录网址 wap.abcna.pw 兑换500元现金【农业银行】
",95599,1492235321000,1492253114000,116.42523956,39.89770126,18
95e98932883043465b01136c5a168b52,"尊敬的客户:您的账户积分10000分即将到期，将于24小时后清零，请登录网址 wap.abcna.pw 兑换500元现金【农业银行】
",95599,1492230564000,1492253114000,116.42711639,39.89730835,18
89c92f1e409e8ac72923575b1d14468f,"代开北京各行业增值税发票，普通增值税，税点低！保真，验后付款！13366769919李经理
",13366769919,1492238422000,1492252425000,116.46180725,39.92205811,18
89c92f1e409e8ac72923575b1d14468f,"代开北京各行业增值税发票，普通增值税，税点低！保真，验后付款！13366769919李经理
",13366769919,1492235268000,1492252425000,116.46064758,39.92043304,18
89c92f1e409e8ac72923575b1d14468f,"代开北京各行业增值税发票，普通增值税，税点低！保真，验后付款！13366769919李经理
",13366769919,1492232765000,1492252425000,116.45973206,39.9238739,18
89c92f1e409e8ac72923575b1d14468f,"代开北京各行业增值税发票，普通增值税，税点低！保真，验后付款！13366769919李经理
",13366769919,1492226040000,1492252425000,116.46180725,39.92205811,18
89c92f1e409e8ac72923575b1d14468f,"代开北京各行业增值税发票，普通增值税，税点低！保真，验后付款！13366769919李经理
",13366769919,1492222762000,1492252425000,116.46064758,39.92043304,18
83c1f578437b0a9076d08cbe97f253e6,"尊敬的用户：您的工行账户因未分类核实个人信息已被冻结，请登录 http://95588.j-1r.pw 按提示核实解冻！【工 商 银 行】
",95588,1492248047000,1492250854000,116.41853333,39.88643646,18
83c1f578437b0a9076d08cbe97f253e6,"尊敬的用户：您的工行账户因未分类核实个人信息已被冻结，请登录 http://95588.j-1r.pw 按提示核实解冻！【工 商 银 行】
",95588,1492247984000,1492250854000,116.41926575,39.88746262,18
83c1f578437b0a9076d08cbe97f253e6,"尊敬的用户：您的工行账户因未分类核实个人信息已被冻结，请登录 http://95588.j-1r.pw 按提示核实解冻！【工 商 银 行】
",95588,1492247801000,1492250854000,116.41853333,39.88643646,18
83c1f578437b0a9076d08cbe97f253e6,"尊敬的用户：您的工行账户因未分类核实个人信息已被冻结，请登录 http://95588.j-1r.pw 按提示核实解冻！【工 商 银 行】
",95588,1492247757000,1492250854000,116.42015839,39.88598251,18
83c1f578437b0a9076d08cbe97f253e6,"尊敬的用户：您的工行账户因未分类核实个人信息已被冻结，请登录 http://95588.j-1r.pw 按提示核实解冻！【工 商 银 行】
",95588,1492247556000,1492250854000,116.41853333,39.88643646,18
4eec17dcf2f571e382aa580cd4ac8bdf,"您好，本公司代开各行业正规发票，13126538869 张先生
",15488886666,1492253734000,1492253754000,116.40375519,39.96896362,18
4eec17dcf2f571e382aa580cd4ac8bdf,"您好，本公司代开各行业正规发票，13126538869 张先生
",15488886666,1492253719000,1492253754000,116.40168762,39.96870041,18
4eec17dcf2f571e382aa580cd4ac8bdf,"您好，本公司代开各行业正规发票，13126538869 张先生
",15488886666,1492253715000,1492253754000,116.40168762,39.96870041,18
83c1f578437b0a9076d08cbe97f253e6,"尊敬的用户：您的工行账户因未分类核实个人信息已被冻结，请登录 http://95588.j-1r.pw 按提示核实解冻！【工 商 银 行】
",95588,1492253288000,1492253371000,116.41091919,39.92196655,18
83c1f578437b0a9076d08cbe97f253e6,"尊敬的用户：您的工行账户因未分类核实个人信息已被冻结，请登录 http://95588.j-1r.pw 按提示核实解冻！【工 商 银 行】
",95588,1492253119000,1492253371000,116.41091919,39.92196655,18
83c1f578437b0a9076d08cbe97f253e6,"尊敬的用户：您的工行账户因未分类核实个人信息已被冻结，请登录 http://95588.j-1r.pw 按提示核实解冻！【工 商 银 行】
",95588,1492253080000,1492253371000,116.41091919,39.92196655,18
83c1f578437b0a9076d08cbe97f253e6,"尊敬的用户：您的工行账户因未分类核实个人信息已被冻结，请登录 http://95588.j-1r.pw 按提示核实解冻！【工 商 银 行】
",95588,1492253073000,1492253371000,116.41417694,39.91879654,18
1d715bc8acd20852fc6322fed1e1781b,"你好，本公司代开各行业发票，可网上查验验后付款，电话:13366673923。
",18611288,1492251719000,1492252808000,116.56479645,39.9237442,18
1d715bc8acd20852fc6322fed1e1781b,"你好，本公司代开各行业发票，可网上查验验后付款，电话:13366673923。
",18611288,1492250884000,1492252808000,116.57044983,39.91557693,18
1d715bc8acd20852fc6322fed1e1781b,"你好，本公司代开各行业发票，可网上查验验后付款，电话:13366673923。
",18611288,1492249789000,1492252808000,116.57076263,39.92072678,18
1d715bc8acd20852fc6322fed1e1781b,"你好，本公司代开各行业发票，可网上查验验后付款，电话:13366673923。
",18611288,1492242955000,1492252808000,116.57044983,39.91557693,18
1d715bc8acd20852fc6322fed1e1781b,"你好，本公司代开各行业发票，可网上查验验后付款，电话:13366673923。
",18611288,1492242952000,1492252808000,116.57076263,39.92072678,18
de8c53612b88b864ebdf9908fd637fb5,"你好，本公司代开工程材料，科技办公，会议咨询，各行业机打发票可网上查验，验后付款，电话:13371636160:刘经理。
",18666682,1492251719000,1492252812000,116.56479645,39.9237442,18
de8c53612b88b864ebdf9908fd637fb5,"你好，本公司代开工程材料，科技办公，会议咨询，各行业机打发票可网上查验，验后付款，电话:13371636160:刘经理。
",18666682,1492250884000,1492252812000,116.57044983,39.91557693,18
de8c53612b88b864ebdf9908fd637fb5,"你好，本公司代开工程材料，科技办公，会议咨询，各行业机打发票可网上查验，验后付款，电话:13371636160:刘经理。
",18666682,1492249789000,1492252812000,116.57076263,39.92072678,18
de8c53612b88b864ebdf9908fd637fb5,"你好，本公司代开工程材料，科技办公，会议咨询，各行业机打发票可网上查验，验后付款，电话:13371636160:刘经理。
",18666682,1492242955000,1492252812000,116.57044983,39.91557693,18
de8c53612b88b864ebdf9908fd637fb5,"你好，本公司代开工程材料，科技办公，会议咨询，各行业机打发票可网上查验，验后付款，电话:13371636160:刘经理。
",18666682,1492242952000,1492252812000,116.57076263,39.92072678,18
83c1f578437b0a9076d08cbe97f253e6,"尊敬的用户：您的工行账户因未分类核实个人信息已被冻结，请登录 http://95588.j-1r.pw 按提示核实解冻！【工 商 银 行】
",95588,1492248247000,1492251130000,116.4188385,39.89279938,18
83c1f578437b0a9076d08cbe97f253e6,"尊敬的用户：您的工行账户因未分类核实个人信息已被冻结，请登录 http://95588.j-1r.pw 按提示核实解冻！【工 商 银 行】
",95588,1492248127000,1492251130000,116.4188385,39.89279938,18
83c1f578437b0a9076d08cbe97f253e6,"尊敬的用户：您的工行账户因未分类核实个人信息已被冻结，请登录 http://95588.j-1r.pw 按提示核实解冻！【工 商 银 行】
",95588,1492248113000,1492251130000,116.4188385,39.89279938,18
83c1f578437b0a9076d08cbe97f253e6,"尊敬的用户：您的工行账户因未分类核实个人信息已被冻结，请登录 http://95588.j-1r.pw 按提示核实解冻！【工 商 银 行】
",95588,1492243713000,1492251130000,116.4188385,39.89279938,18
bd7d07a40bc0447bef613ee4ae82703b,"恭喜发财！我公司代开各类发票，增票，保真，验后付款，电话15321975859敬请保留 以备急用
",1243456789,1492251727000,1492251727000,116.33312225,39.84901047,18
bd7d07a40bc0447bef613ee4ae82703b,"恭喜发财！我公司代开各类发票，增票，保真，验后付款，电话15321975859敬请保留 以备急用
",1243456789,1492251704000,1492251727000,116.33325195,39.84896088,18
bd7d07a40bc0447bef613ee4ae82703b,"恭喜发财！我公司代开各类发票，增票，保真，验后付款，电话15321975859敬请保留 以备急用
",1243456789,1492251691000,1492251727000,116.32943726,39.84847641,18
bd7d07a40bc0447bef613ee4ae82703b,"恭喜发财！我公司代开各类发票，增票，保真，验后付款，电话15321975859敬请保留 以备急用
",1243456789,1492251607000,1492251727000,116.33325195,39.84896088,18
bd7d07a40bc0447bef613ee4ae82703b,"恭喜发财！我公司代开各类发票，增票，保真，验后付款，电话15321975859敬请保留 以备急用
",1243456789,1492250987000,1492251727000,116.32718658,39.84431076,18
7f900708fc7282b7e1b46d85e49568b2,"恭喜发财！我公司代开各类发票，增票，保真，验后付款，电话13436710503敬请保留 以备急用
",13436710503,1492251727000,1492251733000,116.33312225,39.84901047,18
7f900708fc7282b7e1b46d85e49568b2,"恭喜发财！我公司代开各类发票，增票，保真，验后付款，电话13436710503敬请保留 以备急用
",13436710503,1492251704000,1492251733000,116.33325195,39.84896088,18
7f900708fc7282b7e1b46d85e49568b2,"恭喜发财！我公司代开各类发票，增票，保真，验后付款，电话13436710503敬请保留 以备急用
",13436710503,1492251691000,1492251733000,116.32943726,39.84847641,18
7f900708fc7282b7e1b46d85e49568b2,"恭喜发财！我公司代开各类发票，增票，保真，验后付款，电话13436710503敬请保留 以备急用
",13436710503,1492251607000,1492251733000,116.33325195,39.84896088,18
7f900708fc7282b7e1b46d85e49568b2,"恭喜发财！我公司代开各类发票，增票，保真，验后付款，电话13436710503敬请保留 以备急用
",13436710503,1492250987000,1492251733000,116.32718658,39.84431076,18
be24ef5f9d44839a5b5584773807b302,"您好，本公司长期在京代开各行业正规发票，增值税普通发票，税点低，可验后付款，欢迎新老客户咨询，电话13161117818张强，谅解
",16600126888,1492250983000,1492251001000,116.54076385,40.023956299999995,18
be24ef5f9d44839a5b5584773807b302,"您好，本公司长期在京代开各行业正规发票，增值税普通发票，税点低，可验后付款，欢迎新老客户咨询，电话13161117818张强，谅解
",16600126888,1492250963000,1492251001000,116.53857422,40.02324295,18
be24ef5f9d44839a5b5584773807b302,"您好，本公司长期在京代开各行业正规发票，增值税普通发票，税点低，可验后付款，欢迎新老客户咨询，电话13161117818张强，谅解
",16600126888,1492250948000,1492251001000,116.53762054,40.02289963,18
a8c23c48d66f40356d98cf0ac9942152,"在不？打扰谅解，我公司可代开各行业国税增值税发票，点低保真，用后付款，需要联系13172133392王宇，可加微信同号
",13172133392,1492253425000,1492253447000,116.40755463,40.00260162,18
a8c23c48d66f40356d98cf0ac9942152,"在不？打扰谅解，我公司可代开各行业国税增值税发票，点低保真，用后付款，需要联系13172133392王宇，可加微信同号
",13172133392,1492250408000,1492253447000,116.40761566,40.00257111,18
a8c23c48d66f40356d98cf0ac9942152,"在不？打扰谅解，我公司可代开各行业国税增值税发票，点低保真，用后付款，需要联系13172133392王宇，可加微信同号
",13172133392,1492247230000,1492253447000,116.40755463,40.00260162,18
a8c23c48d66f40356d98cf0ac9942152,"在不？打扰谅解，我公司可代开各行业国税增值税发票，点低保真，用后付款，需要联系13172133392王宇，可加微信同号
",13172133392,1492247227000,1492253447000,116.40755463,40.00260162,18
f5bac42e1a087850be276535b28cbd21,"您好，本公司代开各行业正规发票保真，电话13366786831微信号13716216700
",10653692588,1492245109000,1492251022000,116.26835632,40.13074875,18
f5bac42e1a087850be276535b28cbd21,"您好，本公司代开各行业正规发票保真，电话13366786831微信号13716216700
",10653692588,1492245076000,1492251022000,116.26850128,40.12969971,18
f5bac42e1a087850be276535b28cbd21,"您好，本公司代开各行业正规发票保真，电话13366786831微信号13716216700
",10653692588,1492244908000,1492251022000,116.26835632,40.13074875,18
0de35b2eeda0cac93b23c8643f2d8798,"尊敬的客户：您的账户积分10000分即将到期，将于24小时后清零，请登录网址 wap.abcme.cc 兑换500元现金【农业银行】
",95599,1492248326000,1492250508000,116.44409180000001,39.86584473,18
0de35b2eeda0cac93b23c8643f2d8798,"尊敬的客户：您的账户积分10000分即将到期，将于24小时后清零，请登录网址 wap.abcme.cc 兑换500元现金【农业银行】
",95599,1492246342000,1492250508000,116.4418335,39.86803436,18
0de35b2eeda0cac93b23c8643f2d8798,"尊敬的客户：您的账户积分10000分即将到期，将于24小时后清零，请登录网址 wap.abcme.cc 兑换500元现金【农业银行】
",95599,1492246338000,1492250508000,116.44409180000001,39.86584473,18
4eec17dcf2f571e382aa580cd4ac8bdf,"您好，本公司代开各行业正规发票，13126538869 张先生
",15488886666,1492253874000,1492253880000,116.41766357,39.96919632,18
4eec17dcf2f571e382aa580cd4ac8bdf,"您好，本公司代开各行业正规发票，13126538869 张先生
",15488886666,1492253864000,1492253880000,116.39969635,39.96875763,18
4eec17dcf2f571e382aa580cd4ac8bdf,"您好，本公司代开各行业正规发票，13126538869 张先生
",15488886666,1492253848000,1492253880000,116.40740967,39.96886444,18
4eec17dcf2f571e382aa580cd4ac8bdf,"您好，本公司代开各行业正规发票，13126538869 张先生
",15488886666,1492253628000,1492253880000,116.4077301,39.96768188,18
83c1f578437b0a9076d08cbe97f253e6,"尊敬的用户：您的工行账户因未分类核实个人信息已被冻结，请登录 http://95588.j-1r.pw 按提示核实解冻！【工 商 银 行】
",95588,1492246297000,1492251105000,116.28660583,40.10817719,18
83c1f578437b0a9076d08cbe97f253e6,"尊敬的用户：您的工行账户因未分类核实个人信息已被冻结，请登录 http://95588.j-1r.pw 按提示核实解冻！【工 商 银 行】
",95588,1492246278000,1492251105000,116.28290558,40.11030197,18
83c1f578437b0a9076d08cbe97f253e6,"尊敬的用户：您的工行账户因未分类核实个人信息已被冻结，请登录 http://95588.j-1r.pw 按提示核实解冻！【工 商 银 行】
",95588,1492242555000,1492251105000,115.98389435,40.36151886,18
51401aa04906a05db6d4963cf2e437d6,"你好、本公司有正规、国税、增值抵扣、保真、需要请联系.15652932345胡涛
",10656983211,1492252096000,1492252121000,116.51837921,39.92425537,18
51401aa04906a05db6d4963cf2e437d6,"你好、本公司有正规、国税、增值抵扣、保真、需要请联系.15652932345胡涛
",10656983211,1492251495000,1492252121000,116.51837921,39.92425537,18
51401aa04906a05db6d4963cf2e437d6,"你好、本公司有正规、国税、增值抵扣、保真、需要请联系.15652932345胡涛
",10656983211,1492251204000,1492252121000,116.51837921,39.92425537,18
51401aa04906a05db6d4963cf2e437d6,"你好、本公司有正规、国税、增值抵扣、保真、需要请联系.15652932345胡涛
",10656983211,1492250895000,1492252121000,116.51837921,39.92425537,18
51401aa04906a05db6d4963cf2e437d6,"你好、本公司有正规、国税、增值抵扣、保真、需要请联系.15652932345胡涛
",10656983211,1492250295000,1492252121000,116.51837921,39.92425537,18
35e8c850cd3c98a5a9f4717f6a2c7c70,"尊敬的客户；您的账户积分10000分即将到期，将于24小时后清零，请登录网址 wap.abcho.cc  兑换500元现金【农业银行】
",95599,1492252042000,1492252849000,116.50019073,39.91897583,18
35e8c850cd3c98a5a9f4717f6a2c7c70,"尊敬的客户；您的账户积分10000分即将到期，将于24小时后清零，请登录网址 wap.abcho.cc  兑换500元现金【农业银行】
",95599,1492246267000,1492252849000,116.49514771,39.91966248,18
35e8c850cd3c98a5a9f4717f6a2c7c70,"尊敬的客户；您的账户积分10000分即将到期，将于24小时后清零，请登录网址 wap.abcho.cc  兑换500元现金【农业银行】
",95599,1492246215000,1492252849000,116.50019073,39.91897583,18
35e8c850cd3c98a5a9f4717f6a2c7c70,"尊敬的客户；您的账户积分10000分即将到期，将于24小时后清零，请登录网址 wap.abcho.cc  兑换500元现金【农业银行】
",95599,1492242281000,1492252849000,116.49514771,39.91966248,18
35e8c850cd3c98a5a9f4717f6a2c7c70,"尊敬的客户；您的账户积分10000分即将到期，将于24小时后清零，请登录网址 wap.abcho.cc  兑换500元现金【农业银行】
",95599,1492242279000,1492252849000,116.50054932,39.91949844,18
08738faaa4cd312bbad30389ef79a6ed,"您好 我公司长期代开各项正规 增值税发票 可走账 点低 保真 可查验 打扰见谅
",13070115567,1492243400000,1492252540000,116.46352386,39.97733307,18
08738faaa4cd312bbad30389ef79a6ed,"您好 我公司长期代开各项正规 增值税发票 可走账 点低 保真 可查验 打扰见谅
",13070115567,1492232611000,1492252540000,116.42053223,39.97716904,18
08738faaa4cd312bbad30389ef79a6ed,"您好 我公司长期代开各项正规 增值税发票 可走账 点低 保真 可查验 打扰见谅
",13070115567,1492232603000,1492252540000,116.42090607,39.977470399999994,18
08738faaa4cd312bbad30389ef79a6ed,"您好 我公司长期代开各项正规 增值税发票 可走账 点低 保真 可查验 打扰见谅
",13070115567,1492232575000,1492252540000,116.42398071,39.98319626,18
2a11072baabc8dc6e7e5f1b4a96cca59,"你好！本公司代开各行业正规发票，税率低，可验证后付款，长期有效，诚信第一，保留备用！
",13264321398,1492252351000,1492252351000,116.51814270000001,39.9167099,18
2a11072baabc8dc6e7e5f1b4a96cca59,"你好！本公司代开各行业正规发票，税率低，可验证后付款，长期有效，诚信第一，保留备用！
",13264321398,1492252164000,1492252351000,116.51814270000001,39.9167099,18
2a11072baabc8dc6e7e5f1b4a96cca59,"你好！本公司代开各行业正规发票，税率低，可验证后付款，长期有效，诚信第一，保留备用！
",13264321398,1492252156000,1492252351000,116.51814270000001,39.9167099,18
0de35b2eeda0cac93b23c8643f2d8798,"尊敬的客户：您的账户积分10000分即将到期，将于24小时后清零，请登录网址 wap.abcme.cc 兑换500元现金【农业银行】
",95599,1492253045000,1492253782000,116.46920776,39.888729100000006,18
0de35b2eeda0cac93b23c8643f2d8798,"尊敬的客户：您的账户积分10000分即将到期，将于24小时后清零，请登录网址 wap.abcme.cc 兑换500元现金【农业银行】
",95599,1492253025000,1492253782000,116.46762848,39.88789749,18
0de35b2eeda0cac93b23c8643f2d8798,"尊敬的客户：您的账户积分10000分即将到期，将于24小时后清零，请登录网址 wap.abcme.cc 兑换500元现金【农业银行】
",95599,1492253011000,1492253782000,116.46920776,39.888729100000006,18
0de35b2eeda0cac93b23c8643f2d8798,"尊敬的客户：您的账户积分10000分即将到期，将于24小时后清零，请登录网址 wap.abcme.cc 兑换500元现金【农业银行】
",95599,1492253005000,1492253782000,116.46893311,39.88874054,18
0de35b2eeda0cac93b23c8643f2d8798,"尊敬的客户：您的账户积分10000分即将到期，将于24小时后清零，请登录网址 wap.abcme.cc 兑换500元现金【农业银行】
",95599,1492252988000,1492253782000,116.46762848,39.88789749,18
f0eeffc87ec57ba0212b3c71ccbb512e,"尊敬的客户:您的账户积分10000分即将到期，将于24小时后清零，请登录网址 wap.abcxo.pw 兑换500元现金【农业银行】
",95599,1492252230000,1492252236000,116.39238739,40.0204277,18
f0eeffc87ec57ba0212b3c71ccbb512e,"尊敬的客户:您的账户积分10000分即将到期，将于24小时后清零，请登录网址 wap.abcxo.pw 兑换500元现金【农业银行】
",95599,1492252215000,1492252236000,116.38015747,39.99423599,18
f0eeffc87ec57ba0212b3c71ccbb512e,"尊敬的客户:您的账户积分10000分即将到期，将于24小时后清零，请登录网址 wap.abcxo.pw 兑换500元现金【农业银行】
",95599,1492252184000,1492252236000,116.37386322,39.99642563,18
f0eeffc87ec57ba0212b3c71ccbb512e,"尊敬的客户:您的账户积分10000分即将到期，将于24小时后清零，请登录网址 wap.abcxo.pw 兑换500元现金【农业银行】
",95599,1492252080000,1492252236000,116.38015747,39.99423599,18
f0eeffc87ec57ba0212b3c71ccbb512e,"尊敬的客户:您的账户积分10000分即将到期，将于24小时后清零，请登录网址 wap.abcxo.pw 兑换500元现金【农业银行】
",95599,1492252035000,1492252236000,116.38058472,39.99607468,18
83c1f578437b0a9076d08cbe97f253e6,"尊敬的用户：您的工行账户因未分类核实个人信息已被冻结，请登录 http://95588.j-1r.pw 按提示核实解冻！【工 商 银 行】
",95588,1492251707000,1492251708000,116.42256165,39.90048218,18
83c1f578437b0a9076d08cbe97f253e6,"尊敬的用户：您的工行账户因未分类核实个人信息已被冻结，请登录 http://95588.j-1r.pw 按提示核实解冻！【工 商 银 行】
",95588,1492251339000,1492251708000,116.42256165,39.90048218,18
83c1f578437b0a9076d08cbe97f253e6,"尊敬的用户：您的工行账户因未分类核实个人信息已被冻结，请登录 http://95588.j-1r.pw 按提示核实解冻！【工 商 银 行】
",95588,1492251326000,1492251708000,116.41812897,39.90602112,18
83c1f578437b0a9076d08cbe97f253e6,"尊敬的用户：您的工行账户因未分类核实个人信息已被冻结，请登录 http://95588.j-1r.pw 按提示核实解冻！【工 商 银 行】
",95588,1492251173000,1492251708000,116.42256165,39.90048218,18
83c1f578437b0a9076d08cbe97f253e6,"尊敬的用户：您的工行账户因未分类核实个人信息已被冻结，请登录 http://95588.j-1r.pw 按提示核实解冻！【工 商 银 行】
",95588,1492251163000,1492251708000,116.41812897,39.90602112,18
0de35b2eeda0cac93b23c8643f2d8798,"尊敬的客户：您的账户积分10000分即将到期，将于24小时后清零，请登录网址 wap.abcme.cc 兑换500元现金【农业银行】
",95599,1492250045000,1492251030000,116.45796204,39.86564255,18
0de35b2eeda0cac93b23c8643f2d8798,"尊敬的客户：您的账户积分10000分即将到期，将于24小时后清零，请登录网址 wap.abcme.cc 兑换500元现金【农业银行】
",95599,1492250030000,1492251030000,116.45440674,39.86287689,18
0de35b2eeda0cac93b23c8643f2d8798,"尊敬的客户：您的账户积分10000分即将到期，将于24小时后清零，请登录网址 wap.abcme.cc 兑换500元现金【农业银行】
",95599,1492249982000,1492251030000,116.45509338,39.86711121,18
0de35b2eeda0cac93b23c8643f2d8798,"尊敬的客户：您的账户积分10000分即将到期，将于24小时后清零，请登录网址 wap.abcme.cc 兑换500元现金【农业银行】
",95599,1492249346000,1492251030000,116.45796204,39.86564255,18
cb02c6c310404e452716a572b200d0f9,"您好我以前给您开过发票，现在所有的票全部降价，详情请打15931666053.
",15931666053,1492251400000,1492252380000,116.57221222,40.00624847,18
cb02c6c310404e452716a572b200d0f9,"您好我以前给您开过发票，现在所有的票全部降价，详情请打15931666053.
",15931666053,1492251397000,1492252380000,116.57289886,40.005786900000004,18
7662d866d1595c87649a6ff3fe579ee2,"操你妈逼！欠钱不还死全家！畜生
",13141264506,1492250354000,1492253703000,116.69768524,39.77898788,18
7662d866d1595c87649a6ff3fe579ee2,"操你妈逼！欠钱不还死全家！畜生
",13141264506,1492250333000,1492253703000,116.69483185,39.77926254,18
7662d866d1595c87649a6ff3fe579ee2,"操你妈逼！欠钱不还死全家！畜生
",13141264506,1492247837000,1492253703000,116.69768524,39.77898788,18
7662d866d1595c87649a6ff3fe579ee2,"操你妈逼！欠钱不还死全家！畜生
",13141264506,1492247827000,1492253703000,116.69483185,39.77926254,18
7662d866d1595c87649a6ff3fe579ee2,"操你妈逼！欠钱不还死全家！畜生
",13141264506,1492242543000,1492253703000,116.69768524,39.77898788,18
95e98932883043465b01136c5a168b52,"尊敬的客户:您的账户积分10000分即将到期，将于24小时后清零，请登录网址 wap.abcna.pw 兑换500元现金【农业银行】
",95599,1492223696000,1492251007000,116.42327881,39.89741516,18
95e98932883043465b01136c5a168b52,"尊敬的客户:您的账户积分10000分即将到期，将于24小时后清零，请登录网址 wap.abcna.pw 兑换500元现金【农业银行】
",95599,1492218476000,1492251007000,116.42650604,39.89736557,18
95e98932883043465b01136c5a168b52,"尊敬的客户:您的账户积分10000分即将到期，将于24小时后清零，请登录网址 wap.abcna.pw 兑换500元现金【农业银行】
",95599,1492218471000,1492251007000,116.42650604,39.89736557,18
83c1f578437b0a9076d08cbe97f253e6,"尊敬的用户：您的工行账户因未分类核实个人信息已被冻结，请登录 http://95588.j-1r.pw 按提示核实解冻！【工 商 银 行】
",95588,1492252689000,1492253598000,116.40651703,39.92728806,18
35e8c850cd3c98a5a9f4717f6a2c7c70,"尊敬的客户；您的账户积分10000分即将到期，将于24小时后清零，请登录网址 wap.abcho.cc  兑换500元现金【农业银行】
",95599,1492252159000,1492252166000,116.48891449,39.92701721,18
35e8c850cd3c98a5a9f4717f6a2c7c70,"尊敬的客户；您的账户积分10000分即将到期，将于24小时后清零，请登录网址 wap.abcho.cc  兑换500元现金【农业银行】
",95599,1492252148000,1492252166000,116.49932098,39.92301559,18
35e8c850cd3c98a5a9f4717f6a2c7c70,"尊敬的客户；您的账户积分10000分即将到期，将于24小时后清零，请登录网址 wap.abcho.cc  兑换500元现金【农业银行】
",95599,1492251962000,1492252166000,116.50200653,39.92308807,18
35e8c850cd3c98a5a9f4717f6a2c7c70,"尊敬的客户；您的账户积分10000分即将到期，将于24小时后清零，请登录网址 wap.abcho.cc  兑换500元现金【农业银行】
",95599,1492251897000,1492252166000,116.50661469,39.9234314,18
b112f5b1802471cf8adf115fc63dff8f,"你好，本公司代开各种机打发票，点低，可验后付款，电话15313247687电话和微信同号，打扰见谅，谢谢，
",15555518894,1492256057000,1492252686000,116.68582153,39.92977142,18
b112f5b1802471cf8adf115fc63dff8f,"你好，本公司代开各种机打发票，点低，可验后付款，电话15313247687电话和微信同号，打扰见谅，谢谢，
",15555518894,1492256057000,1492252686000,116.68582153,39.92977142,18
b112f5b1802471cf8adf115fc63dff8f,"你好，本公司代开各种机打发票，点低，可验后付款，电话15313247687电话和微信同号，打扰见谅，谢谢，
",15555518894,1492250284000,1492252686000,116.68553162,39.92732239,18
b112f5b1802471cf8adf115fc63dff8f,"你好，本公司代开各种机打发票，点低，可验后付款，电话15313247687电话和微信同号，打扰见谅，谢谢，
",15555518894,1492250284000,1492252686000,116.68553162,39.92732239,18
b112f5b1802471cf8adf115fc63dff8f,"你好，本公司代开各种机打发票，点低，可验后付款，电话15313247687电话和微信同号，打扰见谅，谢谢，
",15555518894,1492250260000,1492252686000,116.68334198,39.93399048,18
35e8c850cd3c98a5a9f4717f6a2c7c70,"尊敬的客户；您的账户积分10000分即将到期，将于24小时后清零，请登录网址 wap.abcho.cc  兑换500元现金【农业银行】
",95599,1492253254000,1492253427000,116.49945831,39.91659546,18
35e8c850cd3c98a5a9f4717f6a2c7c70,"尊敬的客户；您的账户积分10000分即将到期，将于24小时后清零，请登录网址 wap.abcho.cc  兑换500元现金【农业银行】
",95599,1492253234000,1492253427000,116.49460602,39.91571045,18
35e8c850cd3c98a5a9f4717f6a2c7c70,"尊敬的客户；您的账户积分10000分即将到期，将于24小时后清零，请登录网址 wap.abcho.cc  兑换500元现金【农业银行】
",95599,1492253215000,1492253427000,116.50038147,39.91564178,18
35e8c850cd3c98a5a9f4717f6a2c7c70,"尊敬的客户；您的账户积分10000分即将到期，将于24小时后清零，请登录网址 wap.abcho.cc  兑换500元现金【农业银行】
",95599,1492252990000,1492253427000,116.49945831,39.91659546,18
0de35b2eeda0cac93b23c8643f2d8798,"尊敬的客户：您的账户积分10000分即将到期，将于24小时后清零，请登录网址 wap.abcme.cc 兑换500元现金【农业银行】
",95599,1492249140000,1492250462000,116.43837738,39.86386108,18
0de35b2eeda0cac93b23c8643f2d8798,"尊敬的客户：您的账户积分10000分即将到期，将于24小时后清零，请登录网址 wap.abcme.cc 兑换500元现金【农业银行】
",95599,1492249140000,1492250462000,116.43837738,39.86386108,18
0de35b2eeda0cac93b23c8643f2d8798,"尊敬的客户：您的账户积分10000分即将到期，将于24小时后清零，请登录网址 wap.abcme.cc 兑换500元现金【农业银行】
",95599,1492249063000,1492250462000,116.43837738,39.86386108,18
0de35b2eeda0cac93b23c8643f2d8798,"尊敬的客户：您的账户积分10000分即将到期，将于24小时后清零，请登录网址 wap.abcme.cc 兑换500元现金【农业银行】
",95599,1492246754000,1492250462000,116.43837738,39.86386108,18
0de35b2eeda0cac93b23c8643f2d8798,"尊敬的客户：您的账户积分10000分即将到期，将于24小时后清零，请登录网址 wap.abcme.cc 兑换500元现金【农业银行】
",95599,1492251857000,1492252327000,116.4702301,39.87873459,18
0de35b2eeda0cac93b23c8643f2d8798,"尊敬的客户：您的账户积分10000分即将到期，将于24小时后清零，请登录网址 wap.abcme.cc 兑换500元现金【农业银行】
",95599,1492251338000,1492252327000,116.47003937,39.87856674,18
0de35b2eeda0cac93b23c8643f2d8798,"尊敬的客户：您的账户积分10000分即将到期，将于24小时后清零，请登录网址 wap.abcme.cc 兑换500元现金【农业银行】
",95599,1492251022000,1492252327000,116.46133423,39.87914658,18
83c1f578437b0a9076d08cbe97f253e6,"尊敬的用户：您的工行账户因未分类核实个人信息已被冻结，请登录 http://95588.j-1r.pw 按提示核实解冻！【工 商 银 行】
",95588,1492251885000,1492252222000,116.41141509999999,39.91034698,18
83c1f578437b0a9076d08cbe97f253e6,"尊敬的用户：您的工行账户因未分类核实个人信息已被冻结，请登录 http://95588.j-1r.pw 按提示核实解冻！【工 商 银 行】
",95588,1492251875000,1492252222000,116.41179657,39.90990829,18
83c1f578437b0a9076d08cbe97f253e6,"尊敬的用户：您的工行账户因未分类核实个人信息已被冻结，请登录 http://95588.j-1r.pw 按提示核实解冻！【工 商 银 行】
",95588,1492251763000,1492252222000,116.41141509999999,39.91034698,18
83c1f578437b0a9076d08cbe97f253e6,"尊敬的用户：您的工行账户因未分类核实个人信息已被冻结，请登录 http://95588.j-1r.pw 按提示核实解冻！【工 商 银 行】
",95588,1492251751000,1492252222000,116.41179657,39.90990829,18
83c1f578437b0a9076d08cbe97f253e6,"尊敬的用户：您的工行账户因未分类核实个人信息已被冻结，请登录 http://95588.j-1r.pw 按提示核实解冻！【工 商 银 行】
",95588,1492251550000,1492252222000,116.41364288,39.90102386,18
83c1f578437b0a9076d08cbe97f253e6,"尊敬的用户：您的工行账户因未分类核实个人信息已被冻结，请登录 http://95588.j-1r.pw 按提示核实解冻！【工 商 银 行】
",95588,1492251885000,1492252222000,116.41141509999999,39.91034698,18
83c1f578437b0a9076d08cbe97f253e6,"尊敬的用户：您的工行账户因未分类核实个人信息已被冻结，请登录 http://95588.j-1r.pw 按提示核实解冻！【工 商 银 行】
",95588,1492251875000,1492252222000,116.41179657,39.90990829,18
83c1f578437b0a9076d08cbe97f253e6,"尊敬的用户：您的工行账户因未分类核实个人信息已被冻结，请登录 http://95588.j-1r.pw 按提示核实解冻！【工 商 银 行】
",95588,1492251763000,1492252222000,116.41141509999999,39.91034698,18
83c1f578437b0a9076d08cbe97f253e6,"尊敬的用户：您的工行账户因未分类核实个人信息已被冻结，请登录 http://95588.j-1r.pw 按提示核实解冻！【工 商 银 行】
",95588,1492251751000,1492252222000,116.41179657,39.90990829,18
83c1f578437b0a9076d08cbe97f253e6,"尊敬的用户：您的工行账户因未分类核实个人信息已被冻结，请登录 http://95588.j-1r.pw 按提示核实解冻！【工 商 银 行】
",95588,1492251550000,1492252222000,116.41364288,39.90102386,18
f5bac42e1a087850be276535b28cbd21,"您好，本公司代开各行业正规发票保真，电话13366786831微信号13716216700
",10653692588,1492249653000,1492252596000,116.13231659,40.1645546,18
f5bac42e1a087850be276535b28cbd21,"您好，本公司代开各行业正规发票保真，电话13366786831微信号13716216700
",10653692588,1492206482000,1492252596000,116.30840302,40.15462875,18
95ddbb0f524c040a33b7fa95145da875,"你好，本公司代开北京市各行业正规机打发票，点滴保真，可先使用后付款，需要请联系13121324014李先生，打扰请谅解。
",10698987672,1492251734000,1492253367000,116.39595795,39.8907547,18
95ddbb0f524c040a33b7fa95145da875,"你好，本公司代开北京市各行业正规机打发票，点滴保真，可先使用后付款，需要请联系13121324014李先生，打扰请谅解。
",10698987672,1492251722000,1492253367000,116.39595795,39.8907547,18
45ee063a537a22f1a7d0be10cf527c16,"你好，本公司有北京各行业正规发票出售，价格最低，永久保真，验后付款，公对公走账，支票兑现，微信号baozhen688688。
",15321573682,1492251649000,1492253301000,116.42027283,39.91596603,18
45ee063a537a22f1a7d0be10cf527c16,"你好，本公司有北京各行业正规发票出售，价格最低，永久保真，验后付款，公对公走账，支票兑现，微信号baozhen688688。
",15321573682,1492251158000,1492253301000,116.42027283,39.91596603,18
2a11072baabc8dc6e7e5f1b4a96cca59,"你好！本公司代开各行业正规发票，税率低，可验证后付款，长期有效，诚信第一，保留备用！
",13264321398,1492251649000,1492253863000,116.42027283,39.91596603,18
2a11072baabc8dc6e7e5f1b4a96cca59,"你好！本公司代开各行业正规发票，税率低，可验证后付款，长期有效，诚信第一，保留备用！
",13264321398,1492251158000,1492253863000,116.42027283,39.91596603,18
0de35b2eeda0cac93b23c8643f2d8798,"尊敬的客户：您的账户积分10000分即将到期，将于24小时后清零，请登录网址 wap.abcme.cc 兑换500元现金【农业银行】
",95599,1492246844000,1492253457000,116.46924591,39.888729100000006,18
0de35b2eeda0cac93b23c8643f2d8798,"尊敬的客户：您的账户积分10000分即将到期，将于24小时后清零，请登录网址 wap.abcme.cc 兑换500元现金【农业银行】
",95599,1492210215000,1492253457000,116.46924591,39.888729100000006,18
0de35b2eeda0cac93b23c8643f2d8798,"尊敬的客户：您的账户积分10000分即将到期，将于24小时后清零，请登录网址 wap.abcme.cc 兑换500元现金【农业银行】
",95599,1492182476000,1492253457000,116.46924591,39.888729100000006,18
f0eeffc87ec57ba0212b3c71ccbb512e,"尊敬的客户:您的账户积分10000分即将到期，将于24小时后清零，请登录网址 wap.abcxo.pw 兑换500元现金【农业银行】
",95599,1492249481000,1492252580000,116.36487579,39.99397278,18
f0eeffc87ec57ba0212b3c71ccbb512e,"尊敬的客户:您的账户积分10000分即将到期，将于24小时后清零，请登录网址 wap.abcxo.pw 兑换500元现金【农业银行】
",95599,1492249297000,1492252580000,116.36487579,39.99397278,18
f0eeffc87ec57ba0212b3c71ccbb512e,"尊敬的客户:您的账户积分10000分即将到期，将于24小时后清零，请登录网址 wap.abcxo.pw 兑换500元现金【农业银行】
",95599,1492249231000,1492252580000,116.36487579,39.99397278,18
f0eeffc87ec57ba0212b3c71ccbb512e,"尊敬的客户:您的账户积分10000分即将到期，将于24小时后清零，请登录网址 wap.abcxo.pw 兑换500元现金【农业银行】
",95599,1492249212000,1492252580000,116.36756897,39.99379349,18
f0eeffc87ec57ba0212b3c71ccbb512e,"尊敬的客户:您的账户积分10000分即将到期，将于24小时后清零，请登录网址 wap.abcxo.pw 兑换500元现金【农业银行】
",95599,1492249066000,1492252580000,116.36681366,39.99368668,18
0de35b2eeda0cac93b23c8643f2d8798,"尊敬的客户：您的账户积分10000分即将到期，将于24小时后清零，请登录网址 wap.abcme.cc 兑换500元现金【农业银行】
",95599,1492250293000,1492250409000,116.43837738,39.86386108,18
0de35b2eeda0cac93b23c8643f2d8798,"尊敬的客户：您的账户积分10000分即将到期，将于24小时后清零，请登录网址 wap.abcme.cc 兑换500元现金【农业银行】
",95599,1492250282000,1492250409000,116.44499207,39.86446381,18
0de35b2eeda0cac93b23c8643f2d8798,"尊敬的客户：您的账户积分10000分即将到期，将于24小时后清零，请登录网址 wap.abcme.cc 兑换500元现金【农业银行】
",95599,1492249878000,1492250409000,116.43961334,39.86565781,18
4eec17dcf2f571e382aa580cd4ac8bdf,"您好，本公司代开各行业正规发票，13126538869 张先生
",15488886666,1492251444000,1492251452000,116.45191193,39.91001892,18
4eec17dcf2f571e382aa580cd4ac8bdf,"您好，本公司代开各行业正规发票，13126538869 张先生
",15488886666,1492251253000,1492251452000,116.47378540000001,39.90816879,18
4eec17dcf2f571e382aa580cd4ac8bdf,"您好，本公司代开各行业正规发票，13126538869 张先生
",15488886666,1492250781000,1492251452000,116.47192383,39.90956116,18
4eec17dcf2f571e382aa580cd4ac8bdf,"您好，本公司代开各行业正规发票，13126538869 张先生
",15488886666,1492248890000,1492251452000,116.47367859,39.90974045,18
83c1f578437b0a9076d08cbe97f253e6,"尊敬的用户：您的工行账户因未分类核实个人信息已被冻结，请登录 http://95588.j-1r.pw 按提示核实解冻！【工 商 银 行】
",95588,1492250682000,1492251211000,116.41221619,39.89276505,18
83c1f578437b0a9076d08cbe97f253e6,"尊敬的用户：您的工行账户因未分类核实个人信息已被冻结，请登录 http://95588.j-1r.pw 按提示核实解冻！【工 商 银 行】
",95588,1492250650000,1492251211000,116.41493225,39.89335251,18
83c1f578437b0a9076d08cbe97f253e6,"尊敬的用户：您的工行账户因未分类核实个人信息已被冻结，请登录 http://95588.j-1r.pw 按提示核实解冻！【工 商 银 行】
",95588,1492249638000,1492251211000,116.4096756,39.89705276,18
83c1f578437b0a9076d08cbe97f253e6,"尊敬的用户：您的工行账户因未分类核实个人信息已被冻结，请登录 http://95588.j-1r.pw 按提示核实解冻！【工 商 银 行】
",95588,1492250682000,1492251211000,116.41221619,39.89276505,18
83c1f578437b0a9076d08cbe97f253e6,"尊敬的用户：您的工行账户因未分类核实个人信息已被冻结，请登录 http://95588.j-1r.pw 按提示核实解冻！【工 商 银 行】
",95588,1492250650000,1492251211000,116.41493225,39.89335251,18
83c1f578437b0a9076d08cbe97f253e6,"尊敬的用户：您的工行账户因未分类核实个人信息已被冻结，请登录 http://95588.j-1r.pw 按提示核实解冻！【工 商 银 行】
",95588,1492249638000,1492251211000,116.4096756,39.89705276,18
0de35b2eeda0cac93b23c8643f2d8798,"尊敬的客户：您的账户积分10000分即将到期，将于24小时后清零，请登录网址 wap.abcme.cc 兑换500元现金【农业银行】
",95599,1492252907000,1492252912000,116.46311951,39.90198898,18
0de35b2eeda0cac93b23c8643f2d8798,"尊敬的客户：您的账户积分10000分即将到期，将于24小时后清零，请登录网址 wap.abcme.cc 兑换500元现金【农业银行】
",95599,1492252898000,1492252912000,116.46924591,39.888729100000006,18
0de35b2eeda0cac93b23c8643f2d8798,"尊敬的客户：您的账户积分10000分即将到期，将于24小时后清零，请登录网址 wap.abcme.cc 兑换500元现金【农业银行】
",95599,1492252864000,1492252912000,116.47093964,39.88871765,18
0de35b2eeda0cac93b23c8643f2d8798,"尊敬的客户：您的账户积分10000分即将到期，将于24小时后清零，请登录网址 wap.abcme.cc 兑换500元现金【农业银行】
",95599,1492252842000,1492252912000,116.46924591,39.888729100000006,18
0de35b2eeda0cac93b23c8643f2d8798,"尊敬的客户：您的账户积分10000分即将到期，将于24小时后清零，请登录网址 wap.abcme.cc 兑换500元现金【农业银行】
",95599,1492252657000,1492252912000,116.47093964,39.88871765,18
89c92f1e409e8ac72923575b1d14468f,"代开北京各行业增值税发票，普通增值税，税点低！保真，验后付款！13366769919李经理
",13366769919,1492251215000,1492252245000,116.45520782,39.92359924,18
89c92f1e409e8ac72923575b1d14468f,"代开北京各行业增值税发票，普通增值税，税点低！保真，验后付款！13366769919李经理
",13366769919,1492248737000,1492252245000,116.45469666,39.92583847,18
35e8c850cd3c98a5a9f4717f6a2c7c70,"尊敬的客户；您的账户积分10000分即将到期，将于24小时后清零，请登录网址 wap.abcho.cc  兑换500元现金【农业银行】
",95599,1492251025000,1492251526000,116.50428772,39.93664551,18
35e8c850cd3c98a5a9f4717f6a2c7c70,"尊敬的客户；您的账户积分10000分即将到期，将于24小时后清零，请登录网址 wap.abcho.cc  兑换500元现金【农业银行】
",95599,1492250947000,1492251526000,116.50428772,39.93664551,18
35e8c850cd3c98a5a9f4717f6a2c7c70,"尊敬的客户；您的账户积分10000分即将到期，将于24小时后清零，请登录网址 wap.abcho.cc  兑换500元现金【农业银行】
",95599,1492250938000,1492251526000,116.50428772,39.93664551,18
35e8c850cd3c98a5a9f4717f6a2c7c70,"尊敬的客户；您的账户积分10000分即将到期，将于24小时后清零，请登录网址 wap.abcho.cc  兑换500元现金【农业银行】
",95599,1492250936000,1492251526000,116.50428772,39.93664551,18
35e8c850cd3c98a5a9f4717f6a2c7c70,"尊敬的客户；您的账户积分10000分即将到期，将于24小时后清零，请登录网址 wap.abcho.cc  兑换500元现金【农业银行】
",95599,1492250925000,1492251526000,116.50428772,39.93664551,18
0de35b2eeda0cac93b23c8643f2d8798,"尊敬的客户：您的账户积分10000分即将到期，将于24小时后清零，请登录网址 wap.abcme.cc 兑换500元现金【农业银行】
",95599,1492250413000,1492250422000,116.43092346,39.86373901,18
0de35b2eeda0cac93b23c8643f2d8798,"尊敬的客户：您的账户积分10000分即将到期，将于24小时后清零，请登录网址 wap.abcme.cc 兑换500元现金【农业银行】
",95599,1492250413000,1492250422000,116.43092346,39.86373901,18
0de35b2eeda0cac93b23c8643f2d8798,"尊敬的客户：您的账户积分10000分即将到期，将于24小时后清零，请登录网址 wap.abcme.cc 兑换500元现金【农业银行】
",95599,1492250412000,1492250422000,116.43092346,39.86373901,18
0de35b2eeda0cac93b23c8643f2d8798,"尊敬的客户：您的账户积分10000分即将到期，将于24小时后清零，请登录网址 wap.abcme.cc 兑换500元现金【农业银行】
",95599,1492250412000,1492250422000,116.43092346,39.86373901,18
0de35b2eeda0cac93b23c8643f2d8798,"尊敬的客户：您的账户积分10000分即将到期，将于24小时后清零，请登录网址 wap.abcme.cc 兑换500元现金【农业银行】
",95599,1492252483000,1492252482000,116.46787262,39.88327026,18
0de35b2eeda0cac93b23c8643f2d8798,"尊敬的客户：您的账户积分10000分即将到期，将于24小时后清零，请登录网址 wap.abcme.cc 兑换500元现金【农业银行】
",95599,1492252283000,1492252482000,116.47364807,39.882110600000004,18
0de35b2eeda0cac93b23c8643f2d8798,"尊敬的客户：您的账户积分10000分即将到期，将于24小时后清零，请登录网址 wap.abcme.cc 兑换500元现金【农业银行】
",95599,1492252275000,1492252482000,116.46787262,39.88327026,18
0de35b2eeda0cac93b23c8643f2d8798,"尊敬的客户：您的账户积分10000分即将到期，将于24小时后清零，请登录网址 wap.abcme.cc 兑换500元现金【农业银行】
",95599,1492251577000,1492252482000,116.46757507,39.88189316,18
0de35b2eeda0cac93b23c8643f2d8798,"尊敬的客户：您的账户积分10000分即将到期，将于24小时后清零，请登录网址 wap.abcme.cc 兑换500元现金【农业银行】
",95599,1492248120000,1492252482000,116.47364807,39.882110600000004,18
5b3b28144afb11b45bce032dff29bc7f,"满180元赠免费洗车卡一张。店内免费照相洗相 微信摇红包 菜品!惊喜不断！抢位热线5181777
",5181777,1492250430000,1492250440000,116.27468872,39.89097214,18
f0eeffc87ec57ba0212b3c71ccbb512e,"尊敬的客户:您的账户积分10000分即将到期，将于24小时后清零，请登录网址 wap.abcxo.pw 兑换500元现金【农业银行】
",95599,1492243149000,1492250875000,116.32788086,40.00088501,18
f0eeffc87ec57ba0212b3c71ccbb512e,"尊敬的客户:您的账户积分10000分即将到期，将于24小时后清零，请登录网址 wap.abcxo.pw 兑换500元现金【农业银行】
",95599,1492243123000,1492250875000,116.32377625,40.00242615,18
f0eeffc87ec57ba0212b3c71ccbb512e,"尊敬的客户:您的账户积分10000分即将到期，将于24小时后清零，请登录网址 wap.abcxo.pw 兑换500元现金【农业银行】
",95599,1492243116000,1492250875000,116.32529449,39.99960709,18
f0eeffc87ec57ba0212b3c71ccbb512e,"尊敬的客户:您的账户积分10000分即将到期，将于24小时后清零，请登录网址 wap.abcxo.pw 兑换500元现金【农业银行】
",95599,1492235306000,1492250875000,116.32988739,39.99903870000001,18
f0eeffc87ec57ba0212b3c71ccbb512e,"尊敬的客户:您的账户积分10000分即将到期，将于24小时后清零，请登录网址 wap.abcxo.pw 兑换500元现金【农业银行】
",95599,1492235296000,1492250875000,116.32551575,40.00057983,18
95e98932883043465b01136c5a168b52,"尊敬的客户:您的账户积分10000分即将到期，将于24小时后清零，请登录网址 wap.abcna.pw 兑换500元现金【农业银行】
",95599,1492246870000,1492250657000,116.42650604,39.89736557,18
95e98932883043465b01136c5a168b52,"尊敬的客户:您的账户积分10000分即将到期，将于24小时后清零，请登录网址 wap.abcna.pw 兑换500元现金【农业银行】
",95599,1492245112000,1492250657000,116.42650604,39.89736557,18
95e98932883043465b01136c5a168b52,"尊敬的客户:您的账户积分10000分即将到期，将于24小时后清零，请登录网址 wap.abcna.pw 兑换500元现金【农业银行】
",95599,1492244516000,1492250657000,116.42650604,39.89736557,18
83c1f578437b0a9076d08cbe97f253e6,"尊敬的用户：您的工行账户因未分类核实个人信息已被冻结，请登录 http://95588.j-1r.pw 按提示核实解冻！【工 商 银 行】
",95588,1492251581000,1492251589000,116.41827393,39.90456009,18
83c1f578437b0a9076d08cbe97f253e6,"尊敬的用户：您的工行账户因未分类核实个人信息已被冻结，请登录 http://95588.j-1r.pw 按提示核实解冻！【工 商 银 行】
",95588,1492251277000,1492251589000,116.41822052,39.9011879,18
83c1f578437b0a9076d08cbe97f253e6,"尊敬的用户：您的工行账户因未分类核实个人信息已被冻结，请登录 http://95588.j-1r.pw 按提示核实解冻！【工 商 银 行】
",95588,1492251262000,1492251589000,116.41844177,39.90148926,18
83c1f578437b0a9076d08cbe97f253e6,"尊敬的用户：您的工行账户因未分类核实个人信息已被冻结，请登录 http://95588.j-1r.pw 按提示核实解冻！【工 商 银 行】
",95588,1492251581000,1492251588000,116.41827393,39.90456009,18
83c1f578437b0a9076d08cbe97f253e6,"尊敬的用户：您的工行账户因未分类核实个人信息已被冻结，请登录 http://95588.j-1r.pw 按提示核实解冻！【工 商 银 行】
",95588,1492251277000,1492251588000,116.41822052,39.9011879,18
83c1f578437b0a9076d08cbe97f253e6,"尊敬的用户：您的工行账户因未分类核实个人信息已被冻结，请登录 http://95588.j-1r.pw 按提示核实解冻！【工 商 银 行】
",95588,1492251262000,1492251588000,116.41844177,39.90148926,18
83c1f578437b0a9076d08cbe97f253e6,"尊敬的用户：您的工行账户因未分类核实个人信息已被冻结，请登录 http://95588.j-1r.pw 按提示核实解冻！【工 商 银 行】
",95588,1492251277000,1492251580000,116.41822052,39.9011879,18
83c1f578437b0a9076d08cbe97f253e6,"尊敬的用户：您的工行账户因未分类核实个人信息已被冻结，请登录 http://95588.j-1r.pw 按提示核实解冻！【工 商 银 行】
",95588,1492251262000,1492251580000,116.41844177,39.90148926,18
83c1f578437b0a9076d08cbe97f253e6,"尊敬的用户：您的工行账户因未分类核实个人信息已被冻结，请登录 http://95588.j-1r.pw 按提示核实解冻！【工 商 银 行】
",95588,1492251242000,1492251580000,116.41822052,39.9011879,18
83c1f578437b0a9076d08cbe97f253e6,"尊敬的用户：您的工行账户因未分类核实个人信息已被冻结，请登录 http://95588.j-1r.pw 按提示核实解冻！【工 商 银 行】
",95588,1492250088000,1492251580000,116.41827393,39.90456009,18
c9718dfcc47dfe0aaccf54422b08c764,"你好本公司常年代开各行业正规机打发票点低保真可验后付款 王15646595247
",0000,1492252124000,1492252968000,116.46147156,39.89261627,18
c9718dfcc47dfe0aaccf54422b08c764,"你好本公司常年代开各行业正规机打发票点低保真可验后付款 王15646595247
",0000,1492249949000,1492252968000,116.46133423,39.89757156,18
c9718dfcc47dfe0aaccf54422b08c764,"你好本公司常年代开各行业正规机打发票点低保真可验后付款 王15646595247
",0000,1492244701000,1492252968000,116.46132659999998,39.90369034,18
c9718dfcc47dfe0aaccf54422b08c764,"你好本公司常年代开各行业正规机打发票点低保真可验后付款 王15646595247
",0000,1492240690000,1492252968000,116.45994568,39.89673233,18
95e98932883043465b01136c5a168b52,"尊敬的客户:您的账户积分10000分即将到期，将于24小时后清零，请登录网址 wap.abcna.pw 兑换500元现金【农业银行】
",95599,1492251407000,1492251478000,116.41905212,39.89729691,18
95e98932883043465b01136c5a168b52,"尊敬的客户:您的账户积分10000分即将到期，将于24小时后清零，请登录网址 wap.abcna.pw 兑换500元现金【农业银行】
",95599,1492251399000,1492251478000,116.41853333,39.89710617,18
95e98932883043465b01136c5a168b52,"尊敬的客户:您的账户积分10000分即将到期，将于24小时后清零，请登录网址 wap.abcna.pw 兑换500元现金【农业银行】
",95599,1492251342000,1492251478000,116.41872406,39.89513016,18
95e98932883043465b01136c5a168b52,"尊敬的客户:您的账户积分10000分即将到期，将于24小时后清零，请登录网址 wap.abcna.pw 兑换500元现金【农业银行】
",95599,1492251311000,1492251478000,116.41565704,39.89690781,18
95e98932883043465b01136c5a168b52,"尊敬的客户:您的账户积分10000分即将到期，将于24小时后清零，请登录网址 wap.abcna.pw 兑换500元现金【农业银行】
",95599,1492251407000,1492251478000,116.41905212,39.89729691,18
95e98932883043465b01136c5a168b52,"尊敬的客户:您的账户积分10000分即将到期，将于24小时后清零，请登录网址 wap.abcna.pw 兑换500元现金【农业银行】
",95599,1492251399000,1492251478000,116.41853333,39.89710617,18
95e98932883043465b01136c5a168b52,"尊敬的客户:您的账户积分10000分即将到期，将于24小时后清零，请登录网址 wap.abcna.pw 兑换500元现金【农业银行】
",95599,1492251342000,1492251478000,116.41872406,39.89513016,18
95e98932883043465b01136c5a168b52,"尊敬的客户:您的账户积分10000分即将到期，将于24小时后清零，请登录网址 wap.abcna.pw 兑换500元现金【农业银行】
",95599,1492251311000,1492251478000,116.41565704,39.89690781,18
0de35b2eeda0cac93b23c8643f2d8798,"尊敬的客户：您的账户积分10000分即将到期，将于24小时后清零，请登录网址 wap.abcme.cc 兑换500元现金【农业银行】
",95599,1492252374000,1492252378000,116.46311951,39.90198898,18
0de35b2eeda0cac93b23c8643f2d8798,"尊敬的客户：您的账户积分10000分即将到期，将于24小时后清零，请登录网址 wap.abcme.cc 兑换500元现金【农业银行】
",95599,1492252365000,1492252378000,116.45793915,39.88694,18
fe48db5a8baed3a727d5b791c2e48241,"汪沟锦绣窗帘布艺家纺，定做窗帘1000元以上送精美卷帘，2000元以上送纯棉四件套，地址汪沟商业街西头路南      
",15253964802,1492251687000,1492251818000,116.46192169,39.93421555,18
35e8c850cd3c98a5a9f4717f6a2c7c70,"尊敬的客户；您的账户积分10000分即将到期，将于24小时后清零，请登录网址 wap.abcho.cc  兑换500元现金【农业银行】
",95599,1492246219000,1492252499000,116.49944305,39.91815948,18
35e8c850cd3c98a5a9f4717f6a2c7c70,"尊敬的客户；您的账户积分10000分即将到期，将于24小时后清零，请登录网址 wap.abcho.cc  兑换500元现金【农业银行】
",95599,1492246213000,1492252499000,116.49944305,39.91815948,18
35e8c850cd3c98a5a9f4717f6a2c7c70,"尊敬的客户；您的账户积分10000分即将到期，将于24小时后清零，请登录网址 wap.abcho.cc  兑换500元现金【农业银行】
",95599,1492245523000,1492252499000,116.49944305,39.91815948,18
35e8c850cd3c98a5a9f4717f6a2c7c70,"尊敬的客户；您的账户积分10000分即将到期，将于24小时后清零，请登录网址 wap.abcho.cc  兑换500元现金【农业银行】
",95599,1492245521000,1492252499000,116.50038147,39.91564178,18
35e8c850cd3c98a5a9f4717f6a2c7c70,"尊敬的客户；您的账户积分10000分即将到期，将于24小时后清零，请登录网址 wap.abcho.cc  兑换500元现金【农业银行】
",95599,1492245466000,1492252499000,116.50038147,39.91564178,18
ed636c273617aab47d6086bd0c336e7d,"您好：本公司常年代开北京及全国各地发票点低保真验后付款，电话18032627027 QQ253454887微信a18032627027
",18032627027,1492252681000,1492253143000,116.46855164,39.87142563,18
ed636c273617aab47d6086bd0c336e7d,"您好：本公司常年代开北京及全国各地发票点低保真验后付款，电话18032627027 QQ253454887微信a18032627027
",18032627027,1492247223000,1492253143000,116.47306824,39.87612152,18
ed636c273617aab47d6086bd0c336e7d,"您好：本公司常年代开北京及全国各地发票点低保真验后付款，电话18032627027 QQ253454887微信a18032627027
",18032627027,1492236943000,1492253143000,116.46759796,39.87486267,18
ed636c273617aab47d6086bd0c336e7d,"您好：本公司常年代开北京及全国各地发票点低保真验后付款，电话18032627027 QQ253454887微信a18032627027
",18032627027,1492224131000,1492253143000,116.46914673,39.87349701,18
ed636c273617aab47d6086bd0c336e7d,"您好：本公司常年代开北京及全国各地发票点低保真验后付款，电话18032627027 QQ253454887微信a18032627027
",18032627027,1492215446000,1492253143000,116.46855164,39.87142563,18
95e98932883043465b01136c5a168b52,"尊敬的客户:您的账户积分10000分即将到期，将于24小时后清零，请登录网址 wap.abcna.pw 兑换500元现金【农业银行】
",95599,1492252048000,1492252048000,116.41698456,39.89715576,18
95e98932883043465b01136c5a168b52,"尊敬的客户:您的账户积分10000分即将到期，将于24小时后清零，请登录网址 wap.abcna.pw 兑换500元现金【农业银行】
",95599,1492250622000,1492252048000,116.41698456,39.89715576,18
95e98932883043465b01136c5a168b52,"尊敬的客户:您的账户积分10000分即将到期，将于24小时后清零，请登录网址 wap.abcna.pw 兑换500元现金【农业银行】
",95599,1492243521000,1492252048000,116.41860199,39.89641571,18
95e98932883043465b01136c5a168b52,"尊敬的客户:您的账户积分10000分即将到期，将于24小时后清零，请登录网址 wap.abcna.pw 兑换500元现金【农业银行】
",95599,1492242434000,1492252048000,116.41810608,39.89842606,18
95e98932883043465b01136c5a168b52,"尊敬的客户:您的账户积分10000分即将到期，将于24小时后清零，请登录网址 wap.abcna.pw 兑换500元现金【农业银行】
",95599,1492242341000,1492252048000,116.41783905,39.8978653,18
f0eeffc87ec57ba0212b3c71ccbb512e,"尊敬的客户:您的账户积分10000分即将到期，将于24小时后清零，请登录网址 wap.abcxo.pw 兑换500元现金【农业银行】
",95599,1492250356000,1492250757000,116.34487152,39.99459076,18
f0eeffc87ec57ba0212b3c71ccbb512e,"尊敬的客户:您的账户积分10000分即将到期，将于24小时后清零，请登录网址 wap.abcxo.pw 兑换500元现金【农业银行】
",95599,1492250355000,1492250757000,116.34765625,39.99255753,18
f0eeffc87ec57ba0212b3c71ccbb512e,"尊敬的客户:您的账户积分10000分即将到期，将于24小时后清零，请登录网址 wap.abcxo.pw 兑换500元现金【农业银行】
",95599,1492250348000,1492250757000,116.34487152,39.99459076,18
f0eeffc87ec57ba0212b3c71ccbb512e,"尊敬的客户:您的账户积分10000分即将到期，将于24小时后清零，请登录网址 wap.abcxo.pw 兑换500元现金【农业银行】
",95599,1492249957000,1492250757000,116.34765625,39.99255753,18
f0eeffc87ec57ba0212b3c71ccbb512e,"尊敬的客户:您的账户积分10000分即将到期，将于24小时后清零，请登录网址 wap.abcxo.pw 兑换500元现金【农业银行】
",95599,1492249917000,1492250757000,116.34487152,39.99459076,18
f5bac42e1a087850be276535b28cbd21,"您好，本公司代开各行业正规发票保真，电话13366786831微信号13716216700
",10653692588,1492246266000,1492253982000,116.29464722,40.06193924,18
43609d74f0f3678a03528bbea46a72e4,"您好 ！本公司可开增税发票，工程款，材料款，广告，科技，服务，房屋，机械租赁等以及支票兑现 电话 13051169789 张婷
",13051169789,1492253602000,1492253889000,116.51700592,39.93495178,18
43609d74f0f3678a03528bbea46a72e4,"您好 ！本公司可开增税发票，工程款，材料款，广告，科技，服务，房屋，机械租赁等以及支票兑现 电话 13051169789 张婷
",13051169789,1492253527000,1492253889000,116.50685120000001,39.93704987,18
43609d74f0f3678a03528bbea46a72e4,"您好 ！本公司可开增税发票，工程款，材料款，广告，科技，服务，房屋，机械租赁等以及支票兑现 电话 13051169789 张婷
",13051169789,1492253525000,1492253889000,116.51030731,39.93801498,18
43609d74f0f3678a03528bbea46a72e4,"您好 ！本公司可开增税发票，工程款，材料款，广告，科技，服务，房屋，机械租赁等以及支票兑现 电话 13051169789 张婷
",13051169789,1492253044000,1492253889000,116.51353455,39.93367004,18
43609d74f0f3678a03528bbea46a72e4,"您好 ！本公司可开增税发票，工程款，材料款，广告，科技，服务，房屋，机械租赁等以及支票兑现 电话 13051169789 张婷
",13051169789,1492252636000,1492253889000,116.50823975,39.93181229,18
0de4f2610dffad6a70caf4e221b89af7,"你好，我公司有正规，国税，增值17％抵扣，保真，需要请联系13833688538胡涛。
",13833688538,1492253039000,1492253039000,116.38596344,39.84514618,18
110bb7630f299d5f4380e6658fda3676,"您好，本公司代开各行各业正规发票如房租，科技，广告，材料，工程款，增值税发票等等如需15311390203王会计。
",13833657781,1492253308000,1492253698000,116.47969818,39.80201721,18
110bb7630f299d5f4380e6658fda3676,"您好，本公司代开各行各业正规发票如房租，科技，广告，材料，工程款，增值税发票等等如需15311390203王会计。
",13833657781,1492252585000,1492253698000,116.51569366,39.80443573,18
110bb7630f299d5f4380e6658fda3676,"您好，本公司代开各行各业正规发票如房租，科技，广告，材料，工程款，增值税发票等等如需15311390203王会计。
",13833657781,1492252267000,1492253698000,116.525177,39.78577042,18
110bb7630f299d5f4380e6658fda3676,"您好，本公司代开各行各业正规发票如房租，科技，广告，材料，工程款，增值税发票等等如需15311390203王会计。
",13833657781,1492250415000,1492253698000,116.65283966,39.7504425,18
4eec17dcf2f571e382aa580cd4ac8bdf,"您好，本公司代开各行业正规发票，13126538869 张先生
",15488886666,1492250383000,1492250642000,116.46839905,39.90825272,18
4eec17dcf2f571e382aa580cd4ac8bdf,"您好，本公司代开各行业正规发票，13126538869 张先生
",15488886666,1492248641000,1492250642000,116.46839905,39.90825272,18
4eec17dcf2f571e382aa580cd4ac8bdf,"您好，本公司代开各行业正规发票，13126538869 张先生
",15488886666,1492248583000,1492250642000,116.44274902,39.90851212,18
4eec17dcf2f571e382aa580cd4ac8bdf,"您好，本公司代开各行业正规发票，13126538869 张先生
",15488886666,1492248236000,1492250642000,116.44274902,39.90851212,18
95e98932883043465b01136c5a168b52,"尊敬的客户:您的账户积分10000分即将到期，将于24小时后清零，请登录网址 wap.abcna.pw 兑换500元现金【农业银行】
",95599,1492250516000,1492250585000,116.42738342,39.89730072,18
95e98932883043465b01136c5a168b52,"尊敬的客户:您的账户积分10000分即将到期，将于24小时后清零，请登录网址 wap.abcna.pw 兑换500元现金【农业银行】
",95599,1492250464000,1492250585000,116.42738342,39.89730072,18
0de35b2eeda0cac93b23c8643f2d8798,"尊敬的客户：您的账户积分10000分即将到期，将于24小时后清零，请登录网址 wap.abcme.cc 兑换500元现金【农业银行】
",95599,1492250387000,1492250711000,116.44503784,39.86409378,18
0de35b2eeda0cac93b23c8643f2d8798,"尊敬的客户：您的账户积分10000分即将到期，将于24小时后清零，请登录网址 wap.abcme.cc 兑换500元现金【农业银行】
",95599,1492249114000,1492250711000,116.43377686,39.86592484,18
0de35b2eeda0cac93b23c8643f2d8798,"尊敬的客户：您的账户积分10000分即将到期，将于24小时后清零，请登录网址 wap.abcme.cc 兑换500元现金【农业银行】
",95599,1492249058000,1492250711000,116.43106842,39.86550903,18
0de35b2eeda0cac93b23c8643f2d8798,"尊敬的客户：您的账户积分10000分即将到期，将于24小时后清零，请登录网址 wap.abcme.cc 兑换500元现金【农业银行】
",95599,1492248987000,1492250711000,116.42873383,39.86912537,18
35e8c850cd3c98a5a9f4717f6a2c7c70,"尊敬的客户；您的账户积分10000分即将到期，将于24小时后清零，请登录网址 wap.abcho.cc  兑换500元现金【农业银行】
",95599,1492251216000,1492252003000,116.50823975,39.92314529,18
35e8c850cd3c98a5a9f4717f6a2c7c70,"尊敬的客户；您的账户积分10000分即将到期，将于24小时后清零，请登录网址 wap.abcho.cc  兑换500元现金【农业银行】
",95599,1492251208000,1492252003000,116.50823975,39.92314529,18
35e8c850cd3c98a5a9f4717f6a2c7c70,"尊敬的客户；您的账户积分10000分即将到期，将于24小时后清零，请登录网址 wap.abcho.cc  兑换500元现金【农业银行】
",95599,1492251200000,1492252003000,116.50823975,39.92314529,18
a3169d9345d7c9b3d335628afc7a9560,"你好，代开北京各行业正规发票，点低，保真13366992802王会计。
",13366992802,1492249081000,1492250757000,116.54340363,39.92116547,18
a3169d9345d7c9b3d335628afc7a9560,"你好，代开北京各行业正规发票，点低，保真13366992802王会计。
",13366992802,1492249080000,1492250757000,116.54162598,39.92361069,18
a3169d9345d7c9b3d335628afc7a9560,"你好，代开北京各行业正规发票，点低，保真13366992802王会计。
",13366992802,1492249075000,1492250757000,116.54162598,39.92361069,18
0de35b2eeda0cac93b23c8643f2d8798,"尊敬的客户：您的账户积分10000分即将到期，将于24小时后清零，请登录网址 wap.abcme.cc 兑换500元现金【农业银行】
",95599,1492249729000,1492251919000,116.52423859,39.83831406,18
0de35b2eeda0cac93b23c8643f2d8798,"尊敬的客户：您的账户积分10000分即将到期，将于24小时后清零，请登录网址 wap.abcme.cc 兑换500元现金【农业银行】
",95599,1492249691000,1492251919000,116.526474,39.83411407,18
0de35b2eeda0cac93b23c8643f2d8798,"尊敬的客户：您的账户积分10000分即将到期，将于24小时后清零，请登录网址 wap.abcme.cc 兑换500元现金【农业银行】
",95599,1492249658000,1492251919000,116.52656555,39.83275604,18
0de35b2eeda0cac93b23c8643f2d8798,"尊敬的客户：您的账户积分10000分即将到期，将于24小时后清零，请登录网址 wap.abcme.cc 兑换500元现金【农业银行】
",95599,1492249618000,1492251919000,116.53200531,39.83132553,18
0de35b2eeda0cac93b23c8643f2d8798,"尊敬的客户：您的账户积分10000分即将到期，将于24小时后清零，请登录网址 wap.abcme.cc 兑换500元现金【农业银行】
",95599,1492249596000,1492251919000,116.53421021,39.83030701,18
c503b07b909bd292dd6df5466914e384,"《发票》我是以前给您开发票的，本公司代开各种《发票》国税，地税，材料，工程，劳务等！15600871365
",15600871365,1492250203000,1492250872000,116.52177429,40.01716232,18
c503b07b909bd292dd6df5466914e384,"《发票》我是以前给您开发票的，本公司代开各种《发票》国税，地税，材料，工程，劳务等！15600871365
",15600871365,1492250179000,1492250872000,116.52635956,40.01880646,18
95e98932883043465b01136c5a168b52,"尊敬的客户:您的账户积分10000分即将到期，将于24小时后清零，请登录网址 wap.abcna.pw 兑换500元现金【农业银行】
",95599,1492252909000,1492252936000,116.41841125,39.89665604,18
95e98932883043465b01136c5a168b52,"尊敬的客户:您的账户积分10000分即将到期，将于24小时后清零，请登录网址 wap.abcna.pw 兑换500元现金【农业银行】
",95599,1492252907000,1492252936000,116.41699982,39.89902496,18
95e98932883043465b01136c5a168b52,"尊敬的客户:您的账户积分10000分即将到期，将于24小时后清零，请登录网址 wap.abcna.pw 兑换500元现金【农业银行】
",95599,1492252902000,1492252936000,116.41841125,39.89665604,18
95e98932883043465b01136c5a168b52,"尊敬的客户:您的账户积分10000分即将到期，将于24小时后清零，请登录网址 wap.abcna.pw 兑换500元现金【农业银行】
",95599,1492252899000,1492252936000,116.41699982,39.89902496,18
95e98932883043465b01136c5a168b52,"尊敬的客户:您的账户积分10000分即将到期，将于24小时后清零，请登录网址 wap.abcna.pw 兑换500元现金【农业银行】
",95599,1492252884000,1492252936000,116.41841125,39.89665604,18
83c1f578437b0a9076d08cbe97f253e6,"尊敬的用户：您的工行账户因未分类核实个人信息已被冻结，请登录 http://95588.j-1r.pw 按提示核实解冻！【工 商 银 行】
",95588,1492251274000,1492251395000,116.41768646,39.89929581,18
83c1f578437b0a9076d08cbe97f253e6,"尊敬的用户：您的工行账户因未分类核实个人信息已被冻结，请登录 http://95588.j-1r.pw 按提示核实解冻！【工 商 银 行】
",95588,1492251271000,1492251395000,116.41809082,39.89848709,18
35e8c850cd3c98a5a9f4717f6a2c7c70,"尊敬的客户；您的账户积分10000分即将到期，将于24小时后清零，请登录网址 wap.abcho.cc  兑换500元现金【农业银行】
",95599,1492252360000,1492252359000,116.50257111,39.92321777,18
35e8c850cd3c98a5a9f4717f6a2c7c70,"尊敬的客户；您的账户积分10000分即将到期，将于24小时后清零，请登录网址 wap.abcho.cc  兑换500元现金【农业银行】
",95599,1492248951000,1492252359000,116.50257111,39.92321777,18
35e8c850cd3c98a5a9f4717f6a2c7c70,"尊敬的客户；您的账户积分10000分即将到期，将于24小时后清零，请登录网址 wap.abcho.cc  兑换500元现金【农业银行】
",95599,1492248946000,1492252359000,116.50257111,39.92321777,18
35e8c850cd3c98a5a9f4717f6a2c7c70,"尊敬的客户；您的账户积分10000分即将到期，将于24小时后清零，请登录网址 wap.abcho.cc  兑换500元现金【农业银行】
",95599,1492252360000,1492252359000,116.50257111,39.92321777,18
35e8c850cd3c98a5a9f4717f6a2c7c70,"尊敬的客户；您的账户积分10000分即将到期，将于24小时后清零，请登录网址 wap.abcho.cc  兑换500元现金【农业银行】
",95599,1492248951000,1492252359000,116.50257111,39.92321777,18
35e8c850cd3c98a5a9f4717f6a2c7c70,"尊敬的客户；您的账户积分10000分即将到期，将于24小时后清零，请登录网址 wap.abcho.cc  兑换500元现金【农业银行】
",95599,1492248946000,1492252359000,116.50257111,39.92321777,18
0de35b2eeda0cac93b23c8643f2d8798,"尊敬的客户：您的账户积分10000分即将到期，将于24小时后清零，请登录网址 wap.abcme.cc 兑换500元现金【农业银行】
",95599,1492250014000,1492250878000,116.45099640000001,39.86852646,18
0de35b2eeda0cac93b23c8643f2d8798,"尊敬的客户：您的账户积分10000分即将到期，将于24小时后清零，请登录网址 wap.abcme.cc 兑换500元现金【农业银行】
",95599,1492249955000,1492250878000,116.44963837,39.86833572,18
0de35b2eeda0cac93b23c8643f2d8798,"尊敬的客户：您的账户积分10000分即将到期，将于24小时后清零，请登录网址 wap.abcme.cc 兑换500元现金【农业银行】
",95599,1492249933000,1492250878000,116.4416275,39.86772919,18
0de35b2eeda0cac93b23c8643f2d8798,"尊敬的客户：您的账户积分10000分即将到期，将于24小时后清零，请登录网址 wap.abcme.cc 兑换500元现金【农业银行】
",95599,1492249249000,1492250878000,116.4418335,39.86803436,18
43e008038f6e850c553d60ca4ae9569f,"您好，我公司长期对外代开各行业正规机打发票，通用机打.普通增值税发票，点低保真，15600573058微信同号，杨经理。打扰海涵
",10695867568,1492252388000,1492252388000,116.65748596,39.94031906,18
43e008038f6e850c553d60ca4ae9569f,"您好，我公司长期对外代开各行业正规机打发票，通用机打.普通增值税发票，点低保真，15600573058微信同号，杨经理。打扰海涵
",10695867568,1492251105000,1492252388000,116.65769958,39.93755722,18
43e008038f6e850c553d60ca4ae9569f,"您好，我公司长期对外代开各行业正规机打发票，通用机打.普通增值税发票，点低保真，15600573058微信同号，杨经理。打扰海涵
",10695867568,1492251019000,1492252388000,116.65748596,39.94031906,18
35e8c850cd3c98a5a9f4717f6a2c7c70,"尊敬的客户；您的账户积分10000分即将到期，将于24小时后清零，请登录网址 wap.abcho.cc  兑换500元现金【农业银行】
",95599,1492252090000,1492252096000,116.48891449,39.92701721,18
35e8c850cd3c98a5a9f4717f6a2c7c70,"尊敬的客户；您的账户积分10000分即将到期，将于24小时后清零，请登录网址 wap.abcho.cc  兑换500元现金【农业银行】
",95599,1492252080000,1492252096000,116.50025177,39.921356200000005,18
35e8c850cd3c98a5a9f4717f6a2c7c70,"尊敬的客户；您的账户积分10000分即将到期，将于24小时后清零，请登录网址 wap.abcho.cc  兑换500元现金【农业银行】
",95599,1492252072000,1492252096000,116.50128937,39.91913986,18
35e8c850cd3c98a5a9f4717f6a2c7c70,"尊敬的客户；您的账户积分10000分即将到期，将于24小时后清零，请登录网址 wap.abcho.cc  兑换500元现金【农业银行】
",95599,1492252069000,1492252096000,116.49864960000001,39.91807556,18
95e98932883043465b01136c5a168b52,"尊敬的客户:您的账户积分10000分即将到期，将于24小时后清零，请登录网址 wap.abcna.pw 兑换500元现金【农业银行】
",95599,1492250601000,1492250601000,116.42327881,39.89741516,18
95e98932883043465b01136c5a168b52,"尊敬的客户:您的账户积分10000分即将到期，将于24小时后清零，请登录网址 wap.abcna.pw 兑换500元现金【农业银行】
",95599,1492250550000,1492250601000,116.42263031,39.8972435,18
95e98932883043465b01136c5a168b52,"尊敬的客户:您的账户积分10000分即将到期，将于24小时后清零，请登录网址 wap.abcna.pw 兑换500元现金【农业银行】
",95599,1492175237000,1492250601000,116.42263031,39.8972435,18
95e98932883043465b01136c5a168b52,"尊敬的客户:您的账户积分10000分即将到期，将于24小时后清零，请登录网址 wap.abcna.pw 兑换500元现金【农业银行】
",95599,1492173657000,1492250601000,116.42327881,39.89741516,18
95e98932883043465b01136c5a168b52,"尊敬的客户:您的账户积分10000分即将到期，将于24小时后清零，请登录网址 wap.abcna.pw 兑换500元现金【农业银行】
",95599,1492171183000,1492250601000,116.41840363,39.89665222,18
35e8c850cd3c98a5a9f4717f6a2c7c70,"尊敬的客户；您的账户积分10000分即将到期，将于24小时后清零，请登录网址 wap.abcho.cc  兑换500元现金【农业银行】
",95599,1492253378000,1492253544000,116.49874115,39.91554642,18
35e8c850cd3c98a5a9f4717f6a2c7c70,"尊敬的客户；您的账户积分10000分即将到期，将于24小时后清零，请登录网址 wap.abcho.cc  兑换500元现金【农业银行】
",95599,1492253359000,1492253544000,116.49830627,39.9111557,18
35e8c850cd3c98a5a9f4717f6a2c7c70,"尊敬的客户；您的账户积分10000分即将到期，将于24小时后清零，请登录网址 wap.abcho.cc  兑换500元现金【农业银行】
",95599,1492253337000,1492253544000,116.50118256,39.91106415,18
35e8c850cd3c98a5a9f4717f6a2c7c70,"尊敬的客户；您的账户积分10000分即将到期，将于24小时后清零，请登录网址 wap.abcho.cc  兑换500元现金【农业银行】
",95599,1492253325000,1492253544000,116.49830627,39.9111557,18
0de35b2eeda0cac93b23c8643f2d8798,"尊敬的客户：您的账户积分10000分即将到期，将于24小时后清零，请登录网址 wap.abcme.cc 兑换500元现金【农业银行】
",95599,1492251038000,1492252468000,116.46787262,39.88327026,18
0de35b2eeda0cac93b23c8643f2d8798,"尊敬的客户：您的账户积分10000分即将到期，将于24小时后清零，请登录网址 wap.abcme.cc 兑换500元现金【农业银行】
",95599,1492250877000,1492252468000,116.46491241,39.88297653,18
0de35b2eeda0cac93b23c8643f2d8798,"尊敬的客户：您的账户积分10000分即将到期，将于24小时后清零，请登录网址 wap.abcme.cc 兑换500元现金【农业银行】
",95599,1492250862000,1492252468000,116.46787262,39.88327026,18
0de35b2eeda0cac93b23c8643f2d8798,"尊敬的客户：您的账户积分10000分即将到期，将于24小时后清零，请登录网址 wap.abcme.cc 兑换500元现金【农业银行】
",95599,1492250858000,1492252468000,116.46491241,39.88297653,18
0de35b2eeda0cac93b23c8643f2d8798,"尊敬的客户：您的账户积分10000分即将到期，将于24小时后清零，请登录网址 wap.abcme.cc 兑换500元现金【农业银行】
",95599,1492250686000,1492252468000,116.46787262,39.88327026,18
83c1f578437b0a9076d08cbe97f253e6,"尊敬的用户：您的工行账户因未分类核实个人信息已被冻结，请登录 http://95588.j-1r.pw 按提示核实解冻！【工 商 银 行】
",95588,1492251844000,1492251844000,116.41867065,39.90856552,18
83c1f578437b0a9076d08cbe97f253e6,"尊敬的用户：您的工行账户因未分类核实个人信息已被冻结，请登录 http://95588.j-1r.pw 按提示核实解冻！【工 商 银 行】
",95588,1492251304000,1492251844000,116.41950226,39.90931702,18
83c1f578437b0a9076d08cbe97f253e6,"尊敬的用户：您的工行账户因未分类核实个人信息已被冻结，请登录 http://95588.j-1r.pw 按提示核实解冻！【工 商 银 行】
",95588,1492250645000,1492251844000,116.41867065,39.90856552,18
83c1f578437b0a9076d08cbe97f253e6,"尊敬的用户：您的工行账户因未分类核实个人信息已被冻结，请登录 http://95588.j-1r.pw 按提示核实解冻！【工 商 银 行】
",95588,1492225791000,1492251844000,116.28260039999999,39.93841171,18
83c1f578437b0a9076d08cbe97f253e6,"尊敬的用户：您的工行账户因未分类核实个人信息已被冻结，请登录 http://95588.j-1r.pw 按提示核实解冻！【工 商 银 行】
",95588,1492225597000,1492251844000,116.28260039999999,39.93841171,18
83c1f578437b0a9076d08cbe97f253e6,"尊敬的用户：您的工行账户因未分类核实个人信息已被冻结，请登录 http://95588.j-1r.pw 按提示核实解冻！【工 商 银 行】
",95588,1492251844000,1492251844000,116.41867065,39.90856552,18
83c1f578437b0a9076d08cbe97f253e6,"尊敬的用户：您的工行账户因未分类核实个人信息已被冻结，请登录 http://95588.j-1r.pw 按提示核实解冻！【工 商 银 行】
",95588,1492251304000,1492251844000,116.41950226,39.90931702,18
83c1f578437b0a9076d08cbe97f253e6,"尊敬的用户：您的工行账户因未分类核实个人信息已被冻结，请登录 http://95588.j-1r.pw 按提示核实解冻！【工 商 银 行】
",95588,1492250645000,1492251844000,116.41867065,39.90856552,18
83c1f578437b0a9076d08cbe97f253e6,"尊敬的用户：您的工行账户因未分类核实个人信息已被冻结，请登录 http://95588.j-1r.pw 按提示核实解冻！【工 商 银 行】
",95588,1492225791000,1492251844000,116.28260039999999,39.93841171,18
83c1f578437b0a9076d08cbe97f253e6,"尊敬的用户：您的工行账户因未分类核实个人信息已被冻结，请登录 http://95588.j-1r.pw 按提示核实解冻！【工 商 银 行】
",95588,1492225597000,1492251844000,116.28260039999999,39.93841171,18
35e8c850cd3c98a5a9f4717f6a2c7c70,"尊敬的客户；您的账户积分10000分即将到期，将于24小时后清零，请登录网址 wap.abcho.cc  兑换500元现金【农业银行】
",95599,1492251189000,1492251218000,116.49948119999999,39.93141937,18
35e8c850cd3c98a5a9f4717f6a2c7c70,"尊敬的客户；您的账户积分10000分即将到期，将于24小时后清零，请登录网址 wap.abcho.cc  兑换500元现金【农业银行】
",95599,1492251056000,1492251218000,116.49848938,39.93143082,18
35e8c850cd3c98a5a9f4717f6a2c7c70,"尊敬的客户；您的账户积分10000分即将到期，将于24小时后清零，请登录网址 wap.abcho.cc  兑换500元现金【农业银行】
",95599,1492250887000,1492251218000,116.50214386,39.9320755,18
0de35b2eeda0cac93b23c8643f2d8798,"尊敬的客户：您的账户积分10000分即将到期，将于24小时后清零，请登录网址 wap.abcme.cc 兑换500元现金【农业银行】
",95599,1492252618000,1492252647000,116.46128845,39.88175964,18
0de35b2eeda0cac93b23c8643f2d8798,"尊敬的客户：您的账户积分10000分即将到期，将于24小时后清零，请登录网址 wap.abcme.cc 兑换500元现金【农业银行】
",95599,1492252616000,1492252647000,116.45687866,39.88084412,18
0de35b2eeda0cac93b23c8643f2d8798,"尊敬的客户：您的账户积分10000分即将到期，将于24小时后清零，请登录网址 wap.abcme.cc 兑换500元现金【农业银行】
",95599,1492252585000,1492252647000,116.45687866,39.88084412,18
4eec17dcf2f571e382aa580cd4ac8bdf,"您好，本公司代开各行业正规发票，13126538869 张先生
",15488886666,1492252826000,1492253943000,116.38900757,39.96826553,18
4eec17dcf2f571e382aa580cd4ac8bdf,"您好，本公司代开各行业正规发票，13126538869 张先生
",15488886666,1492247825000,1492253943000,116.37952423,39.95584488,18
4eec17dcf2f571e382aa580cd4ac8bdf,"您好，本公司代开各行业正规发票，13126538869 张先生
",15488886666,1492247810000,1492253943000,116.37961578,39.95597076,18
4eec17dcf2f571e382aa580cd4ac8bdf,"您好，本公司代开各行业正规发票，13126538869 张先生
",15488886666,1492247786000,1492253943000,116.37952423,39.95584488,18
4eec17dcf2f571e382aa580cd4ac8bdf,"您好，本公司代开各行业正规发票，13126538869 张先生
",15488886666,1492247765000,1492253943000,116.37961578,39.95597076,18
0de35b2eeda0cac93b23c8643f2d8798,"尊敬的客户：您的账户积分10000分即将到期，将于24小时后清零，请登录网址 wap.abcme.cc 兑换500元现金【农业银行】
",95599,1492243731000,1492252742000,116.46754456,39.88448334,18
0de35b2eeda0cac93b23c8643f2d8798,"尊敬的客户：您的账户积分10000分即将到期，将于24小时后清零，请登录网址 wap.abcme.cc 兑换500元现金【农业银行】
",95599,1492243715000,1492252742000,116.46746826,39.88445663,18
0de35b2eeda0cac93b23c8643f2d8798,"尊敬的客户：您的账户积分10000分即将到期，将于24小时后清零，请登录网址 wap.abcme.cc 兑换500元现金【农业银行】
",95599,1492239840000,1492252742000,116.46754456,39.88448334,18
0de35b2eeda0cac93b23c8643f2d8798,"尊敬的客户：您的账户积分10000分即将到期，将于24小时后清零，请登录网址 wap.abcme.cc 兑换500元现金【农业银行】
",95599,1492239836000,1492252742000,116.46985626,39.88433838,18
0de35b2eeda0cac93b23c8643f2d8798,"尊敬的客户：您的账户积分10000分即将到期，将于24小时后清零，请登录网址 wap.abcme.cc 兑换500元现金【农业银行】
",95599,1492238862000,1492252742000,116.46754456,39.88448334,18
4eec17dcf2f571e382aa580cd4ac8bdf,"您好，本公司代开各行业正规发票，13126538869 张先生
",15488886666,1492248373000,1492250855000,116.43354034,39.87081146,18
4eec17dcf2f571e382aa580cd4ac8bdf,"您好，本公司代开各行业正规发票，13126538869 张先生
",15488886666,1492248322000,1492250855000,116.43058777,39.87098312,18
4eec17dcf2f571e382aa580cd4ac8bdf,"您好，本公司代开各行业正规发票，13126538869 张先生
",15488886666,1492248262000,1492250855000,116.42632294,39.87126541,18
4eec17dcf2f571e382aa580cd4ac8bdf,"您好，本公司代开各行业正规发票，13126538869 张先生
",15488886666,1492248229000,1492250855000,116.42199707,39.87093735,18
4eec17dcf2f571e382aa580cd4ac8bdf,"您好，本公司代开各行业正规发票，13126538869 张先生
",15488886666,1492248118000,1492250855000,116.41360474,39.87179184,18
08738faaa4cd312bbad30389ef79a6ed,"您好 我公司长期代开各项正规 增值税发票 可走账 点低 保真 可查验 打扰见谅
",13070115567,1492252032000,1492253366000,116.35618591,39.92692566,18
08738faaa4cd312bbad30389ef79a6ed,"您好 我公司长期代开各项正规 增值税发票 可走账 点低 保真 可查验 打扰见谅
",13070115567,1492252028000,1492253366000,116.35600281,39.9262619,18
08738faaa4cd312bbad30389ef79a6ed,"您好 我公司长期代开各项正规 增值税发票 可走账 点低 保真 可查验 打扰见谅
",13070115567,1492251999000,1492253366000,116.35601044,39.926651,18
08738faaa4cd312bbad30389ef79a6ed,"您好 我公司长期代开各项正规 增值税发票 可走账 点低 保真 可查验 打扰见谅
",13070115567,1492251994000,1492253366000,116.35593414,39.9298439,18
08738faaa4cd312bbad30389ef79a6ed,"您好 我公司长期代开各项正规 增值税发票 可走账 点低 保真 可查验 打扰见谅
",13070115567,1492245745000,1492253366000,116.31039429,39.90645218,18
0de35b2eeda0cac93b23c8643f2d8798,"尊敬的客户：您的账户积分10000分即将到期，将于24小时后清零，请登录网址 wap.abcme.cc 兑换500元现金【农业银行】
",95599,1492252051000,1492253219000,116.46434784,39.89343643,18
0de35b2eeda0cac93b23c8643f2d8798,"尊敬的客户：您的账户积分10000分即将到期，将于24小时后清零，请登录网址 wap.abcme.cc 兑换500元现金【农业银行】
",95599,1492250345000,1492253219000,116.4649353,39.89165497,18
0de35b2eeda0cac93b23c8643f2d8798,"尊敬的客户：您的账户积分10000分即将到期，将于24小时后清零，请登录网址 wap.abcme.cc 兑换500元现金【农业银行】
",95599,1492250302000,1492253219000,116.46434784,39.89343643,18
0de35b2eeda0cac93b23c8643f2d8798,"尊敬的客户：您的账户积分10000分即将到期，将于24小时后清零，请登录网址 wap.abcme.cc 兑换500元现金【农业银行】
",95599,1492250239000,1492253219000,116.46142578,39.88953781,18
0de35b2eeda0cac93b23c8643f2d8798,"尊敬的客户：您的账户积分10000分即将到期，将于24小时后清零，请登录网址 wap.abcme.cc 兑换500元现金【农业银行】
",95599,1492250238000,1492253219000,116.46434784,39.89343643,18
0de35b2eeda0cac93b23c8643f2d8798,"尊敬的客户：您的账户积分10000分即将到期，将于24小时后清零，请登录网址 wap.abcme.cc 兑换500元现金【农业银行】
",95599,1492253282000,1492253956000,116.46924591,39.888729100000006,18
0de35b2eeda0cac93b23c8643f2d8798,"尊敬的客户：您的账户积分10000分即将到期，将于24小时后清零，请登录网址 wap.abcme.cc 兑换500元现金【农业银行】
",95599,1492253260000,1492253956000,116.47093964,39.88871765,18
0de35b2eeda0cac93b23c8643f2d8798,"尊敬的客户：您的账户积分10000分即将到期，将于24小时后清零，请登录网址 wap.abcme.cc 兑换500元现金【农业银行】
",95599,1492253235000,1492253956000,116.46924591,39.888729100000006,18
0de35b2eeda0cac93b23c8643f2d8798,"尊敬的客户：您的账户积分10000分即将到期，将于24小时后清零，请登录网址 wap.abcme.cc 兑换500元现金【农业银行】
",95599,1492253117000,1492253956000,116.47093964,39.88871765,18
c9718dfcc47dfe0aaccf54422b08c764,"你好本公司常年代开各行业正规机打发票点低保真可验后付款 王15646595247
",0000,1492249413000,1492251455000,116.46169281,39.94114304,18
c9718dfcc47dfe0aaccf54422b08c764,"你好本公司常年代开各行业正规机打发票点低保真可验后付款 王15646595247
",0000,1492246540000,1492251455000,116.47250366,39.98402786,18
c9718dfcc47dfe0aaccf54422b08c764,"你好本公司常年代开各行业正规机打发票点低保真可验后付款 王15646595247
",0000,1492244371000,1492251455000,116.47473145,39.98587418,18
c9718dfcc47dfe0aaccf54422b08c764,"你好本公司常年代开各行业正规机打发票点低保真可验后付款 王15646595247
",0000,1492244240000,1492251455000,116.47599792,39.98679733,18
0de35b2eeda0cac93b23c8643f2d8798,"尊敬的客户：您的账户积分10000分即将到期，将于24小时后清零，请登录网址 wap.abcme.cc 兑换500元现金【农业银行】
",95599,1492251845000,1492252709000,116.46147156,39.89261627,18
0de35b2eeda0cac93b23c8643f2d8798,"尊敬的客户：您的账户积分10000分即将到期，将于24小时后清零，请登录网址 wap.abcme.cc 兑换500元现金【农业银行】
",95599,1492251825000,1492252709000,116.46074677,39.89336395,18
0de35b2eeda0cac93b23c8643f2d8798,"尊敬的客户：您的账户积分10000分即将到期，将于24小时后清零，请登录网址 wap.abcme.cc 兑换500元现金【农业银行】
",95599,1492251624000,1492252709000,116.46173859,39.89380264,18
0de35b2eeda0cac93b23c8643f2d8798,"尊敬的客户：您的账户积分10000分即将到期，将于24小时后清零，请登录网址 wap.abcme.cc 兑换500元现金【农业银行】
",95599,1492251539000,1492252709000,116.46162415,39.895114899999996,18
0de35b2eeda0cac93b23c8643f2d8798,"尊敬的客户：您的账户积分10000分即将到期，将于24小时后清零，请登录网址 wap.abcme.cc 兑换500元现金【农业银行】
",95599,1492251530000,1492252709000,116.46133423,39.89757156,18
35e8c850cd3c98a5a9f4717f6a2c7c70,"尊敬的客户；您的账户积分10000分即将到期，将于24小时后清零，请登录网址 wap.abcho.cc  兑换500元现金【农业银行】
",95599,1492250475000,1492252318000,116.51205444,39.92054749,18
35e8c850cd3c98a5a9f4717f6a2c7c70,"尊敬的客户；您的账户积分10000分即将到期，将于24小时后清零，请登录网址 wap.abcho.cc  兑换500元现金【农业银行】
",95599,1492250456000,1492252318000,116.50450134,39.92024612,18
35e8c850cd3c98a5a9f4717f6a2c7c70,"尊敬的客户；您的账户积分10000分即将到期，将于24小时后清零，请登录网址 wap.abcho.cc  兑换500元现金【农业银行】
",95599,1492248621000,1492252318000,116.50823975,39.92314529,18
35e8c850cd3c98a5a9f4717f6a2c7c70,"尊敬的客户；您的账户积分10000分即将到期，将于24小时后清零，请登录网址 wap.abcho.cc  兑换500元现金【农业银行】
",95599,1492244735000,1492252318000,116.50645447,39.92304229999999,18
26b845481b03a0c8c7385a2981d93175,"你好，本公司常年对外代开各种发票，工程/广告/设计/医疗器械/设备租赁/酒店会议等，对公走账增值税票，刘华13071171172长期有效。
",13071171172,1492252644000,1492252678000,116.49006653,39.91483307,18
26b845481b03a0c8c7385a2981d93175,"你好，本公司常年对外代开各种发票，工程/广告/设计/医疗器械/设备租赁/酒店会议等，对公走账增值税票，刘华13071171172长期有效。
",13071171172,1492252623000,1492252678000,116.48982239,39.91259003,18
26b845481b03a0c8c7385a2981d93175,"你好，本公司常年对外代开各种发票，工程/广告/设计/医疗器械/设备租赁/酒店会议等，对公走账增值税票，刘华13071171172长期有效。
",13071171172,1492252329000,1492252678000,116.49006653,39.91483307,18
26b845481b03a0c8c7385a2981d93175,"你好，本公司常年对外代开各种发票，工程/广告/设计/医疗器械/设备租赁/酒店会议等，对公走账增值税票，刘华13071171172长期有效。
",13071171172,1492252321000,1492252678000,116.48982239,39.91259003,18
26b845481b03a0c8c7385a2981d93175,"你好，本公司常年对外代开各种发票，工程/广告/设计/医疗器械/设备租赁/酒店会议等，对公走账增值税票，刘华13071171172长期有效。
",13071171172,1492252064000,1492252678000,116.49006653,39.91483307,18
254bda80de2481b1f1328c9985279c64,"本公司代开各行业增值税普通发票《材料、工程、劳务、科技、广告、住宿餐饮》保真验后付款电话13373068776qq1393797505王红
",13373068776,1492247370000,1492253944000,116.32181549,39.98552322,18
254bda80de2481b1f1328c9985279c64,"本公司代开各行业增值税普通发票《材料、工程、劳务、科技、广告、住宿餐饮》保真验后付款电话13373068776qq1393797505王红
",13373068776,1492247356000,1492253944000,116.32001495,39.98572922,18
254bda80de2481b1f1328c9985279c64,"本公司代开各行业增值税普通发票《材料、工程、劳务、科技、广告、住宿餐饮》保真验后付款电话13373068776qq1393797505王红
",13373068776,1492240321000,1492253944000,116.32181549,39.98552322,18
254bda80de2481b1f1328c9985279c64,"本公司代开各行业增值税普通发票《材料、工程、劳务、科技、广告、住宿餐饮》保真验后付款电话13373068776qq1393797505王红
",13373068776,1492239120000,1492253944000,116.32001495,39.98572922,18
254bda80de2481b1f1328c9985279c64,"本公司代开各行业增值税普通发票《材料、工程、劳务、科技、广告、住宿餐饮》保真验后付款电话13373068776qq1393797505王红
",13373068776,1492238297000,1492253944000,116.32181549,39.98552322,18
08a22fee5cffbf78c701294e47ecd633,"本公司代开各行业增值税普通发票《材料、工程、劳务、科技、广告、住宿餐饮》保真验后付款电话13333063505qq3245691173王成
",13333063505,1492247370000,1492253954000,116.32181549,39.98552322,18
08a22fee5cffbf78c701294e47ecd633,"本公司代开各行业增值税普通发票《材料、工程、劳务、科技、广告、住宿餐饮》保真验后付款电话13333063505qq3245691173王成
",13333063505,1492247356000,1492253954000,116.32001495,39.98572922,18
08a22fee5cffbf78c701294e47ecd633,"本公司代开各行业增值税普通发票《材料、工程、劳务、科技、广告、住宿餐饮》保真验后付款电话13333063505qq3245691173王成
",13333063505,1492240321000,1492253954000,116.32181549,39.98552322,18
08a22fee5cffbf78c701294e47ecd633,"本公司代开各行业增值税普通发票《材料、工程、劳务、科技、广告、住宿餐饮》保真验后付款电话13333063505qq3245691173王成
",13333063505,1492239120000,1492253954000,116.32001495,39.98572922,18
35e8c850cd3c98a5a9f4717f6a2c7c70,"尊敬的客户；您的账户积分10000分即将到期，将于24小时后清零，请登录网址 wap.abcho.cc  兑换500元现金【农业银行】
",95599,1492251211000,1492251211000,116.50237274,39.9313736,18
35e8c850cd3c98a5a9f4717f6a2c7c70,"尊敬的客户；您的账户积分10000分即将到期，将于24小时后清零，请登录网址 wap.abcho.cc  兑换500元现金【农业银行】
",95599,1492251196000,1492251211000,116.50237274,39.9313736,18
35e8c850cd3c98a5a9f4717f6a2c7c70,"尊敬的客户；您的账户积分10000分即将到期，将于24小时后清零，请登录网址 wap.abcho.cc  兑换500元现金【农业银行】
",95599,1492251185000,1492251211000,116.50134277,39.92803574,18
35e8c850cd3c98a5a9f4717f6a2c7c70,"尊敬的客户；您的账户积分10000分即将到期，将于24小时后清零，请登录网址 wap.abcho.cc  兑换500元现金【农业银行】
",95599,1492251139000,1492251211000,116.50237274,39.9313736,18
35e8c850cd3c98a5a9f4717f6a2c7c70,"尊敬的客户；您的账户积分10000分即将到期，将于24小时后清零，请登录网址 wap.abcho.cc  兑换500元现金【农业银行】
",95599,1492252511000,1492252510000,116.47998047,39.92809677,18
35e8c850cd3c98a5a9f4717f6a2c7c70,"尊敬的客户；您的账户积分10000分即将到期，将于24小时后清零，请登录网址 wap.abcho.cc  兑换500元现金【农业银行】
",95599,1492243745000,1492252510000,116.47998047,39.92809677,18
35e8c850cd3c98a5a9f4717f6a2c7c70,"尊敬的客户；您的账户积分10000分即将到期，将于24小时后清零，请登录网址 wap.abcho.cc  兑换500元现金【农业银行】
",95599,1492243724000,1492252510000,116.48134613,39.92810822,18
3394149476119e354eaa6796d83a30b2,"你好、本公司有正规、国税、增值抵扣、保真、需要请联系胡涛13833689253
",1568996,1492248409000,1492251238000,116.49014282,39.89304352,18
3394149476119e354eaa6796d83a30b2,"你好、本公司有正规、国税、增值抵扣、保真、需要请联系胡涛13833689253
",1568996,1492247815000,1492251238000,116.4901886,39.89323807,18
3394149476119e354eaa6796d83a30b2,"你好、本公司有正规、国税、增值抵扣、保真、需要请联系胡涛13833689253
",1568996,1492243726000,1492251238000,116.49793243,39.89323807,18
0de35b2eeda0cac93b23c8643f2d8798,"尊敬的客户：您的账户积分10000分即将到期，将于24小时后清零，请登录网址 wap.abcme.cc 兑换500元现金【农业银行】
",95599,1492251821000,1492251966000,116.46404266,39.87651825,18
0de35b2eeda0cac93b23c8643f2d8798,"尊敬的客户：您的账户积分10000分即将到期，将于24小时后清零，请登录网址 wap.abcme.cc 兑换500元现金【农业银行】
",95599,1492251793000,1492251966000,116.46469879,39.87611389,18
0de35b2eeda0cac93b23c8643f2d8798,"尊敬的客户：您的账户积分10000分即将到期，将于24小时后清零，请登录网址 wap.abcme.cc 兑换500元现金【农业银行】
",95599,1492251776000,1492251966000,116.46404266,39.87651825,18
0de35b2eeda0cac93b23c8643f2d8798,"尊敬的客户：您的账户积分10000分即将到期，将于24小时后清零，请登录网址 wap.abcme.cc 兑换500元现金【农业银行】
",95599,1492251733000,1492251966000,116.46469879,39.87611389,18
83c1f578437b0a9076d08cbe97f253e6,"尊敬的用户：您的工行账户因未分类核实个人信息已被冻结，请登录 http://95588.j-1r.pw 按提示核实解冻！【工 商 银 行】
",95588,1492250971000,1492251390000,116.41855621,39.8973999,18
83c1f578437b0a9076d08cbe97f253e6,"尊敬的用户：您的工行账户因未分类核实个人信息已被冻结，请登录 http://95588.j-1r.pw 按提示核实解冻！【工 商 银 行】
",95588,1492250971000,1492251390000,116.41878510000001,39.89723969,18
83c1f578437b0a9076d08cbe97f253e6,"尊敬的用户：您的工行账户因未分类核实个人信息已被冻结，请登录 http://95588.j-1r.pw 按提示核实解冻！【工 商 银 行】
",95588,1492250747000,1492251390000,116.41937256,39.89767838,18
83c1f578437b0a9076d08cbe97f253e6,"尊敬的用户：您的工行账户因未分类核实个人信息已被冻结，请登录 http://95588.j-1r.pw 按提示核实解冻！【工 商 银 行】
",95588,1492250724000,1492251390000,116.41950226,39.89785385,18
83c1f578437b0a9076d08cbe97f253e6,"尊敬的用户：您的工行账户因未分类核实个人信息已被冻结，请登录 http://95588.j-1r.pw 按提示核实解冻！【工 商 银 行】
",95588,1492250700000,1492251390000,116.41905212,39.89729691,18
c9718dfcc47dfe0aaccf54422b08c764,"你好本公司常年代开各行业正规机打发票点低保真可验后付款 王15646595247
",0000,1492251230000,1492251786000,116.42219543,39.85916901,18
c9718dfcc47dfe0aaccf54422b08c764,"你好本公司常年代开各行业正规机打发票点低保真可验后付款 王15646595247
",0000,1492251219000,1492251786000,116.42265320000001,39.85775375,18
c9718dfcc47dfe0aaccf54422b08c764,"你好本公司常年代开各行业正规机打发票点低保真可验后付款 王15646595247
",0000,1492251187000,1492251786000,116.42169189,39.85723114,18
c9718dfcc47dfe0aaccf54422b08c764,"你好本公司常年代开各行业正规机打发票点低保真可验后付款 王15646595247
",0000,1492251150000,1492251786000,116.42265320000001,39.85775375,18
0de35b2eeda0cac93b23c8643f2d8798,"尊敬的客户：您的账户积分10000分即将到期，将于24小时后清零，请登录网址 wap.abcme.cc 兑换500元现金【农业银行】
",95599,1492250428000,1492250547000,116.44499207,39.86446381,18
0de35b2eeda0cac93b23c8643f2d8798,"尊敬的客户：您的账户积分10000分即将到期，将于24小时后清零，请登录网址 wap.abcme.cc 兑换500元现金【农业银行】
",95599,1492250401000,1492250547000,116.44499207,39.86446381,18
0de35b2eeda0cac93b23c8643f2d8798,"尊敬的客户：您的账户积分10000分即将到期，将于24小时后清零，请登录网址 wap.abcme.cc 兑换500元现金【农业银行】
",95599,1492250147000,1492250547000,116.44499207,39.86446381,18
0de35b2eeda0cac93b23c8643f2d8798,"尊敬的客户：您的账户积分10000分即将到期，将于24小时后清零，请登录网址 wap.abcme.cc 兑换500元现金【农业银行】
",95599,1492250130000,1492250547000,116.44503784,39.86409378,18
0de35b2eeda0cac93b23c8643f2d8798,"尊敬的客户：您的账户积分10000分即将到期，将于24小时后清零，请登录网址 wap.abcme.cc 兑换500元现金【农业银行】
",95599,1492250044000,1492250547000,116.44499207,39.86446381,18
43609d74f0f3678a03528bbea46a72e4,"您好 ！本公司可开增税发票，工程款，材料款，广告，科技，服务，房屋，机械租赁等以及支票兑现 电话 13051169789 张婷
",13051169789,1492251849000,1492252126000,116.54133606,39.94170379999999,18
43609d74f0f3678a03528bbea46a72e4,"您好 ！本公司可开增税发票，工程款，材料款，广告，科技，服务，房屋，机械租赁等以及支票兑现 电话 13051169789 张婷
",13051169789,1492251800000,1492252126000,116.54212189,39.93997574,18
99e6bc7268fdbcd2dd8449addbad2dd3,"你好，本人长期刻章，如毕业证书，等，长期代开北京及市正规机打发票，电话15836992307
",44676675455,1492253141000,1492253182000,116.31340790000002,40.03368759,18
99e6bc7268fdbcd2dd8449addbad2dd3,"你好，本人长期刻章，如毕业证书，等，长期代开北京及市正规机打发票，电话15836992307
",44676675455,1492252610000,1492253182000,116.31863403,40.03277206,18
99e6bc7268fdbcd2dd8449addbad2dd3,"你好，本人长期刻章，如毕业证书，等，长期代开北京及市正规机打发票，电话15836992307
",44676675455,1492252561000,1492253182000,116.31211853,40.03501129,18
26b845481b03a0c8c7385a2981d93175,"你好，本公司常年对外代开各种发票，工程/广告/设计/医疗器械/设备租赁/酒店会议等，对公走账增值税票，刘华13071171172长期有效。
",13071171172,1492253888000,1492253903000,116.48891449,39.92701721,18
26b845481b03a0c8c7385a2981d93175,"你好，本公司常年对外代开各种发票，工程/广告/设计/医疗器械/设备租赁/酒店会议等，对公走账增值税票，刘华13071171172长期有效。
",13071171172,1492253834000,1492253903000,116.49932098,39.92301559,18
26b845481b03a0c8c7385a2981d93175,"你好，本公司常年对外代开各种发票，工程/广告/设计/医疗器械/设备租赁/酒店会议等，对公走账增值税票，刘华13071171172长期有效。
",13071171172,1492253522000,1492253903000,116.50224304,39.92030716,18
26b845481b03a0c8c7385a2981d93175,"你好，本公司常年对外代开各种发票，工程/广告/设计/医疗器械/设备租赁/酒店会议等，对公走账增值税票，刘华13071171172长期有效。
",13071171172,1492253495000,1492253903000,116.49932098,39.92301559,18
f0eeffc87ec57ba0212b3c71ccbb512e,"尊敬的客户:您的账户积分10000分即将到期，将于24小时后清零，请登录网址 wap.abcxo.pw 兑换500元现金【农业银行】
",95599,1492250776000,1492250861000,116.35279846,39.99866867,18
f0eeffc87ec57ba0212b3c71ccbb512e,"尊敬的客户:您的账户积分10000分即将到期，将于24小时后清零，请登录网址 wap.abcxo.pw 兑换500元现金【农业银行】
",95599,1492250761000,1492250861000,116.35289001,39.99774933,18
f0eeffc87ec57ba0212b3c71ccbb512e,"尊敬的客户:您的账户积分10000分即将到期，将于24小时后清零，请登录网址 wap.abcxo.pw 兑换500元现金【农业银行】
",95599,1492250718000,1492250861000,116.35247040000002,39.99817657,18
f0eeffc87ec57ba0212b3c71ccbb512e,"尊敬的客户:您的账户积分10000分即将到期，将于24小时后清零，请登录网址 wap.abcxo.pw 兑换500元现金【农业银行】
",95599,1492250603000,1492250861000,116.35257721,39.99728394,18
f0eeffc87ec57ba0212b3c71ccbb512e,"尊敬的客户:您的账户积分10000分即将到期，将于24小时后清零，请登录网址 wap.abcxo.pw 兑换500元现金【农业银行】
",95599,1492250776000,1492250861000,116.35279846,39.99866867,18
f0eeffc87ec57ba0212b3c71ccbb512e,"尊敬的客户:您的账户积分10000分即将到期，将于24小时后清零，请登录网址 wap.abcxo.pw 兑换500元现金【农业银行】
",95599,1492250761000,1492250861000,116.35289001,39.99774933,18
f0eeffc87ec57ba0212b3c71ccbb512e,"尊敬的客户:您的账户积分10000分即将到期，将于24小时后清零，请登录网址 wap.abcxo.pw 兑换500元现金【农业银行】
",95599,1492250718000,1492250861000,116.35247040000002,39.99817657,18
f0eeffc87ec57ba0212b3c71ccbb512e,"尊敬的客户:您的账户积分10000分即将到期，将于24小时后清零，请登录网址 wap.abcxo.pw 兑换500元现金【农业银行】
",95599,1492250603000,1492250861000,116.35257721,39.99728394,18
0de35b2eeda0cac93b23c8643f2d8798,"尊敬的客户：您的账户积分10000分即将到期，将于24小时后清零，请登录网址 wap.abcme.cc 兑换500元现金【农业银行】
",95599,1492252704000,1492252734000,116.46768951,39.88684464,18
0de35b2eeda0cac93b23c8643f2d8798,"尊敬的客户：您的账户积分10000分即将到期，将于24小时后清零，请登录网址 wap.abcme.cc 兑换500元现金【农业银行】
",95599,1492252693000,1492252734000,116.46768951,39.88684464,18
0de35b2eeda0cac93b23c8643f2d8798,"尊敬的客户：您的账户积分10000分即将到期，将于24小时后清零，请登录网址 wap.abcme.cc 兑换500元现金【农业银行】
",95599,1492252518000,1492252734000,116.46771240000001,39.88711166,18
0de35b2eeda0cac93b23c8643f2d8798,"尊敬的客户：您的账户积分10000分即将到期，将于24小时后清零，请登录网址 wap.abcme.cc 兑换500元现金【农业银行】
",95599,1492252317000,1492252734000,116.46768951,39.88684464,18
35e8c850cd3c98a5a9f4717f6a2c7c70,"尊敬的客户；您的账户积分10000分即将到期，将于24小时后清零，请登录网址 wap.abcho.cc  兑换500元现金【农业银行】
",95599,1492253291000,1492253342000,116.50553131,39.91576767,18
35e8c850cd3c98a5a9f4717f6a2c7c70,"尊敬的客户；您的账户积分10000分即将到期，将于24小时后清零，请登录网址 wap.abcho.cc  兑换500元现金【农业银行】
",95599,1492253272000,1492253342000,116.50221252,39.91586304,18
35e8c850cd3c98a5a9f4717f6a2c7c70,"尊敬的客户；您的账户积分10000分即将到期，将于24小时后清零，请登录网址 wap.abcho.cc  兑换500元现金【农业银行】
",95599,1492253178000,1492253342000,116.50553131,39.91576767,18
e4806b4e4deec8393e70f8c6e7c766b8,"你好，我公司代开北京各行业发票，增值税发票等，保真。电话15600816275冯经理
",10088008800,1492250839000,1492250866000,116.46138,39.89714813,18
e4806b4e4deec8393e70f8c6e7c766b8,"你好，我公司代开北京各行业发票，增值税发票等，保真。电话15600816275冯经理
",10088008800,1492250659000,1492250866000,116.46118927,39.89729691,18
e4806b4e4deec8393e70f8c6e7c766b8,"你好，我公司代开北京各行业发票，增值税发票等，保真。电话15600816275冯经理
",10088008800,1492250438000,1492250866000,116.46138,39.89714813,18
e4806b4e4deec8393e70f8c6e7c766b8,"你好，我公司代开北京各行业发票，增值税发票等，保真。电话15600816275冯经理
",10088008800,1492250294000,1492250866000,116.46118927,39.89729691,18
e4806b4e4deec8393e70f8c6e7c766b8,"你好，我公司代开北京各行业发票，增值税发票等，保真。电话15600816275冯经理
",10088008800,1492244810000,1492250866000,116.46138,39.89714813,18
83c1f578437b0a9076d08cbe97f253e6,"尊敬的用户：您的工行账户因未分类核实个人信息已被冻结，请登录 http://95588.j-1r.pw 按提示核实解冻！【工 商 银 行】
",95588,1492253010000,1492253205000,116.41132355,39.91703033,18
83c1f578437b0a9076d08cbe97f253e6,"尊敬的用户：您的工行账户因未分类核实个人信息已被冻结，请登录 http://95588.j-1r.pw 按提示核实解冻！【工 商 银 行】
",95588,1492251306000,1492253205000,116.41193390000001,39.91623688,18
83c1f578437b0a9076d08cbe97f253e6,"尊敬的用户：您的工行账户因未分类核实个人信息已被冻结，请登录 http://95588.j-1r.pw 按提示核实解冻！【工 商 银 行】
",95588,1492251305000,1492253205000,116.41402435,39.91668701,18
83c1f578437b0a9076d08cbe97f253e6,"尊敬的用户：您的工行账户因未分类核实个人信息已被冻结，请登录 http://95588.j-1r.pw 按提示核实解冻！【工 商 银 行】
",95588,1492249741000,1492253205000,116.41193390000001,39.91623688,18
83c1f578437b0a9076d08cbe97f253e6,"尊敬的用户：您的工行账户因未分类核实个人信息已被冻结，请登录 http://95588.j-1r.pw 按提示核实解冻！【工 商 银 行】
",95588,1492249575000,1492253205000,116.41132355,39.91703033,18
3394149476119e354eaa6796d83a30b2,"你好、本公司有正规、国税、增值抵扣、保真、需要请联系胡涛13833689253
",1568996,1492251424000,1492253923000,116.41167450000002,39.96899033,18
3394149476119e354eaa6796d83a30b2,"你好、本公司有正规、国税、增值抵扣、保真、需要请联系胡涛13833689253
",1568996,1492233443000,1492253923000,116.40919495,39.96818542,18
3394149476119e354eaa6796d83a30b2,"你好、本公司有正规、国税、增值抵扣、保真、需要请联系胡涛13833689253
",1568996,1492231662000,1492253923000,116.40740967,39.96886444,18
3394149476119e354eaa6796d83a30b2,"你好、本公司有正规、国税、增值抵扣、保真、需要请联系胡涛13833689253
",1568996,1492231565000,1492253923000,116.40752411,39.97395706,18
38b18d9b772dbcbb0871571c379e52be,"你好，我公司长期代开各行业增值税发票，点底保真，验后付款，电话13241509916刘经理
",10621735194,1492251055000,1492253282000,116.47470093,39.91617584,18
38b18d9b772dbcbb0871571c379e52be,"你好，我公司长期代开各行业增值税发票，点底保真，验后付款，电话13241509916刘经理
",10621735194,1492250998000,1492253282000,116.47454071,39.91346359,18
38b18d9b772dbcbb0871571c379e52be,"你好，我公司长期代开各行业增值税发票，点底保真，验后付款，电话13241509916刘经理
",10621735194,1492250363000,1492253282000,116.47496796,39.916008000000005,18
38b18d9b772dbcbb0871571c379e52be,"你好，我公司长期代开各行业增值税发票，点底保真，验后付款，电话13241509916刘经理
",10621735194,1492248896000,1492253282000,116.47799683,39.91693878,18
38b18d9b772dbcbb0871571c379e52be,"你好，我公司长期代开各行业增值税发票，点底保真，验后付款，电话13241509916刘经理
",10621735194,1492244269000,1492253282000,116.41093445,39.915283200000005,18
38b18d9b772dbcbb0871571c379e52be,"你好，我公司长期代开各行业增值税发票，点底保真，验后付款，电话13241509916刘经理
",10621735194,1492251055000,1492253282000,116.47470093,39.91617584,18
38b18d9b772dbcbb0871571c379e52be,"你好，我公司长期代开各行业增值税发票，点底保真，验后付款，电话13241509916刘经理
",10621735194,1492250998000,1492253282000,116.47454071,39.91346359,18
38b18d9b772dbcbb0871571c379e52be,"你好，我公司长期代开各行业增值税发票，点底保真，验后付款，电话13241509916刘经理
",10621735194,1492250363000,1492253282000,116.47496796,39.916008000000005,18
38b18d9b772dbcbb0871571c379e52be,"你好，我公司长期代开各行业增值税发票，点底保真，验后付款，电话13241509916刘经理
",10621735194,1492248896000,1492253282000,116.47799683,39.91693878,18
38b18d9b772dbcbb0871571c379e52be,"你好，我公司长期代开各行业增值税发票，点底保真，验后付款，电话13241509916刘经理
",10621735194,1492244269000,1492253282000,116.41093445,39.915283200000005,18
35e8c850cd3c98a5a9f4717f6a2c7c70,"尊敬的客户；您的账户积分10000分即将到期，将于24小时后清零，请登录网址 wap.abcho.cc  兑换500元现金【农业银行】
",95599,1492228481000,1492252309000,116.478302,39.90912247,18
35e8c850cd3c98a5a9f4717f6a2c7c70,"尊敬的客户；您的账户积分10000分即将到期，将于24小时后清零，请登录网址 wap.abcho.cc  兑换500元现金【农业银行】
",95599,1492222730000,1492252309000,116.47907257,39.91543198,18
35e8c850cd3c98a5a9f4717f6a2c7c70,"尊敬的客户；您的账户积分10000分即将到期，将于24小时后清零，请登录网址 wap.abcho.cc  兑换500元现金【农业银行】
",95599,1492221877000,1492252309000,116.47206879,39.91586685,18
83c1f578437b0a9076d08cbe97f253e6,"尊敬的用户：您的工行账户因未分类核实个人信息已被冻结，请登录 http://95588.j-1r.pw 按提示核实解冻！【工 商 银 行】
",95588,1492251434000,1492251473000,116.41848755,39.90147781,18
83c1f578437b0a9076d08cbe97f253e6,"尊敬的用户：您的工行账户因未分类核实个人信息已被冻结，请登录 http://95588.j-1r.pw 按提示核实解冻！【工 商 银 行】
",95588,1492250642000,1492251473000,116.41815948,39.90132523,18
83c1f578437b0a9076d08cbe97f253e6,"尊敬的用户：您的工行账户因未分类核实个人信息已被冻结，请登录 http://95588.j-1r.pw 按提示核实解冻！【工 商 银 行】
",95588,1492250599000,1492251473000,116.41848755,39.90147781,18
83c1f578437b0a9076d08cbe97f253e6,"尊敬的用户：您的工行账户因未分类核实个人信息已被冻结，请登录 http://95588.j-1r.pw 按提示核实解冻！【工 商 银 行】
",95588,1492250000000,1492251473000,116.41815948,39.90132523,18
08738faaa4cd312bbad30389ef79a6ed,"您好 我公司长期代开各项正规 增值税发票 可走账 点低 保真 可查验 打扰见谅
",13070115567,1492245650000,1492252358000,116.35214233,39.92717361,18
08738faaa4cd312bbad30389ef79a6ed,"您好 我公司长期代开各项正规 增值税发票 可走账 点低 保真 可查验 打扰见谅
",13070115567,1492245644000,1492252358000,116.35593414,39.9298439,18
0de35b2eeda0cac93b23c8643f2d8798,"尊敬的客户：您的账户积分10000分即将到期，将于24小时后清零，请登录网址 wap.abcme.cc 兑换500元现金【农业银行】
",95599,1492252007000,1492252007000,116.46767426,39.87443924,18
0de35b2eeda0cac93b23c8643f2d8798,"尊敬的客户：您的账户积分10000分即将到期，将于24小时后清零，请登录网址 wap.abcme.cc 兑换500元现金【农业银行】
",95599,1492247652000,1492252007000,116.46759796,39.87486267,18
0de35b2eeda0cac93b23c8643f2d8798,"尊敬的客户：您的账户积分10000分即将到期，将于24小时后清零，请登录网址 wap.abcme.cc 兑换500元现金【农业银行】
",95599,1492247648000,1492252007000,116.46767426,39.87443924,18
be24ef5f9d44839a5b5584773807b302,"您好，本公司长期在京代开各行业正规发票，增值税普通发票，税点低，可验后付款，欢迎新老客户咨询，电话13161117818张强，谅解
",16600126888,1492253572000,1492253572000,116.29257965,39.88983917,18
be24ef5f9d44839a5b5584773807b302,"您好，本公司长期在京代开各行业正规发票，增值税普通发票，税点低，可验后付款，欢迎新老客户咨询，电话13161117818张强，谅解
",16600126888,1492249283000,1492253572000,116.29257965,39.88983917,18
be24ef5f9d44839a5b5584773807b302,"您好，本公司长期在京代开各行业正规发票，增值税普通发票，税点低，可验后付款，欢迎新老客户咨询，电话13161117818张强，谅解
",16600126888,1492246873000,1492253572000,116.29428864,39.89308548,18
be24ef5f9d44839a5b5584773807b302,"您好，本公司长期在京代开各行业正规发票，增值税普通发票，税点低，可验后付款，欢迎新老客户咨询，电话13161117818张强，谅解
",16600126888,1492246833000,1492253572000,116.29257965,39.88983917,18
be24ef5f9d44839a5b5584773807b302,"您好，本公司长期在京代开各行业正规发票，增值税普通发票，税点低，可验后付款，欢迎新老客户咨询，电话13161117818张强，谅解
",16600126888,1492246809000,1492253572000,116.29428864,39.89308548,18
38b18d9b772dbcbb0871571c379e52be,"你好，我公司长期代开各行业增值税发票，点底保真，验后付款，电话13241509916刘经理
",10621735194,1492248740000,1492251224000,116.49874115,39.91554642,18
38b18d9b772dbcbb0871571c379e52be,"你好，我公司长期代开各行业增值税发票，点底保真，验后付款，电话13241509916刘经理
",10621735194,1492248101000,1492251224000,116.49633789,39.91566086,18
38b18d9b772dbcbb0871571c379e52be,"你好，我公司长期代开各行业增值税发票，点底保真，验后付款，电话13241509916刘经理
",10621735194,1492247884000,1492251224000,116.49874115,39.91554642,18
2a11072baabc8dc6e7e5f1b4a96cca59,"你好！本公司代开各行业正规发票，税率低，可验证后付款，长期有效，诚信第一，保留备用！
",13264321398,1492248740000,1492251328000,116.49874115,39.91554642,18
2a11072baabc8dc6e7e5f1b4a96cca59,"你好！本公司代开各行业正规发票，税率低，可验证后付款，长期有效，诚信第一，保留备用！
",13264321398,1492248101000,1492251328000,116.49633789,39.91566086,18
2a11072baabc8dc6e7e5f1b4a96cca59,"你好！本公司代开各行业正规发票，税率低，可验证后付款，长期有效，诚信第一，保留备用！
",13264321398,1492247884000,1492251328000,116.49874115,39.91554642,18
0de35b2eeda0cac93b23c8643f2d8798,"尊敬的客户：您的账户积分10000分即将到期，将于24小时后清零，请登录网址 wap.abcme.cc 兑换500元现金【农业银行】
",95599,1492251554000,1492251577000,116.46103668,39.86952209,18
0de35b2eeda0cac93b23c8643f2d8798,"尊敬的客户：您的账户积分10000分即将到期，将于24小时后清零，请登录网址 wap.abcme.cc 兑换500元现金【农业银行】
",95599,1492251499000,1492251577000,116.45085144,39.86426544,18
0de35b2eeda0cac93b23c8643f2d8798,"尊敬的客户：您的账户积分10000分即将到期，将于24小时后清零，请登录网址 wap.abcme.cc 兑换500元现金【农业银行】
",95599,1492251490000,1492251577000,116.46103668,39.86952209,18
0de35b2eeda0cac93b23c8643f2d8798,"尊敬的客户：您的账户积分10000分即将到期，将于24小时后清零，请登录网址 wap.abcme.cc 兑换500元现金【农业银行】
",95599,1492251399000,1492251577000,116.46096802,39.86965179,18
95e98932883043465b01136c5a168b52,"尊敬的客户:您的账户积分10000分即将到期，将于24小时后清零，请登录网址 wap.abcna.pw 兑换500元现金【农业银行】
",95599,1492252909000,1492252936000,116.41841125,39.89665604,18
95e98932883043465b01136c5a168b52,"尊敬的客户:您的账户积分10000分即将到期，将于24小时后清零，请登录网址 wap.abcna.pw 兑换500元现金【农业银行】
",95599,1492252907000,1492252936000,116.41699982,39.89902496,18
95e98932883043465b01136c5a168b52,"尊敬的客户:您的账户积分10000分即将到期，将于24小时后清零，请登录网址 wap.abcna.pw 兑换500元现金【农业银行】
",95599,1492252902000,1492252936000,116.41841125,39.89665604,18
95e98932883043465b01136c5a168b52,"尊敬的客户:您的账户积分10000分即将到期，将于24小时后清零，请登录网址 wap.abcna.pw 兑换500元现金【农业银行】
",95599,1492252899000,1492252936000,116.41699982,39.89902496,18
95e98932883043465b01136c5a168b52,"尊敬的客户:您的账户积分10000分即将到期，将于24小时后清零，请登录网址 wap.abcna.pw 兑换500元现金【农业银行】
",95599,1492252884000,1492252936000,116.41841125,39.89665604,18
35e8c850cd3c98a5a9f4717f6a2c7c70,"尊敬的客户；您的账户积分10000分即将到期，将于24小时后清零，请登录网址 wap.abcho.cc  兑换500元现金【农业银行】
",95599,1492253377000,1492253519000,116.49727631,39.91719437,18
35e8c850cd3c98a5a9f4717f6a2c7c70,"尊敬的客户；您的账户积分10000分即将到期，将于24小时后清零，请登录网址 wap.abcho.cc  兑换500元现金【农业银行】
",95599,1492253377000,1492253519000,116.49426270000001,39.91603851,18
35e8c850cd3c98a5a9f4717f6a2c7c70,"尊敬的客户；您的账户积分10000分即将到期，将于24小时后清零，请登录网址 wap.abcho.cc  兑换500元现金【农业银行】
",95599,1492253373000,1492253519000,116.48218536,39.91096497,18
35e8c850cd3c98a5a9f4717f6a2c7c70,"尊敬的客户；您的账户积分10000分即将到期，将于24小时后清零，请登录网址 wap.abcho.cc  兑换500元现金【农业银行】
",95599,1492253321000,1492253519000,116.49588776,39.91698456,18
35e8c850cd3c98a5a9f4717f6a2c7c70,"尊敬的客户；您的账户积分10000分即将到期，将于24小时后清零，请登录网址 wap.abcho.cc  兑换500元现金【农业银行】
",95599,1492253292000,1492253519000,116.49727631,39.91719437,18
0de35b2eeda0cac93b23c8643f2d8798,"尊敬的客户：您的账户积分10000分即将到期，将于24小时后清零，请登录网址 wap.abcme.cc 兑换500元现金【农业银行】
",95599,1492251165000,1492251224000,116.45516205,39.86745071,18
0de35b2eeda0cac93b23c8643f2d8798,"尊敬的客户：您的账户积分10000分即将到期，将于24小时后清零，请登录网址 wap.abcme.cc 兑换500元现金【农业银行】
",95599,1492251139000,1492251224000,116.46826172,39.86880112,18
0de35b2eeda0cac93b23c8643f2d8798,"尊敬的客户：您的账户积分10000分即将到期，将于24小时后清零，请登录网址 wap.abcme.cc 兑换500元现金【农业银行】
",95599,1492251092000,1492251224000,116.45516205,39.86745071,18
0de35b2eeda0cac93b23c8643f2d8798,"尊敬的客户：您的账户积分10000分即将到期，将于24小时后清零，请登录网址 wap.abcme.cc 兑换500元现金【农业银行】
",95599,1492251082000,1492251224000,116.45836639,39.86585999,18
0de35b2eeda0cac93b23c8643f2d8798,"尊敬的客户：您的账户积分10000分即将到期，将于24小时后清零，请登录网址 wap.abcme.cc 兑换500元现金【农业银行】
",95599,1492251557000,1492252725000,116.46754456,39.88880539,18
0de35b2eeda0cac93b23c8643f2d8798,"尊敬的客户：您的账户积分10000分即将到期，将于24小时后清零，请登录网址 wap.abcme.cc 兑换500元现金【农业银行】
",95599,1492251520000,1492252725000,116.47108459,39.88450623,18
0de35b2eeda0cac93b23c8643f2d8798,"尊敬的客户：您的账户积分10000分即将到期，将于24小时后清零，请登录网址 wap.abcme.cc 兑换500元现金【农业银行】
",95599,1492251494000,1492252725000,116.47108459,39.88450623,18
170408d0abce59f1939a4acdfc5aa275,"信用在手，融资无忧!平安金融，专注信用及抵押贷款。成数高，利息低，手续便捷,最快当天放款！详询本区经理15391512285张 
",95511,1492250846000,1492250850000,116.48159790000001,39.93340302,18
35e8c850cd3c98a5a9f4717f6a2c7c70,"尊敬的客户；您的账户积分10000分即将到期，将于24小时后清零，请登录网址 wap.abcho.cc  兑换500元现金【农业银行】
",95599,1492250838000,1492251339000,116.50377655,39.92726898,18
35e8c850cd3c98a5a9f4717f6a2c7c70,"尊敬的客户；您的账户积分10000分即将到期，将于24小时后清零，请登录网址 wap.abcho.cc  兑换500元现金【农业银行】
",95599,1492250632000,1492251339000,116.50402832,39.92808533,18
35e8c850cd3c98a5a9f4717f6a2c7c70,"尊敬的客户；您的账户积分10000分即将到期，将于24小时后清零，请登录网址 wap.abcho.cc  兑换500元现金【农业银行】
",95599,1492250501000,1492251339000,116.50377655,39.92726898,18
35e8c850cd3c98a5a9f4717f6a2c7c70,"尊敬的客户；您的账户积分10000分即将到期，将于24小时后清零，请登录网址 wap.abcho.cc  兑换500元现金【农业银行】
",95599,1492250485000,1492251339000,116.50402832,39.92808533,18
35e8c850cd3c98a5a9f4717f6a2c7c70,"尊敬的客户；您的账户积分10000分即将到期，将于24小时后清零，请登录网址 wap.abcho.cc  兑换500元现金【农业银行】
",95599,1492250459000,1492251339000,116.50377655,39.92726898,18
f0eeffc87ec57ba0212b3c71ccbb512e,"尊敬的客户:您的账户积分10000分即将到期，将于24小时后清零，请登录网址 wap.abcxo.pw 兑换500元现金【农业银行】
",95599,1492247935000,1492252625000,116.3653717,39.99760056,18
f0eeffc87ec57ba0212b3c71ccbb512e,"尊敬的客户:您的账户积分10000分即将到期，将于24小时后清零，请登录网址 wap.abcxo.pw 兑换500元现金【农业银行】
",95599,1492247914000,1492252625000,116.36529541,39.99350739,18
f0eeffc87ec57ba0212b3c71ccbb512e,"尊敬的客户:您的账户积分10000分即将到期，将于24小时后清零，请登录网址 wap.abcxo.pw 兑换500元现金【农业银行】
",95599,1492247857000,1492252625000,116.36529541,39.99350739,18
0de35b2eeda0cac93b23c8643f2d8798,"尊敬的客户：您的账户积分10000分即将到期，将于24小时后清零，请登录网址 wap.abcme.cc 兑换500元现金【农业银行】
",95599,1492252542000,1492252633000,116.46766663,39.88168335,18
0de35b2eeda0cac93b23c8643f2d8798,"尊敬的客户：您的账户积分10000分即将到期，将于24小时后清零，请登录网址 wap.abcme.cc 兑换500元现金【农业银行】
",95599,1492250762000,1492252633000,116.46498108,39.88411331,18
0de35b2eeda0cac93b23c8643f2d8798,"尊敬的客户：您的账户积分10000分即将到期，将于24小时后清零，请登录网址 wap.abcme.cc 兑换500元现金【农业银行】
",95599,1492250722000,1492252633000,116.46498108,39.88411331,18
45ee063a537a22f1a7d0be10cf527c16,"你好，本公司有北京各行业正规发票出售，价格最低，永久保真，验后付款，公对公走账，支票兑现，微信号baozhen688688。
",15321573682,1492252542000,1492252542000,116.46766663,39.88168335,18
45ee063a537a22f1a7d0be10cf527c16,"你好，本公司有北京各行业正规发票出售，价格最低，永久保真，验后付款，公对公走账，支票兑现，微信号baozhen688688。
",15321573682,1492250762000,1492252542000,116.46498108,39.88411331,18
45ee063a537a22f1a7d0be10cf527c16,"你好，本公司有北京各行业正规发票出售，价格最低，永久保真，验后付款，公对公走账，支票兑现，微信号baozhen688688。
",15321573682,1492250722000,1492252542000,116.46498108,39.88411331,18
0de35b2eeda0cac93b23c8643f2d8798,"尊敬的客户：您的账户积分10000分即将到期，将于24小时后清零，请登录网址 wap.abcme.cc 兑换500元现金【农业银行】
",95599,1492240243000,1492251949000,116.46826172,39.86880112,18
0de35b2eeda0cac93b23c8643f2d8798,"尊敬的客户：您的账户积分10000分即将到期，将于24小时后清零，请登录网址 wap.abcme.cc 兑换500元现金【农业银行】
",95599,1492240243000,1492251949000,116.46826172,39.86880112,18
0de35b2eeda0cac93b23c8643f2d8798,"尊敬的客户：您的账户积分10000分即将到期，将于24小时后清零，请登录网址 wap.abcme.cc 兑换500元现金【农业银行】
",95599,1492239046000,1492251949000,116.46826172,39.86880112,18
0de35b2eeda0cac93b23c8643f2d8798,"尊敬的客户：您的账户积分10000分即将到期，将于24小时后清零，请登录网址 wap.abcme.cc 兑换500元现金【农业银行】
",95599,1492237252000,1492251949000,116.46739960000001,39.86782455,18
0de35b2eeda0cac93b23c8643f2d8798,"尊敬的客户：您的账户积分10000分即将到期，将于24小时后清零，请登录网址 wap.abcme.cc 兑换500元现金【农业银行】
",95599,1492227453000,1492251949000,116.46799469,39.8688736,18
4eec17dcf2f571e382aa580cd4ac8bdf,"您好，本公司代开各行业正规发票，13126538869 张先生
",15488886666,1492241447000,1492253764000,116.34735107,40.0310936,18
4eec17dcf2f571e382aa580cd4ac8bdf,"您好，本公司代开各行业正规发票，13126538869 张先生
",15488886666,1492234293000,1492253764000,116.14614868,40.11007309,18
4eec17dcf2f571e382aa580cd4ac8bdf,"您好，本公司代开各行业正规发票，13126538869 张先生
",15488886666,1492234223000,1492253764000,116.28120422,39.94358063,18
38b18d9b772dbcbb0871571c379e52be,"你好，我公司长期代开各行业增值税发票，点底保真，验后付款，电话13241509916刘经理
",10621735194,1492253036000,1492253136000,116.47454071,39.91346359,18
38b18d9b772dbcbb0871571c379e52be,"你好，我公司长期代开各行业增值税发票，点底保真，验后付款，电话13241509916刘经理
",10621735194,1492252277000,1492253136000,116.46981049,39.9135704,18
38b18d9b772dbcbb0871571c379e52be,"你好，我公司长期代开各行业增值税发票，点底保真，验后付款，电话13241509916刘经理
",10621735194,1492252262000,1492253136000,116.47171783,39.91368103,18
38b18d9b772dbcbb0871571c379e52be,"你好，我公司长期代开各行业增值税发票，点底保真，验后付款，电话13241509916刘经理
",10621735194,1492252245000,1492253136000,116.46981049,39.9135704,18
83c1f578437b0a9076d08cbe97f253e6,"尊敬的用户：您的工行账户因未分类核实个人信息已被冻结，请登录 http://95588.j-1r.pw 按提示核实解冻！【工 商 银 行】
",95588,1492250404000,1492250913000,116.41488647,39.88391876,18
83c1f578437b0a9076d08cbe97f253e6,"尊敬的用户：您的工行账户因未分类核实个人信息已被冻结，请登录 http://95588.j-1r.pw 按提示核实解冻！【工 商 银 行】
",95588,1492250182000,1492250913000,116.42027283,39.8854599,18
83c1f578437b0a9076d08cbe97f253e6,"尊敬的用户：您的工行账户因未分类核实个人信息已被冻结，请登录 http://95588.j-1r.pw 按提示核实解冻！【工 商 银 行】
",95588,1492244264000,1492250913000,116.42068481,39.886367799999995,18
83c1f578437b0a9076d08cbe97f253e6,"尊敬的用户：您的工行账户因未分类核实个人信息已被冻结，请登录 http://95588.j-1r.pw 按提示核实解冻！【工 商 银 行】
",95588,1492231265000,1492250913000,116.41488647,39.88391876,18
95e98932883043465b01136c5a168b52,"尊敬的客户:您的账户积分10000分即将到期，将于24小时后清零，请登录网址 wap.abcna.pw 兑换500元现金【农业银行】
",95599,1492250575000,1492250675000,116.423172,39.89683151,18
95e98932883043465b01136c5a168b52,"尊敬的客户:您的账户积分10000分即将到期，将于24小时后清零，请登录网址 wap.abcna.pw 兑换500元现金【农业银行】
",95599,1492250486000,1492250675000,116.423172,39.89683151,18
95e98932883043465b01136c5a168b52,"尊敬的客户:您的账户积分10000分即将到期，将于24小时后清零，请登录网址 wap.abcna.pw 兑换500元现金【农业银行】
",95599,1492250454000,1492250675000,116.42263031,39.8972435,18
95e98932883043465b01136c5a168b52,"尊敬的客户:您的账户积分10000分即将到期，将于24小时后清零，请登录网址 wap.abcna.pw 兑换500元现金【农业银行】
",95599,1492250722000,1492250733000,116.42720032,39.89585876,18
95e98932883043465b01136c5a168b52,"尊敬的客户:您的账户积分10000分即将到期，将于24小时后清零，请登录网址 wap.abcna.pw 兑换500元现金【农业银行】
",95599,1492250707000,1492250733000,116.42524719,39.897735600000004,18
95e98932883043465b01136c5a168b52,"尊敬的客户:您的账户积分10000分即将到期，将于24小时后清零，请登录网址 wap.abcna.pw 兑换500元现金【农业银行】
",95599,1492250699000,1492250733000,116.42249298,39.89848709,18
95e98932883043465b01136c5a168b52,"尊敬的客户:您的账户积分10000分即将到期，将于24小时后清零，请登录网址 wap.abcna.pw 兑换500元现金【农业银行】
",95599,1492250693000,1492250733000,116.42310333,39.89886093,18
95e98932883043465b01136c5a168b52,"尊敬的客户:您的账户积分10000分即将到期，将于24小时后清零，请登录网址 wap.abcna.pw 兑换500元现金【农业银行】
",95599,1492250679000,1492250733000,116.42249298,39.89848709,18
95e98932883043465b01136c5a168b52,"尊敬的客户:您的账户积分10000分即将到期，将于24小时后清零，请登录网址 wap.abcna.pw 兑换500元现金【农业银行】
",95599,1492250722000,1492250733000,116.42720032,39.89585876,18
95e98932883043465b01136c5a168b52,"尊敬的客户:您的账户积分10000分即将到期，将于24小时后清零，请登录网址 wap.abcna.pw 兑换500元现金【农业银行】
",95599,1492250707000,1492250733000,116.42524719,39.897735600000004,18
95e98932883043465b01136c5a168b52,"尊敬的客户:您的账户积分10000分即将到期，将于24小时后清零，请登录网址 wap.abcna.pw 兑换500元现金【农业银行】
",95599,1492250699000,1492250733000,116.42249298,39.89848709,18
95e98932883043465b01136c5a168b52,"尊敬的客户:您的账户积分10000分即将到期，将于24小时后清零，请登录网址 wap.abcna.pw 兑换500元现金【农业银行】
",95599,1492250693000,1492250733000,116.42310333,39.89886093,18
95e98932883043465b01136c5a168b52,"尊敬的客户:您的账户积分10000分即将到期，将于24小时后清零，请登录网址 wap.abcna.pw 兑换500元现金【农业银行】
",95599,1492250679000,1492250733000,116.42249298,39.89848709,18
26b845481b03a0c8c7385a2981d93175,"你好，本公司常年对外代开各种发票，工程/广告/设计/医疗器械/设备租赁/酒店会议等，对公走账增值税票，刘华13071171172长期有效。
",13071171172,1492250976000,1492251037000,116.64248657,39.91674423,18
26b845481b03a0c8c7385a2981d93175,"你好，本公司常年对外代开各种发票，工程/广告/设计/医疗器械/设备租赁/酒店会议等，对公走账增值税票，刘华13071171172长期有效。
",13071171172,1492250976000,1492251037000,116.64248657,39.91674423,18
26b845481b03a0c8c7385a2981d93175,"你好，本公司常年对外代开各种发票，工程/广告/设计/医疗器械/设备租赁/酒店会议等，对公走账增值税票，刘华13071171172长期有效。
",13071171172,1492250958000,1492251037000,116.64248657,39.91674423,18
26b845481b03a0c8c7385a2981d93175,"你好，本公司常年对外代开各种发票，工程/广告/设计/医疗器械/设备租赁/酒店会议等，对公走账增值税票，刘华13071171172长期有效。
",13071171172,1492250958000,1492251037000,116.64248657,39.91674423,18
95ddbb0f524c040a33b7fa95145da875,"你好，本公司代开北京市各行业正规机打发票，点滴保真，可先使用后付款，需要请联系13121324014李先生，打扰请谅解。
",10698987672,1492250702000,1492250929000,116.49882507,39.89269257,18
95ddbb0f524c040a33b7fa95145da875,"你好，本公司代开北京市各行业正规机打发票，点滴保真，可先使用后付款，需要请联系13121324014李先生，打扰请谅解。
",10698987672,1492250691000,1492250929000,116.49814606,39.89260101,18
95ddbb0f524c040a33b7fa95145da875,"你好，本公司代开北京市各行业正规机打发票，点滴保真，可先使用后付款，需要请联系13121324014李先生，打扰请谅解。
",10698987672,1492250656000,1492250929000,116.49882507,39.89269257,18
95ddbb0f524c040a33b7fa95145da875,"你好，本公司代开北京市各行业正规机打发票，点滴保真，可先使用后付款，需要请联系13121324014李先生，打扰请谅解。
",10698987672,1492249820000,1492250929000,116.47764587,39.90971375,18
95ddbb0f524c040a33b7fa95145da875,"你好，本公司代开北京市各行业正规机打发票，点滴保真，可先使用后付款，需要请联系13121324014李先生，打扰请谅解。
",10698987672,1492249536000,1492250929000,116.47821808,39.92485428,18
95ddbb0f524c040a33b7fa95145da875,"你好，本公司代开北京市各行业正规机打发票，点滴保真，可先使用后付款，需要请联系13121324014李先生，打扰请谅解。
",10698987672,1492250702000,1492250957000,116.49882507,39.89269257,18
95ddbb0f524c040a33b7fa95145da875,"你好，本公司代开北京市各行业正规机打发票，点滴保真，可先使用后付款，需要请联系13121324014李先生，打扰请谅解。
",10698987672,1492250691000,1492250957000,116.49814606,39.89260101,18
95ddbb0f524c040a33b7fa95145da875,"你好，本公司代开北京市各行业正规机打发票，点滴保真，可先使用后付款，需要请联系13121324014李先生，打扰请谅解。
",10698987672,1492250656000,1492250957000,116.49882507,39.89269257,18
95ddbb0f524c040a33b7fa95145da875,"你好，本公司代开北京市各行业正规机打发票，点滴保真，可先使用后付款，需要请联系13121324014李先生，打扰请谅解。
",10698987672,1492249820000,1492250957000,116.47764587,39.90971375,18
95ddbb0f524c040a33b7fa95145da875,"你好，本公司代开北京市各行业正规机打发票，点滴保真，可先使用后付款，需要请联系13121324014李先生，打扰请谅解。
",10698987672,1492249536000,1492250957000,116.47821808,39.92485428,18
a81083ce665d1cb6cdf1fc088e81f893,"本公司常年对外代开各种机打发票，正规真实.验后付款18910018671杨经理。打扰谅解...
",18910018671,1492251115000,1492251620000,116.40955353,40.08362579,18
a81083ce665d1cb6cdf1fc088e81f893,"本公司常年对外代开各种机打发票，正规真实.验后付款18910018671杨经理。打扰谅解...
",18910018671,1492251078000,1492251620000,116.42092896,40.07605743,18
a81083ce665d1cb6cdf1fc088e81f893,"本公司常年对外代开各种机打发票，正规真实.验后付款18910018671杨经理。打扰谅解...
",18910018671,1492251073000,1492251620000,116.42395782,40.07738495,18
a81083ce665d1cb6cdf1fc088e81f893,"本公司常年对外代开各种机打发票，正规真实.验后付款18910018671杨经理。打扰谅解...
",18910018671,1492251048000,1492251620000,116.40955353,40.08362579,18
35e8c850cd3c98a5a9f4717f6a2c7c70,"尊敬的客户；您的账户积分10000分即将到期，将于24小时后清零，请登录网址 wap.abcho.cc  兑换500元现金【农业银行】
",95599,1492252082000,1492252107000,116.48891449,39.92701721,18
35e8c850cd3c98a5a9f4717f6a2c7c70,"尊敬的客户；您的账户积分10000分即将到期，将于24小时后清零，请登录网址 wap.abcho.cc  兑换500元现金【农业银行】
",95599,1492252077000,1492252107000,116.50025177,39.921356200000005,18
35e8c850cd3c98a5a9f4717f6a2c7c70,"尊敬的客户；您的账户积分10000分即将到期，将于24小时后清零，请登录网址 wap.abcho.cc  兑换500元现金【农业银行】
",95599,1492252070000,1492252107000,116.48891449,39.92701721,18
35e8c850cd3c98a5a9f4717f6a2c7c70,"尊敬的客户；您的账户积分10000分即将到期，将于24小时后清零，请登录网址 wap.abcho.cc  兑换500元现金【农业银行】
",95599,1492252064000,1492252107000,116.50025177,39.921356200000005,18
0de35b2eeda0cac93b23c8643f2d8798,"尊敬的客户：您的账户积分10000分即将到期，将于24小时后清零，请登录网址 wap.abcme.cc 兑换500元现金【农业银行】
",95599,1492252447000,1492252502000,116.46799469,39.88390732,18
0de35b2eeda0cac93b23c8643f2d8798,"尊敬的客户：您的账户积分10000分即将到期，将于24小时后清零，请登录网址 wap.abcme.cc 兑换500元现金【农业银行】
",95599,1492252445000,1492252502000,116.46766663,39.88168335,18
0de35b2eeda0cac93b23c8643f2d8798,"尊敬的客户：您的账户积分10000分即将到期，将于24小时后清零，请登录网址 wap.abcme.cc 兑换500元现金【农业银行】
",95599,1492252317000,1492252502000,116.46799469,39.88390732,18
0de35b2eeda0cac93b23c8643f2d8798,"尊敬的客户：您的账户积分10000分即将到期，将于24小时后清零，请登录网址 wap.abcme.cc 兑换500元现金【农业银行】
",95599,1492251945000,1492251945000,116.46783447,39.87594223,18
0de35b2eeda0cac93b23c8643f2d8798,"尊敬的客户：您的账户积分10000分即将到期，将于24小时后清零，请登录网址 wap.abcme.cc 兑换500元现金【农业银行】
",95599,1492251931000,1492251945000,116.46781158,39.87613678,18
0de35b2eeda0cac93b23c8643f2d8798,"尊敬的客户：您的账户积分10000分即将到期，将于24小时后清零，请登录网址 wap.abcme.cc 兑换500元现金【农业银行】
",95599,1492251927000,1492251945000,116.46820831,39.87511444,18
0de35b2eeda0cac93b23c8643f2d8798,"尊敬的客户：您的账户积分10000分即将到期，将于24小时后清零，请登录网址 wap.abcme.cc 兑换500元现金【农业银行】
",95599,1492251906000,1492251945000,116.47734070000001,39.87816238,18
7cdba77cc28f883b776e65f7c4cfbb51,"金旭驾校两周年C1证1900元起，可增驾B2.A3.A2.A1。场地车辆正规教练出众。富强路最南头6910998.15032003888    
",6910998,1492253803000,1492253806000,116.48284912,39.92393112,18
fc9ed335d5326fa4ae8b22556867c4fd,"我公司代开全国(材料、工程、劳务、科技、咨询)等等各行业正规发票，点低保真验后付款，电话15369463167QQ452014478王明
",15369463167,1492253106000,1492253117000,116.42566681,39.98901749,18
fc9ed335d5326fa4ae8b22556867c4fd,"我公司代开全国(材料、工程、劳务、科技、咨询)等等各行业正规发票，点低保真验后付款，电话15369463167QQ452014478王明
",15369463167,1492253100000,1492253117000,116.42765045,39.98907471,18
fc9ed335d5326fa4ae8b22556867c4fd,"我公司代开全国(材料、工程、劳务、科技、咨询)等等各行业正规发票，点低保真验后付款，电话15369463167QQ452014478王明
",15369463167,1492253087000,1492253117000,116.43031311,39.9890213,18
fc9ed335d5326fa4ae8b22556867c4fd,"我公司代开全国(材料、工程、劳务、科技、咨询)等等各行业正规发票，点低保真验后付款，电话15369463167QQ452014478王明
",15369463167,1492253070000,1492253117000,116.43076324,39.98904037,18
fc9ed335d5326fa4ae8b22556867c4fd,"我公司代开全国(材料、工程、劳务、科技、咨询)等等各行业正规发票，点低保真验后付款，电话15369463167QQ452014478王明
",15369463167,1492253054000,1492253117000,116.43497467,39.98918533,18
95e98932883043465b01136c5a168b52,"尊敬的客户:您的账户积分10000分即将到期，将于24小时后清零，请登录网址 wap.abcna.pw 兑换500元现金【农业银行】
",95599,1492253180000,1492253730000,116.42433167,39.89480972,18
95e98932883043465b01136c5a168b52,"尊敬的客户:您的账户积分10000分即将到期，将于24小时后清零，请登录网址 wap.abcna.pw 兑换500元现金【农业银行】
",95599,1492253180000,1492253730000,116.42771912,39.89487839,18
95e98932883043465b01136c5a168b52,"尊敬的客户:您的账户积分10000分即将到期，将于24小时后清零，请登录网址 wap.abcna.pw 兑换500元现金【农业银行】
",95599,1492253180000,1492253730000,116.42853546,39.89733505,18
88c8d12e0f972cb93ccee507014450db,"您好；长年代开建筑，材料，工程，广告咨询，办公用品等,北京各行增值税（发票），长久保真,如需联系：李会计13269529298打扰谅解
",1064563789,1492253352000,1492253352000,116.46015167,39.94991684,18
88c8d12e0f972cb93ccee507014450db,"您好；长年代开建筑，材料，工程，广告咨询，办公用品等,北京各行增值税（发票），长久保真,如需联系：李会计13269529298打扰谅解
",1064563789,1492222036000,1492253352000,116.45944977,39.94939804,18
88c8d12e0f972cb93ccee507014450db,"您好；长年代开建筑，材料，工程，广告咨询，办公用品等,北京各行增值税（发票），长久保真,如需联系：李会计13269529298打扰谅解
",1064563789,1492212097000,1492253352000,116.46015167,39.94991684,18
88c8d12e0f972cb93ccee507014450db,"您好；长年代开建筑，材料，工程，广告咨询，办公用品等,北京各行增值税（发票），长久保真,如需联系：李会计13269529298打扰谅解
",1064563789,1492209404000,1492253352000,116.46933746,39.94459152,18
88c8d12e0f972cb93ccee507014450db,"您好；长年代开建筑，材料，工程，广告咨询，办公用品等,北京各行增值税（发票），长久保真,如需联系：李会计13269529298打扰谅解
",1064563789,1492171847000,1492253352000,116.47054291,39.94649124,18
542d43eab9076a5b0cff44eb37b714fd,"谅解：谢谢！
",666888,1492251462000,1492251464000,116.44833374,39.80825043,18
542d43eab9076a5b0cff44eb37b714fd,"谅解：谢谢！
",666888,1492251291000,1492251464000,116.44833374,39.80825043,18
542d43eab9076a5b0cff44eb37b714fd,"谅解：谢谢！
",666888,1492251188000,1492251464000,116.44614409999998,39.80973434,18
542d43eab9076a5b0cff44eb37b714fd,"谅解：谢谢！
",666888,1492251184000,1492251464000,116.45054626,39.80805588,18
46784ac2eaf53de8c0b9396dadd90b20,"你好！（恭喜发财）本公司代开各行业发票:100%保真！验后付款，电话：15313305082 微信：y15210201758 若有打扰，敬请
",666888,1492251462000,1492251462000,116.44833374,39.80825043,18
46784ac2eaf53de8c0b9396dadd90b20,"你好！（恭喜发财）本公司代开各行业发票:100%保真！验后付款，电话：15313305082 微信：y15210201758 若有打扰，敬请
",666888,1492251291000,1492251462000,116.44833374,39.80825043,18
46784ac2eaf53de8c0b9396dadd90b20,"你好！（恭喜发财）本公司代开各行业发票:100%保真！验后付款，电话：15313305082 微信：y15210201758 若有打扰，敬请
",666888,1492251188000,1492251462000,116.44614409999998,39.80973434,18
46784ac2eaf53de8c0b9396dadd90b20,"你好！（恭喜发财）本公司代开各行业发票:100%保真！验后付款，电话：15313305082 微信：y15210201758 若有打扰，敬请
",666888,1492251184000,1492251462000,116.45054626,39.80805588,18
0de35b2eeda0cac93b23c8643f2d8798,"尊敬的客户：您的账户积分10000分即将到期，将于24小时后清零，请登录网址 wap.abcme.cc 兑换500元现金【农业银行】
",95599,1492251049000,1492251049000,116.45221709999998,39.86714935,18
0de35b2eeda0cac93b23c8643f2d8798,"尊敬的客户：您的账户积分10000分即将到期，将于24小时后清零，请登录网址 wap.abcme.cc 兑换500元现金【农业银行】
",95599,1492251049000,1492251049000,116.45221709999998,39.86714935,18
43609d74f0f3678a03528bbea46a72e4,"您好 ！本公司可开增税发票，工程款，材料款，广告，科技，服务，房屋，机械租赁等以及支票兑现 电话 13051169789 张婷
",13051169789,1492251685000,1492251943000,116.52985382,39.92798996,18
43609d74f0f3678a03528bbea46a72e4,"您好 ！本公司可开增税发票，工程款，材料款，广告，科技，服务，房屋，机械租赁等以及支票兑现 电话 13051169789 张婷
",13051169789,1492251658000,1492251943000,116.52735138,39.92401505,18
43609d74f0f3678a03528bbea46a72e4,"您好 ！本公司可开增税发票，工程款，材料款，广告，科技，服务，房屋，机械租赁等以及支票兑现 电话 13051169789 张婷
",13051169789,1492251619000,1492251943000,116.52809143,39.92363739,18
43609d74f0f3678a03528bbea46a72e4,"您好 ！本公司可开增税发票，工程款，材料款，广告，科技，服务，房屋，机械租赁等以及支票兑现 电话 13051169789 张婷
",13051169789,1492251586000,1492251943000,116.52334595,39.92538452,18
43609d74f0f3678a03528bbea46a72e4,"您好 ！本公司可开增税发票，工程款，材料款，广告，科技，服务，房屋，机械租赁等以及支票兑现 电话 13051169789 张婷
",13051169789,1492251553000,1492251943000,116.50322723,39.93146515,18
528cf858acd048b4d3374e72052cb5b4,"唐县卡丁车俱乐部：全民漂移，激情创造快乐，您获得本俱乐部送出的100元充值卡1张，凭此短信到店领取。地址：西环红绿灯东100米花鸟鱼虫市场旁 
",15544958777,1492253679000,1492253701000,116.46189879999999,39.93069458,18
35e8c850cd3c98a5a9f4717f6a2c7c70,"尊敬的客户；您的账户积分10000分即将到期，将于24小时后清零，请登录网址 wap.abcho.cc  兑换500元现金【农业银行】
",95599,1492251911000,1492251928000,116.50148773,39.92871094,18
35e8c850cd3c98a5a9f4717f6a2c7c70,"尊敬的客户；您的账户积分10000分即将到期，将于24小时后清零，请登录网址 wap.abcho.cc  兑换500元现金【农业银行】
",95599,1492251891000,1492251928000,116.49876404,39.92826843,18
35e8c850cd3c98a5a9f4717f6a2c7c70,"尊敬的客户；您的账户积分10000分即将到期，将于24小时后清零，请登录网址 wap.abcho.cc  兑换500元现金【农业银行】
",95599,1492250185000,1492251928000,116.50196838,39.92840576,18
35e8c850cd3c98a5a9f4717f6a2c7c70,"尊敬的客户；您的账户积分10000分即将到期，将于24小时后清零，请登录网址 wap.abcho.cc  兑换500元现金【农业银行】
",95599,1492249462000,1492251928000,116.50167847,39.92862701,18
83c1f578437b0a9076d08cbe97f253e6,"尊敬的用户：您的工行账户因未分类核实个人信息已被冻结，请登录 http://95588.j-1r.pw 按提示核实解冻！【工 商 银 行】
",95588,1492238160000,1492253634000,116.40323639,39.91880035,18
83c1f578437b0a9076d08cbe97f253e6,"尊敬的用户：您的工行账户因未分类核实个人信息已被冻结，请登录 http://95588.j-1r.pw 按提示核实解冻！【工 商 银 行】
",95588,1492237805000,1492253634000,116.39652252,39.92874908,18
83c1f578437b0a9076d08cbe97f253e6,"尊敬的用户：您的工行账户因未分类核实个人信息已被冻结，请登录 http://95588.j-1r.pw 按提示核实解冻！【工 商 银 行】
",95588,1492237692000,1492253634000,116.38491821,39.93866348,18
43609d74f0f3678a03528bbea46a72e4,"您好 ！本公司可开增税发票，工程款，材料款，广告，科技，服务，房屋，机械租赁等以及支票兑现 电话 13051169789 张婷
",13051169789,1492251839000,1492252105000,116.53230286,39.93936157,18
43609d74f0f3678a03528bbea46a72e4,"您好 ！本公司可开增税发票，工程款，材料款，广告，科技，服务，房屋，机械租赁等以及支票兑现 电话 13051169789 张婷
",13051169789,1492251830000,1492252105000,116.53773499,39.94146729,18
43609d74f0f3678a03528bbea46a72e4,"您好 ！本公司可开增税发票，工程款，材料款，广告，科技，服务，房屋，机械租赁等以及支票兑现 电话 13051169789 张婷
",13051169789,1492249158000,1492252105000,116.48548126,39.87116241,18
43609d74f0f3678a03528bbea46a72e4,"您好 ！本公司可开增税发票，工程款，材料款，广告，科技，服务，房屋，机械租赁等以及支票兑现 电话 13051169789 张婷
",13051169789,1492249135000,1492252105000,116.48965454,39.87421799,18
43609d74f0f3678a03528bbea46a72e4,"您好 ！本公司可开增税发票，工程款，材料款，广告，科技，服务，房屋，机械租赁等以及支票兑现 电话 13051169789 张婷
",13051169789,1492249084000,1492252105000,116.49304199,39.87110519,18
4eec17dcf2f571e382aa580cd4ac8bdf,"您好，本公司代开各行业正规发票，13126538869 张先生
",15488886666,1492249509000,1492252326000,116.44894409,39.95941162,18
4eec17dcf2f571e382aa580cd4ac8bdf,"您好，本公司代开各行业正规发票，13126538869 张先生
",15488886666,1492249495000,1492252326000,116.44894409,39.95941162,18
4eec17dcf2f571e382aa580cd4ac8bdf,"您好，本公司代开各行业正规发票，13126538869 张先生
",15488886666,1492249486000,1492252326000,116.44894409,39.95941162,18
4eec17dcf2f571e382aa580cd4ac8bdf,"您好，本公司代开各行业正规发票，13126538869 张先生
",15488886666,1492249485000,1492252326000,116.44894409,39.95941162,18
4eec17dcf2f571e382aa580cd4ac8bdf,"您好，本公司代开各行业正规发票，13126538869 张先生
",15488886666,1492249392000,1492252326000,116.44894409,39.95941162,18
1d715bc8acd20852fc6322fed1e1781b,"你好，本公司代开各行业发票，可网上查验验后付款，电话:13366673923。
",18611288,1492249986000,1492250894000,116.47408295,39.8649025,18
1d715bc8acd20852fc6322fed1e1781b,"你好，本公司代开各行业发票，可网上查验验后付款，电话:13366673923。
",18611288,1492249934000,1492250894000,116.47356415,39.86218643,18
1d715bc8acd20852fc6322fed1e1781b,"你好，本公司代开各行业发票，可网上查验验后付款，电话:13366673923。
",18611288,1492249909000,1492250894000,116.47408295,39.8649025,18
1d715bc8acd20852fc6322fed1e1781b,"你好，本公司代开各行业发票，可网上查验验后付款，电话:13366673923。
",18611288,1492249905000,1492250894000,116.47356415,39.86218643,18
1d715bc8acd20852fc6322fed1e1781b,"你好，本公司代开各行业发票，可网上查验验后付款，电话:13366673923。
",18611288,1492249835000,1492250894000,116.47408295,39.8649025,18
3394149476119e354eaa6796d83a30b2,"你好、本公司有正规、国税、增值抵扣、保真、需要请联系胡涛13833689253
",1568996,1492250966000,1492251139000,116.48976898,39.88884354,18
3394149476119e354eaa6796d83a30b2,"你好、本公司有正规、国税、增值抵扣、保真、需要请联系胡涛13833689253
",1568996,1492249986000,1492251139000,116.47408295,39.8649025,18
3394149476119e354eaa6796d83a30b2,"你好、本公司有正规、国税、增值抵扣、保真、需要请联系胡涛13833689253
",1568996,1492249934000,1492251139000,116.47356415,39.86218643,18
3394149476119e354eaa6796d83a30b2,"你好、本公司有正规、国税、增值抵扣、保真、需要请联系胡涛13833689253
",1568996,1492249909000,1492251139000,116.47408295,39.8649025,18
3394149476119e354eaa6796d83a30b2,"你好、本公司有正规、国税、增值抵扣、保真、需要请联系胡涛13833689253
",1568996,1492249905000,1492251139000,116.47356415,39.86218643,18
de8c53612b88b864ebdf9908fd637fb5,"你好，本公司代开工程材料，科技办公，会议咨询，各行业机打发票可网上查验，验后付款，电话:13371636160:刘经理。
",18666682,1492249986000,1492250901000,116.47408295,39.8649025,18
de8c53612b88b864ebdf9908fd637fb5,"你好，本公司代开工程材料，科技办公，会议咨询，各行业机打发票可网上查验，验后付款，电话:13371636160:刘经理。
",18666682,1492249934000,1492250901000,116.47356415,39.86218643,18
de8c53612b88b864ebdf9908fd637fb5,"你好，本公司代开工程材料，科技办公，会议咨询，各行业机打发票可网上查验，验后付款，电话:13371636160:刘经理。
",18666682,1492249909000,1492250901000,116.47408295,39.8649025,18
de8c53612b88b864ebdf9908fd637fb5,"你好，本公司代开工程材料，科技办公，会议咨询，各行业机打发票可网上查验，验后付款，电话:13371636160:刘经理。
",18666682,1492249905000,1492250901000,116.47356415,39.86218643,18
de8c53612b88b864ebdf9908fd637fb5,"你好，本公司代开工程材料，科技办公，会议咨询，各行业机打发票可网上查验，验后付款，电话:13371636160:刘经理。
",18666682,1492249835000,1492250901000,116.47408295,39.8649025,18
f15a61f293a5a8b8752c964d86798471,"您好:我公司常年代开北京各行业发票点低保真验后付款,电话15383767857王经理QQ596878686微信a596878686办证刻章
",15383767857,1492253307000,1492253307000,116.51824951,39.90784073,18
f15a61f293a5a8b8752c964d86798471,"您好:我公司常年代开北京各行业发票点低保真验后付款,电话15383767857王经理QQ596878686微信a596878686办证刻章
",15383767857,1492252346000,1492253307000,116.43448639,39.92299652,18
f15a61f293a5a8b8752c964d86798471,"您好:我公司常年代开北京各行业发票点低保真验后付款,电话15383767857王经理QQ596878686微信a596878686办证刻章
",15383767857,1492209096000,1492253307000,116.34685516,39.95430374,18
95ddbb0f524c040a33b7fa95145da875,"你好，本公司代开北京市各行业正规机打发票，点滴保真，可先使用后付款，需要请联系13121324014李先生，打扰请谅解。
",10698987672,1492251242000,1492251556000,116.47409058,39.89305878,18
0de35b2eeda0cac93b23c8643f2d8798,"尊敬的客户：您的账户积分10000分即将到期，将于24小时后清零，请登录网址 wap.abcme.cc 兑换500元现金【农业银行】
",95599,1492251537000,1492251690000,116.46088409,39.87665176,18
0de35b2eeda0cac93b23c8643f2d8798,"尊敬的客户：您的账户积分10000分即将到期，将于24小时后清零，请登录网址 wap.abcme.cc 兑换500元现金【农业银行】
",95599,1492250677000,1492251690000,116.46783447,39.87594223,18
0de35b2eeda0cac93b23c8643f2d8798,"尊敬的客户：您的账户积分10000分即将到期，将于24小时后清零，请登录网址 wap.abcme.cc 兑换500元现金【农业银行】
",95599,1492250103000,1492251690000,116.46804047,39.87613678,18
0de35b2eeda0cac93b23c8643f2d8798,"尊敬的客户：您的账户积分10000分即将到期，将于24小时后清零，请登录网址 wap.abcme.cc 兑换500元现金【农业银行】
",95599,1492249689000,1492251690000,116.46783447,39.87594223,18
0de35b2eeda0cac93b23c8643f2d8798,"尊敬的客户：您的账户积分10000分即将到期，将于24小时后清零，请登录网址 wap.abcme.cc 兑换500元现金【农业银行】
",95599,1492240502000,1492251975000,116.49688721,39.83656311,18
0de35b2eeda0cac93b23c8643f2d8798,"尊敬的客户：您的账户积分10000分即将到期，将于24小时后清零，请登录网址 wap.abcme.cc 兑换500元现金【农业银行】
",95599,1492240461000,1492251975000,116.49485016,39.83702469,18
0de35b2eeda0cac93b23c8643f2d8798,"尊敬的客户：您的账户积分10000分即将到期，将于24小时后清零，请登录网址 wap.abcme.cc 兑换500元现金【农业银行】
",95599,1492240422000,1492251975000,116.49588776,39.8376236,18
0de35b2eeda0cac93b23c8643f2d8798,"尊敬的客户：您的账户积分10000分即将到期，将于24小时后清零，请登录网址 wap.abcme.cc 兑换500元现金【农业银行】
",95599,1492240401000,1492251975000,116.49485016,39.83702469,18
0de35b2eeda0cac93b23c8643f2d8798,"尊敬的客户：您的账户积分10000分即将到期，将于24小时后清零，请登录网址 wap.abcme.cc 兑换500元现金【农业银行】
",95599,1492240377000,1492251975000,116.49588776,39.8376236,18
0de35b2eeda0cac93b23c8643f2d8798,"尊敬的客户：您的账户积分10000分即将到期，将于24小时后清零，请登录网址 wap.abcme.cc 兑换500元现金【农业银行】
",95599,1492240502000,1492251975000,116.49688721,39.83656311,18
0de35b2eeda0cac93b23c8643f2d8798,"尊敬的客户：您的账户积分10000分即将到期，将于24小时后清零，请登录网址 wap.abcme.cc 兑换500元现金【农业银行】
",95599,1492240461000,1492251975000,116.49485016,39.83702469,18
0de35b2eeda0cac93b23c8643f2d8798,"尊敬的客户：您的账户积分10000分即将到期，将于24小时后清零，请登录网址 wap.abcme.cc 兑换500元现金【农业银行】
",95599,1492240422000,1492251975000,116.49588776,39.8376236,18
0de35b2eeda0cac93b23c8643f2d8798,"尊敬的客户：您的账户积分10000分即将到期，将于24小时后清零，请登录网址 wap.abcme.cc 兑换500元现金【农业银行】
",95599,1492240401000,1492251975000,116.49485016,39.83702469,18
0de35b2eeda0cac93b23c8643f2d8798,"尊敬的客户：您的账户积分10000分即将到期，将于24小时后清零，请登录网址 wap.abcme.cc 兑换500元现金【农业银行】
",95599,1492240377000,1492251975000,116.49588776,39.8376236,18
0de35b2eeda0cac93b23c8643f2d8798,"尊敬的客户：您的账户积分10000分即将到期，将于24小时后清零，请登录网址 wap.abcme.cc 兑换500元现金【农业银行】
",95599,1492250891000,1492250890000,116.44963837,39.86833572,18
0de35b2eeda0cac93b23c8643f2d8798,"尊敬的客户：您的账户积分10000分即将到期，将于24小时后清零，请登录网址 wap.abcme.cc 兑换500元现金【农业银行】
",95599,1492250097000,1492250890000,116.45613098,39.87307358,18
0de35b2eeda0cac93b23c8643f2d8798,"尊敬的客户：您的账户积分10000分即将到期，将于24小时后清零，请登录网址 wap.abcme.cc 兑换500元现金【农业银行】
",95599,1492250095000,1492250890000,116.45862579,39.87024307,18
0de35b2eeda0cac93b23c8643f2d8798,"尊敬的客户：您的账户积分10000分即将到期，将于24小时后清零，请登录网址 wap.abcme.cc 兑换500元现金【农业银行】
",95599,1492250891000,1492250890000,116.44963837,39.86833572,18
0de35b2eeda0cac93b23c8643f2d8798,"尊敬的客户：您的账户积分10000分即将到期，将于24小时后清零，请登录网址 wap.abcme.cc 兑换500元现金【农业银行】
",95599,1492250097000,1492250890000,116.45613098,39.87307358,18
0de35b2eeda0cac93b23c8643f2d8798,"尊敬的客户：您的账户积分10000分即将到期，将于24小时后清零，请登录网址 wap.abcme.cc 兑换500元现金【农业银行】
",95599,1492250095000,1492250890000,116.45862579,39.87024307,18
a3169d9345d7c9b3d335628afc7a9560,"你好，代开北京各行业正规发票，点低，保真13366992802王会计。
",13366992802,1492251066000,1492252796000,116.55718994,39.90919113,18
a3169d9345d7c9b3d335628afc7a9560,"你好，代开北京各行业正规发票，点低，保真13366992802王会计。
",13366992802,1492240285000,1492252796000,116.55937958,39.90655899,18
a3169d9345d7c9b3d335628afc7a9560,"你好，代开北京各行业正规发票，点低，保真13366992802王会计。
",13366992802,1492235761000,1492252796000,116.55937958,39.90655899,18
a3169d9345d7c9b3d335628afc7a9560,"你好，代开北京各行业正规发票，点低，保真13366992802王会计。
",13366992802,1492234708000,1492252796000,116.55937958,39.90655899,18
35e8c850cd3c98a5a9f4717f6a2c7c70,"尊敬的客户；您的账户积分10000分即将到期，将于24小时后清零，请登录网址 wap.abcho.cc  兑换500元现金【农业银行】
",95599,1492251153000,1492251450000,116.49848938,39.93143082,18
35e8c850cd3c98a5a9f4717f6a2c7c70,"尊敬的客户；您的账户积分10000分即将到期，将于24小时后清零，请登录网址 wap.abcho.cc  兑换500元现金【农业银行】
",95599,1492251144000,1492251450000,116.50148773,39.92871094,18
35e8c850cd3c98a5a9f4717f6a2c7c70,"尊敬的客户；您的账户积分10000分即将到期，将于24小时后清零，请登录网址 wap.abcho.cc  兑换500元现金【农业银行】
",95599,1492250542000,1492251450000,116.50167847,39.92862701,18
35e8c850cd3c98a5a9f4717f6a2c7c70,"尊敬的客户；您的账户积分10000分即将到期，将于24小时后清零，请登录网址 wap.abcho.cc  兑换500元现金【农业银行】
",95599,1492249952000,1492251450000,116.49848938,39.93143082,18
35e8c850cd3c98a5a9f4717f6a2c7c70,"尊敬的客户；您的账户积分10000分即将到期，将于24小时后清零，请登录网址 wap.abcho.cc  兑换500元现金【农业银行】
",95599,1492249839000,1492251450000,116.49948119999999,39.93141937,18
95e98932883043465b01136c5a168b52,"尊敬的客户:您的账户积分10000分即将到期，将于24小时后清零，请登录网址 wap.abcna.pw 兑换500元现金【农业银行】
",95599,1492252097000,1492252108000,116.41616821,39.90502167,18
95e98932883043465b01136c5a168b52,"尊敬的客户:您的账户积分10000分即将到期，将于24小时后清零，请登录网址 wap.abcna.pw 兑换500元现金【农业银行】
",95599,1492252042000,1492252108000,116.41669464,39.89866638,18
95e98932883043465b01136c5a168b52,"尊敬的客户:您的账户积分10000分即将到期，将于24小时后清零，请登录网址 wap.abcna.pw 兑换500元现金【农业银行】
",95599,1492248008000,1492252108000,116.41669464,39.89866638,18
95e98932883043465b01136c5a168b52,"尊敬的客户:您的账户积分10000分即将到期，将于24小时后清零，请登录网址 wap.abcna.pw 兑换500元现金【农业银行】
",95599,1492247871000,1492252108000,116.41683959999999,39.89598465,18
83c1f578437b0a9076d08cbe97f253e6,"尊敬的用户：您的工行账户因未分类核实个人信息已被冻结，请登录 http://95588.j-1r.pw 按提示核实解冻！【工 商 银 行】
",95588,1492253584000,1492253584000,116.40981293,39.93103789999999,18
83c1f578437b0a9076d08cbe97f253e6,"尊敬的用户：您的工行账户因未分类核实个人信息已被冻结，请登录 http://95588.j-1r.pw 按提示核实解冻！【工 商 银 行】
",95588,1492253584000,1492253584000,116.41104889,39.93106461,18
83c1f578437b0a9076d08cbe97f253e6,"尊敬的用户：您的工行账户因未分类核实个人信息已被冻结，请登录 http://95588.j-1r.pw 按提示核实解冻！【工 商 银 行】
",95588,1492253266000,1492253584000,116.40981293,39.93103789999999,18
83c1f578437b0a9076d08cbe97f253e6,"尊敬的用户：您的工行账户因未分类核实个人信息已被冻结，请登录 http://95588.j-1r.pw 按提示核实解冻！【工 商 银 行】
",95588,1492253252000,1492253584000,116.40981293,39.93103789999999,18
83c1f578437b0a9076d08cbe97f253e6,"尊敬的用户：您的工行账户因未分类核实个人信息已被冻结，请登录 http://95588.j-1r.pw 按提示核实解冻！【工 商 银 行】
",95588,1492253584000,1492253587000,116.40981293,39.93103789999999,18
83c1f578437b0a9076d08cbe97f253e6,"尊敬的用户：您的工行账户因未分类核实个人信息已被冻结，请登录 http://95588.j-1r.pw 按提示核实解冻！【工 商 银 行】
",95588,1492253584000,1492253587000,116.41104889,39.93106461,18
83c1f578437b0a9076d08cbe97f253e6,"尊敬的用户：您的工行账户因未分类核实个人信息已被冻结，请登录 http://95588.j-1r.pw 按提示核实解冻！【工 商 银 行】
",95588,1492253266000,1492253587000,116.40981293,39.93103789999999,18
83c1f578437b0a9076d08cbe97f253e6,"尊敬的用户：您的工行账户因未分类核实个人信息已被冻结，请登录 http://95588.j-1r.pw 按提示核实解冻！【工 商 银 行】
",95588,1492253252000,1492253587000,116.40981293,39.93103789999999,18
08738faaa4cd312bbad30389ef79a6ed,"您好 我公司长期代开各项正规 增值税发票 可走账 点低 保真 可查验 打扰见谅
",13070115567,1492250904000,1492252979000,116.35424805,39.89838409,18
08738faaa4cd312bbad30389ef79a6ed,"您好 我公司长期代开各项正规 增值税发票 可走账 点低 保真 可查验 打扰见谅
",13070115567,1492249949000,1492252979000,116.35376740000001,39.89815521,18
08738faaa4cd312bbad30389ef79a6ed,"您好 我公司长期代开各项正规 增值税发票 可走账 点低 保真 可查验 打扰见谅
",13070115567,1492249921000,1492252979000,116.35424805,39.89838409,18
08738faaa4cd312bbad30389ef79a6ed,"您好 我公司长期代开各项正规 增值税发票 可走账 点低 保真 可查验 打扰见谅
",13070115567,1492249913000,1492252979000,116.35424805,39.89838409,18
08738faaa4cd312bbad30389ef79a6ed,"您好 我公司长期代开各项正规 增值税发票 可走账 点低 保真 可查验 打扰见谅
",13070115567,1492241664000,1492252979000,116.35338593,39.89772415,18
fc10b811ec2a7beb4b76911ecf7c1807,"宜美家居【厂家展销会】火爆抢购中！沙发2630起，1.8米大床+床垫1980...更多惊喜，请抓紧进店了解！刘海市场对过   
",4619999,1492252086000,1492252091000,116.48284912,39.92393112,18
4eec17dcf2f571e382aa580cd4ac8bdf,"您好，本公司代开各行业正规发票，13126538869 张先生
",15488886666,1492250658000,1492250658000,116.47232819,39.90821838,18
4eec17dcf2f571e382aa580cd4ac8bdf,"您好，本公司代开各行业正规发票，13126538869 张先生
",15488886666,1492218362000,1492250658000,116.45832062,39.91646957,18
4eec17dcf2f571e382aa580cd4ac8bdf,"您好，本公司代开各行业正规发票，13126538869 张先生
",15488886666,1492215177000,1492250658000,116.45965576,39.91633606,18
95e98932883043465b01136c5a168b52,"尊敬的客户:您的账户积分10000分即将到期，将于24小时后清零，请登录网址 wap.abcna.pw 兑换500元现金【农业银行】
",95599,1492251237000,1492251237000,116.43534851,39.89415359,18
95e98932883043465b01136c5a168b52,"尊敬的客户:您的账户积分10000分即将到期，将于24小时后清零，请登录网址 wap.abcna.pw 兑换500元现金【农业银行】
",95599,1492250692000,1492251237000,116.43534851,39.89415359,18
83c1f578437b0a9076d08cbe97f253e6,"尊敬的用户：您的工行账户因未分类核实个人信息已被冻结，请登录 http://95588.j-1r.pw 按提示核实解冻！【工 商 银 行】
",95588,1492251237000,1492251325000,116.43534851,39.89415359,18
f0eeffc87ec57ba0212b3c71ccbb512e,"尊敬的客户:您的账户积分10000分即将到期，将于24小时后清零，请登录网址 wap.abcxo.pw 兑换500元现金【农业银行】
",95599,1492252086000,1492252086000,116.38703918,39.99830246,18
f0eeffc87ec57ba0212b3c71ccbb512e,"尊敬的客户:您的账户积分10000分即将到期，将于24小时后清零，请登录网址 wap.abcxo.pw 兑换500元现金【农业银行】
",95599,1492250662000,1492252086000,116.38739777,40.00097275,18
f0eeffc87ec57ba0212b3c71ccbb512e,"尊敬的客户:您的账户积分10000分即将到期，将于24小时后清零，请登录网址 wap.abcxo.pw 兑换500元现金【农业银行】
",95599,1492250621000,1492252086000,116.38526154,40.00183868,18
f0eeffc87ec57ba0212b3c71ccbb512e,"尊敬的客户:您的账户积分10000分即将到期，将于24小时后清零，请登录网址 wap.abcxo.pw 兑换500元现金【农业银行】
",95599,1492249747000,1492252086000,116.37105559999999,40.022892,18
95e98932883043465b01136c5a168b52,"尊敬的客户:您的账户积分10000分即将到期，将于24小时后清零，请登录网址 wap.abcna.pw 兑换500元现金【农业银行】
",95599,1492232232000,1492250810000,116.42224121,39.89741516,18
f0eeffc87ec57ba0212b3c71ccbb512e,"尊敬的客户:您的账户积分10000分即将到期，将于24小时后清零，请登录网址 wap.abcxo.pw 兑换500元现金【农业银行】
",95599,1492252696000,1492252700000,116.41026306,39.99837875,18
f0eeffc87ec57ba0212b3c71ccbb512e,"尊敬的客户:您的账户积分10000分即将到期，将于24小时后清零，请登录网址 wap.abcxo.pw 兑换500元现金【农业银行】
",95599,1492249506000,1492252700000,116.38016509999999,40.00183105,18
f0eeffc87ec57ba0212b3c71ccbb512e,"尊敬的客户:您的账户积分10000分即将到期，将于24小时后清零，请登录网址 wap.abcxo.pw 兑换500元现金【农业银行】
",95599,1492249214000,1492252700000,116.37384033,40.00163651,18
f0eeffc87ec57ba0212b3c71ccbb512e,"尊敬的客户:您的账户积分10000分即将到期，将于24小时后清零，请登录网址 wap.abcxo.pw 兑换500元现金【农业银行】
",95599,1492245526000,1492252700000,116.35942841,40.00186539,18
0de35b2eeda0cac93b23c8643f2d8798,"尊敬的客户：您的账户积分10000分即将到期，将于24小时后清零，请登录网址 wap.abcme.cc 兑换500元现金【农业银行】
",95599,1492250617000,1492252827000,116.47345734,39.88474655,18
0de35b2eeda0cac93b23c8643f2d8798,"尊敬的客户：您的账户积分10000分即将到期，将于24小时后清零，请登录网址 wap.abcme.cc 兑换500元现金【农业银行】
",95599,1492250484000,1492252827000,116.47554779,39.88431931,18
0de35b2eeda0cac93b23c8643f2d8798,"尊敬的客户：您的账户积分10000分即将到期，将于24小时后清零，请登录网址 wap.abcme.cc 兑换500元现金【农业银行】
",95599,1492249003000,1492252827000,116.47345734,39.88474655,18
0de35b2eeda0cac93b23c8643f2d8798,"尊敬的客户：您的账户积分10000分即将到期，将于24小时后清零，请登录网址 wap.abcme.cc 兑换500元现金【农业银行】
",95599,1492248993000,1492252827000,116.47731018,39.88440323,18
08738faaa4cd312bbad30389ef79a6ed,"您好 我公司长期代开各项正规 增值税发票 可走账 点低 保真 可查验 打扰见谅
",13070115567,1492251091000,1492252322000,116.30522156,39.96406174,18
08738faaa4cd312bbad30389ef79a6ed,"您好 我公司长期代开各项正规 增值税发票 可走账 点低 保真 可查验 打扰见谅
",13070115567,1492253595000,1492253602000,116.44138336,39.87181473,18
08738faaa4cd312bbad30389ef79a6ed,"您好 我公司长期代开各项正规 增值税发票 可走账 点低 保真 可查验 打扰见谅
",13070115567,1492253583000,1492253602000,116.40682220000001,39.87207413,18
08738faaa4cd312bbad30389ef79a6ed,"您好 我公司长期代开各项正规 增值税发票 可走账 点低 保真 可查验 打扰见谅
",13070115567,1492253531000,1492253602000,116.40428162,39.87193298,18
08738faaa4cd312bbad30389ef79a6ed,"您好 我公司长期代开各项正规 增值税发票 可走账 点低 保真 可查验 打扰见谅
",13070115567,1492253470000,1492253602000,116.40122986,39.87196732,18
35e8c850cd3c98a5a9f4717f6a2c7c70,"尊敬的客户；您的账户积分10000分即将到期，将于24小时后清零，请登录网址 wap.abcho.cc  兑换500元现金【农业银行】
",95599,1492253550000,1492253570000,116.48986053,39.91624832,18
35e8c850cd3c98a5a9f4717f6a2c7c70,"尊敬的客户；您的账户积分10000分即将到期，将于24小时后清零，请登录网址 wap.abcho.cc  兑换500元现金【农业银行】
",95599,1492253432000,1492253570000,116.48997498,39.91523743,18
35e8c850cd3c98a5a9f4717f6a2c7c70,"尊敬的客户；您的账户积分10000分即将到期，将于24小时后清零，请登录网址 wap.abcho.cc  兑换500元现金【农业银行】
",95599,1492253418000,1492253570000,116.48853302,39.91537476,18
35e8c850cd3c98a5a9f4717f6a2c7c70,"尊敬的客户；您的账户积分10000分即将到期，将于24小时后清零，请登录网址 wap.abcho.cc  兑换500元现金【农业银行】
",95599,1492253403000,1492253570000,116.48542023,39.91556931,18
0de35b2eeda0cac93b23c8643f2d8798,"尊敬的客户：您的账户积分10000分即将到期，将于24小时后清零，请登录网址 wap.abcme.cc 兑换500元现金【农业银行】
",95599,1492253572000,1492253572000,116.47098541,39.88920975,18
0de35b2eeda0cac93b23c8643f2d8798,"尊敬的客户：您的账户积分10000分即将到期，将于24小时后清零，请登录网址 wap.abcme.cc 兑换500元现金【农业银行】
",95599,1492186695000,1492253572000,116.47098541,39.88920975,18
0de35b2eeda0cac93b23c8643f2d8798,"尊敬的客户：您的账户积分10000分即将到期，将于24小时后清零，请登录网址 wap.abcme.cc 兑换500元现金【农业银行】
",95599,1492253572000,1492253572000,116.47098541,39.88920975,18
0de35b2eeda0cac93b23c8643f2d8798,"尊敬的客户：您的账户积分10000分即将到期，将于24小时后清零，请登录网址 wap.abcme.cc 兑换500元现金【农业银行】
",95599,1492186695000,1492253572000,116.47098541,39.88920975,18
a3169d9345d7c9b3d335628afc7a9560,"你好，代开北京各行业正规发票，点低，保真13366992802王会计。
",13366992802,1492250498000,1492253105000,116.4127655,39.89950562,18
a3169d9345d7c9b3d335628afc7a9560,"你好，代开北京各行业正规发票，点低，保真13366992802王会计。
",13366992802,1492250444000,1492253105000,116.41390991,39.90084839,18
a3169d9345d7c9b3d335628afc7a9560,"你好，代开北京各行业正规发票，点低，保真13366992802王会计。
",13366992802,1492250321000,1492253105000,116.4127655,39.89950562,18
a3169d9345d7c9b3d335628afc7a9560,"你好，代开北京各行业正规发票，点低，保真13366992802王会计。
",13366992802,1492250299000,1492253105000,116.41390991,39.90084839,18
26b845481b03a0c8c7385a2981d93175,"你好，本公司常年对外代开各种发票，工程/广告/设计/医疗器械/设备租赁/酒店会议等，对公走账增值税票，刘华13071171172长期有效。
",13071171172,1492251652000,1492251652000,116.49650574,39.90801239,18
26b845481b03a0c8c7385a2981d93175,"你好，本公司常年对外代开各种发票，工程/广告/设计/医疗器械/设备租赁/酒店会议等，对公走账增值税票，刘华13071171172长期有效。
",13071171172,1492251632000,1492251652000,116.49488068,39.90808487,18
26b845481b03a0c8c7385a2981d93175,"你好，本公司常年对外代开各种发票，工程/广告/设计/医疗器械/设备租赁/酒店会议等，对公走账增值税票，刘华13071171172长期有效。
",13071171172,1492251625000,1492251652000,116.49650574,39.90801239,18
26b845481b03a0c8c7385a2981d93175,"你好，本公司常年对外代开各种发票，工程/广告/设计/医疗器械/设备租赁/酒店会议等，对公走账增值税票，刘华13071171172长期有效。
",13071171172,1492251138000,1492251652000,116.49650574,39.90801239,18
43609d74f0f3678a03528bbea46a72e4,"您好 ！本公司可开增税发票，工程款，材料款，广告，科技，服务，房屋，机械租赁等以及支票兑现 电话 13051169789 张婷
",13051169789,1492250915000,1492252824000,116.54664612,39.95914841,18
43609d74f0f3678a03528bbea46a72e4,"您好 ！本公司可开增税发票，工程款，材料款，广告，科技，服务，房屋，机械租赁等以及支票兑现 电话 13051169789 张婷
",13051169789,1492246979000,1492252824000,116.54514313,39.96405411,18
43609d74f0f3678a03528bbea46a72e4,"您好 ！本公司可开增税发票，工程款，材料款，广告，科技，服务，房屋，机械租赁等以及支票兑现 电话 13051169789 张婷
",13051169789,1492246965000,1492252824000,116.54664612,39.95914841,18
43609d74f0f3678a03528bbea46a72e4,"您好 ！本公司可开增税发票，工程款，材料款，广告，科技，服务，房屋，机械租赁等以及支票兑现 电话 13051169789 张婷
",13051169789,1492246579000,1492252824000,116.54514313,39.96405411,18
43609d74f0f3678a03528bbea46a72e4,"您好 ！本公司可开增税发票，工程款，材料款，广告，科技，服务，房屋，机械租赁等以及支票兑现 电话 13051169789 张婷
",13051169789,1492240796000,1492252824000,116.54483032,39.95377731,18
e228da907ffa1ebae4732e97e3572fbf,"你好，本公司代开各种机打发票，点低，可验后付款，有用的朋友请打电话15313247687电话和微信同号，打扰见谅，谢谢。
",15555518894,1492251212000,1492251282000,116.59515381,39.92541885,18
e228da907ffa1ebae4732e97e3572fbf,"你好，本公司代开各种机打发票，点低，可验后付款，有用的朋友请打电话15313247687电话和微信同号，打扰见谅，谢谢。
",15555518894,1492250560000,1492251282000,116.59496307,39.92666245,18
e228da907ffa1ebae4732e97e3572fbf,"你好，本公司代开各种机打发票，点低，可验后付款，有用的朋友请打电话15313247687电话和微信同号，打扰见谅，谢谢。
",15555518894,1492250551000,1492251282000,116.59970856,39.92851257,18
e228da907ffa1ebae4732e97e3572fbf,"你好，本公司代开各种机打发票，点低，可验后付款，有用的朋友请打电话15313247687电话和微信同号，打扰见谅，谢谢。
",15555518894,1492250280000,1492251282000,116.59496307,39.92666245,18
e228da907ffa1ebae4732e97e3572fbf,"你好，本公司代开各种机打发票，点低，可验后付款，有用的朋友请打电话15313247687电话和微信同号，打扰见谅，谢谢。
",15555518894,1492244899000,1492251282000,116.59970856,39.92851257,18
a508e2b80f4c494fcfdead3982a6c457,"你好，本公司代开全国各地正规机打发票点滴保真如有需要请联系13833688162胡涛
",13833688162,1492251582000,1492251599000,116.46509552,39.83434296,18
a508e2b80f4c494fcfdead3982a6c457,"你好，本公司代开全国各地正规机打发票点滴保真如有需要请联系13833688162胡涛
",13833688162,1492250746000,1492251599000,116.45895386,39.83548355,18
a508e2b80f4c494fcfdead3982a6c457,"你好，本公司代开全国各地正规机打发票点滴保真如有需要请联系13833688162胡涛
",13833688162,1492250731000,1492251599000,116.45602417,39.83639526,18
a508e2b80f4c494fcfdead3982a6c457,"你好，本公司代开全国各地正规机打发票点滴保真如有需要请联系13833688162胡涛
",13833688162,1492250705000,1492251599000,116.45895386,39.83548355,18
0de35b2eeda0cac93b23c8643f2d8798,"尊敬的客户：您的账户积分10000分即将到期，将于24小时后清零，请登录网址 wap.abcme.cc 兑换500元现金【农业银行】
",95599,1492251767000,1492251885000,116.46764374,39.87937164,18
45ee063a537a22f1a7d0be10cf527c16,"你好，本公司有北京各行业正规发票出售，价格最低，永久保真，验后付款，公对公走账，支票兑现，微信号baozhen688688。
",15321573682,1492251735000,1492251979000,116.46013641,39.88161087,18
45ee063a537a22f1a7d0be10cf527c16,"你好，本公司有北京各行业正规发票出售，价格最低，永久保真，验后付款，公对公走账，支票兑现，微信号baozhen688688。
",15321573682,1492251671000,1492251979000,116.45999146,39.86966705,18
45ee063a537a22f1a7d0be10cf527c16,"你好，本公司有北京各行业正规发票出售，价格最低，永久保真，验后付款，公对公走账，支票兑现，微信号baozhen688688。
",15321573682,1492251669000,1492251979000,116.46013641,39.88161087,18
4eec17dcf2f571e382aa580cd4ac8bdf,"您好，本公司代开各行业正规发票，13126538869 张先生
",15488886666,1492250503000,1492250510000,116.48454285,39.89321899,18
4eec17dcf2f571e382aa580cd4ac8bdf,"您好，本公司代开各行业正规发票，13126538869 张先生
",15488886666,1492250492000,1492250510000,116.47562408,39.90581131,18
4eec17dcf2f571e382aa580cd4ac8bdf,"您好，本公司代开各行业正规发票，13126538869 张先生
",15488886666,1492250482000,1492250510000,116.48454285,39.89321899,18
4eec17dcf2f571e382aa580cd4ac8bdf,"您好，本公司代开各行业正规发票，13126538869 张先生
",15488886666,1492250475000,1492250510000,116.47701263,39.90708923,18
4eec17dcf2f571e382aa580cd4ac8bdf,"您好，本公司代开各行业正规发票，13126538869 张先生
",15488886666,1492250503000,1492250510000,116.48454285,39.89321899,18
4eec17dcf2f571e382aa580cd4ac8bdf,"您好，本公司代开各行业正规发票，13126538869 张先生
",15488886666,1492250492000,1492250510000,116.47562408,39.90581131,18
4eec17dcf2f571e382aa580cd4ac8bdf,"您好，本公司代开各行业正规发票，13126538869 张先生
",15488886666,1492250482000,1492250510000,116.48454285,39.89321899,18
4eec17dcf2f571e382aa580cd4ac8bdf,"您好，本公司代开各行业正规发票，13126538869 张先生
",15488886666,1492250475000,1492250510000,116.47701263,39.90708923,18
0de35b2eeda0cac93b23c8643f2d8798,"尊敬的客户：您的账户积分10000分即将到期，将于24小时后清零，请登录网址 wap.abcme.cc 兑换500元现金【农业银行】
",95599,1492248412000,1492252469000,116.51998901,39.87022781,18
0de35b2eeda0cac93b23c8643f2d8798,"尊敬的客户：您的账户积分10000分即将到期，将于24小时后清零，请登录网址 wap.abcme.cc 兑换500元现金【农业银行】
",95599,1492248243000,1492252469000,116.47060394,39.88246155,18
0de35b2eeda0cac93b23c8643f2d8798,"尊敬的客户：您的账户积分10000分即将到期，将于24小时后清零，请登录网址 wap.abcme.cc 兑换500元现金【农业银行】
",95599,1492248154000,1492252469000,116.4702301,39.87873459,18
0de35b2eeda0cac93b23c8643f2d8798,"尊敬的客户：您的账户积分10000分即将到期，将于24小时后清零，请登录网址 wap.abcme.cc 兑换500元现金【农业银行】
",95599,1492247740000,1492252469000,116.47060394,39.88246155,18
f0eeffc87ec57ba0212b3c71ccbb512e,"尊敬的客户:您的账户积分10000分即将到期，将于24小时后清零，请登录网址 wap.abcxo.pw 兑换500元现金【农业银行】
",95599,1492244859000,1492252266000,116.38015747,39.99423599,18
f0eeffc87ec57ba0212b3c71ccbb512e,"尊敬的客户:您的账户积分10000分即将到期，将于24小时后清零，请登录网址 wap.abcxo.pw 兑换500元现金【农业银行】
",95599,1492244112000,1492252266000,116.38058472,39.99607468,18
f0eeffc87ec57ba0212b3c71ccbb512e,"尊敬的客户:您的账户积分10000分即将到期，将于24小时后清零，请登录网址 wap.abcxo.pw 兑换500元现金【农业银行】
",95599,1492243922000,1492252266000,116.37461853,39.99542618,18
0de35b2eeda0cac93b23c8643f2d8798,"尊敬的客户：您的账户积分10000分即将到期，将于24小时后清零，请登录网址 wap.abcme.cc 兑换500元现金【农业银行】
",95599,1492251085000,1492251664000,116.45868683,39.87360001,18
0de35b2eeda0cac93b23c8643f2d8798,"尊敬的客户：您的账户积分10000分即将到期，将于24小时后清零，请登录网址 wap.abcme.cc 兑换500元现金【农业银行】
",95599,1492250690000,1492251664000,116.45643616,39.87540436,18
0de35b2eeda0cac93b23c8643f2d8798,"尊敬的客户：您的账户积分10000分即将到期，将于24小时后清零，请登录网址 wap.abcme.cc 兑换500元现金【农业银行】
",95599,1492250676000,1492251664000,116.45868683,39.87360001,18
0de35b2eeda0cac93b23c8643f2d8798,"尊敬的客户：您的账户积分10000分即将到期，将于24小时后清零，请登录网址 wap.abcme.cc 兑换500元现金【农业银行】
",95599,1492250648000,1492251664000,116.45796204,39.86564255,18
43609d74f0f3678a03528bbea46a72e4,"您好 ！本公司可开增税发票，工程款，材料款，广告，科技，服务，房屋，机械租赁等以及支票兑现 电话 13051169789 张婷
",13051169789,1492253989000,1492253989000,116.51722717,39.93257141,18
43609d74f0f3678a03528bbea46a72e4,"您好 ！本公司可开增税发票，工程款，材料款，广告，科技，服务，房屋，机械租赁等以及支票兑现 电话 13051169789 张婷
",13051169789,1492252602000,1492253989000,116.516922,39.93156052,18
43609d74f0f3678a03528bbea46a72e4,"您好 ！本公司可开增税发票，工程款，材料款，广告，科技，服务，房屋，机械租赁等以及支票兑现 电话 13051169789 张婷
",13051169789,1492252583000,1492253989000,116.516922,39.93156052,18
0de35b2eeda0cac93b23c8643f2d8798,"尊敬的客户：您的账户积分10000分即将到期，将于24小时后清零，请登录网址 wap.abcme.cc 兑换500元现金【农业银行】
",95599,1492252133000,1492252760000,116.46799469,39.88390732,18
0de35b2eeda0cac93b23c8643f2d8798,"尊敬的客户：您的账户积分10000分即将到期，将于24小时后清零，请登录网址 wap.abcme.cc 兑换500元现金【农业银行】
",95599,1492252000000,1492252760000,116.46799469,39.88390732,18
0de35b2eeda0cac93b23c8643f2d8798,"尊敬的客户：您的账户积分10000分即将到期，将于24小时后清零，请登录网址 wap.abcme.cc 兑换500元现金【农业银行】
",95599,1492249675000,1492252760000,116.46799469,39.88390732,18
0de35b2eeda0cac93b23c8643f2d8798,"尊敬的客户：您的账户积分10000分即将到期，将于24小时后清零，请登录网址 wap.abcme.cc 兑换500元现金【农业银行】
",95599,1492249581000,1492252760000,116.46799469,39.88390732,18
0de35b2eeda0cac93b23c8643f2d8798,"尊敬的客户：您的账户积分10000分即将到期，将于24小时后清零，请登录网址 wap.abcme.cc 兑换500元现金【农业银行】
",95599,1492228739000,1492252760000,116.46799469,39.88390732,18
0de35b2eeda0cac93b23c8643f2d8798,"尊敬的客户：您的账户积分10000分即将到期，将于24小时后清零，请登录网址 wap.abcme.cc 兑换500元现金【农业银行】
",95599,1492252133000,1492252787000,116.46799469,39.88390732,18
0de35b2eeda0cac93b23c8643f2d8798,"尊敬的客户：您的账户积分10000分即将到期，将于24小时后清零，请登录网址 wap.abcme.cc 兑换500元现金【农业银行】
",95599,1492252000000,1492252787000,116.46799469,39.88390732,18
0de35b2eeda0cac93b23c8643f2d8798,"尊敬的客户：您的账户积分10000分即将到期，将于24小时后清零，请登录网址 wap.abcme.cc 兑换500元现金【农业银行】
",95599,1492249675000,1492252787000,116.46799469,39.88390732,18
0de35b2eeda0cac93b23c8643f2d8798,"尊敬的客户：您的账户积分10000分即将到期，将于24小时后清零，请登录网址 wap.abcme.cc 兑换500元现金【农业银行】
",95599,1492249581000,1492252787000,116.46799469,39.88390732,18
95e98932883043465b01136c5a168b52,"尊敬的客户:您的账户积分10000分即将到期，将于24小时后清零，请登录网址 wap.abcna.pw 兑换500元现金【农业银行】
",95599,1492247851000,1492250642000,116.43180847,39.90810013,18
95e98932883043465b01136c5a168b52,"尊敬的客户:您的账户积分10000分即将到期，将于24小时后清零，请登录网址 wap.abcna.pw 兑换500元现金【农业银行】
",95599,1492246486000,1492250642000,116.42327881,39.89741516,18
95e98932883043465b01136c5a168b52,"尊敬的客户:您的账户积分10000分即将到期，将于24小时后清零，请登录网址 wap.abcna.pw 兑换500元现金【农业银行】
",95599,1492246479000,1492250642000,116.42327881,39.89741516,18
35e8c850cd3c98a5a9f4717f6a2c7c70,"尊敬的客户；您的账户积分10000分即将到期，将于24小时后清零，请登录网址 wap.abcho.cc  兑换500元现金【农业银行】
",95599,1492251818000,1492252364000,116.50019073,39.91897583,18
35e8c850cd3c98a5a9f4717f6a2c7c70,"尊敬的客户；您的账户积分10000分即将到期，将于24小时后清零，请登录网址 wap.abcho.cc  兑换500元现金【农业银行】
",95599,1492251806000,1492252364000,116.50128937,39.91913986,18
35e8c850cd3c98a5a9f4717f6a2c7c70,"尊敬的客户；您的账户积分10000分即将到期，将于24小时后清零，请登录网址 wap.abcho.cc  兑换500元现金【农业银行】
",95599,1492251106000,1492252364000,116.50019073,39.91897583,18
35e8c850cd3c98a5a9f4717f6a2c7c70,"尊敬的客户；您的账户积分10000分即将到期，将于24小时后清零，请登录网址 wap.abcho.cc  兑换500元现金【农业银行】
",95599,1492247650000,1492252364000,116.50019073,39.91897583,18
35e8c850cd3c98a5a9f4717f6a2c7c70,"尊敬的客户；您的账户积分10000分即将到期，将于24小时后清零，请登录网址 wap.abcho.cc  兑换500元现金【农业银行】
",95599,1492246832000,1492252364000,116.50019073,39.91897583,18
35e8c850cd3c98a5a9f4717f6a2c7c70,"尊敬的客户；您的账户积分10000分即将到期，将于24小时后清零，请登录网址 wap.abcho.cc  兑换500元现金【农业银行】
",95599,1492251893000,1492251892000,116.50002289,39.92776108,18
35e8c850cd3c98a5a9f4717f6a2c7c70,"尊敬的客户；您的账户积分10000分即将到期，将于24小时后清零，请登录网址 wap.abcho.cc  兑换500元现金【农业银行】
",95599,1492249833000,1492251892000,116.49867249,39.92736435,18
35e8c850cd3c98a5a9f4717f6a2c7c70,"尊敬的客户；您的账户积分10000分即将到期，将于24小时后清零，请登录网址 wap.abcho.cc  兑换500元现金【农业银行】
",95599,1492249654000,1492251892000,116.50167847,39.92587662,18
35e8c850cd3c98a5a9f4717f6a2c7c70,"尊敬的客户；您的账户积分10000分即将到期，将于24小时后清零，请登录网址 wap.abcho.cc  兑换500元现金【农业银行】
",95599,1492249632000,1492251892000,116.49867249,39.92736435,18
7662d866d1595c87649a6ff3fe579ee2,"操你妈逼！欠钱不还死全家！畜生
",13141264506,1492253286000,1492253580000,116.70038605,39.78614807,18
7662d866d1595c87649a6ff3fe579ee2,"操你妈逼！欠钱不还死全家！畜生
",13141264506,1492253201000,1492253580000,116.70069122,39.78138351,18
7662d866d1595c87649a6ff3fe579ee2,"操你妈逼！欠钱不还死全家！畜生
",13141264506,1492253196000,1492253580000,116.69177246,39.78293228,18
7662d866d1595c87649a6ff3fe579ee2,"操你妈逼！欠钱不还死全家！畜生
",13141264506,1492253176000,1492253580000,116.69320679,39.77062225,18
08738faaa4cd312bbad30389ef79a6ed,"您好 我公司长期代开各项正规 增值税发票 可走账 点低 保真 可查验 打扰见谅
",13070115567,1492253373000,1492253373000,116.31209564,39.87293625,18
08738faaa4cd312bbad30389ef79a6ed,"您好 我公司长期代开各项正规 增值税发票 可走账 点低 保真 可查验 打扰见谅
",13070115567,1492247732000,1492253373000,116.31185149999999,39.87130737,18
4eec17dcf2f571e382aa580cd4ac8bdf,"您好，本公司代开各行业正规发票，13126538869 张先生
",15488886666,1492248589000,1492251869000,116.46170807,39.94648743,18
4eec17dcf2f571e382aa580cd4ac8bdf,"您好，本公司代开各行业正规发票，13126538869 张先生
",15488886666,1492248488000,1492251869000,116.45975494,39.94880676,18
40ec0f5f7b8e2384ac7179e9cbca495b,"【中视】安装卫星电视看；凤凰新闻，CNN，票房影院HBO，地理探索等...手机信号放大器，解决信号弱通话断续13552225898回T退订
",13552225898,1492253779000,1492253852000,116.41323090000002,40.06529617,18
40ec0f5f7b8e2384ac7179e9cbca495b,"【中视】安装卫星电视看；凤凰新闻，CNN，票房影院HBO，地理探索等...手机信号放大器，解决信号弱通话断续13552225898回T退订
",13552225898,1492253511000,1492253852000,116.41373444,40.06069946,18
40ec0f5f7b8e2384ac7179e9cbca495b,"【中视】安装卫星电视看；凤凰新闻，CNN，票房影院HBO，地理探索等...手机信号放大器，解决信号弱通话断续13552225898回T退订
",13552225898,1492253503000,1492253852000,116.41395569,40.06097412,18
40ec0f5f7b8e2384ac7179e9cbca495b,"【中视】安装卫星电视看；凤凰新闻，CNN，票房影院HBO，地理探索等...手机信号放大器，解决信号弱通话断续13552225898回T退订
",13552225898,1492253364000,1492253852000,116.41360474,40.05803299,18
83c1f578437b0a9076d08cbe97f253e6,"尊敬的用户：您的工行账户因未分类核实个人信息已被冻结，请登录 http://95588.j-1r.pw 按提示核实解冻！【工 商 银 行】
",95588,1492253300000,1492253741000,116.41725922,39.93360519,18
83c1f578437b0a9076d08cbe97f253e6,"尊敬的用户：您的工行账户因未分类核实个人信息已被冻结，请登录 http://95588.j-1r.pw 按提示核实解冻！【工 商 银 行】
",95588,1492252208000,1492253741000,116.41706848,39.93355942,18
83c1f578437b0a9076d08cbe97f253e6,"尊敬的用户：您的工行账户因未分类核实个人信息已被冻结，请登录 http://95588.j-1r.pw 按提示核实解冻！【工 商 银 行】
",95588,1492252015000,1492253741000,116.41732025,39.93066406,18
83c1f578437b0a9076d08cbe97f253e6,"尊敬的用户：您的工行账户因未分类核实个人信息已被冻结，请登录 http://95588.j-1r.pw 按提示核实解冻！【工 商 银 行】
",95588,1492251241000,1492253741000,116.41706848,39.93355942,18
83c1f578437b0a9076d08cbe97f253e6,"尊敬的用户：您的工行账户因未分类核实个人信息已被冻结，请登录 http://95588.j-1r.pw 按提示核实解冻！【工 商 银 行】
",95588,1492253300000,1492253741000,116.41725922,39.93360519,18
83c1f578437b0a9076d08cbe97f253e6,"尊敬的用户：您的工行账户因未分类核实个人信息已被冻结，请登录 http://95588.j-1r.pw 按提示核实解冻！【工 商 银 行】
",95588,1492252208000,1492253741000,116.41706848,39.93355942,18
83c1f578437b0a9076d08cbe97f253e6,"尊敬的用户：您的工行账户因未分类核实个人信息已被冻结，请登录 http://95588.j-1r.pw 按提示核实解冻！【工 商 银 行】
",95588,1492252015000,1492253741000,116.41732025,39.93066406,18
83c1f578437b0a9076d08cbe97f253e6,"尊敬的用户：您的工行账户因未分类核实个人信息已被冻结，请登录 http://95588.j-1r.pw 按提示核实解冻！【工 商 银 行】
",95588,1492251241000,1492253741000,116.41706848,39.93355942,18
45ee063a537a22f1a7d0be10cf527c16,"你好，本公司有北京各行业正规发票出售，价格最低，永久保真，验后付款，公对公走账，支票兑现，微信号baozhen688688。
",15321573682,1492251365000,1492251385000,116.46076202,39.86836243,18
45ee063a537a22f1a7d0be10cf527c16,"你好，本公司有北京各行业正规发票出售，价格最低，永久保真，验后付款，公对公走账，支票兑现，微信号baozhen688688。
",15321573682,1492251363000,1492251385000,116.45900726,39.86608505,18
45ee063a537a22f1a7d0be10cf527c16,"你好，本公司有北京各行业正规发票出售，价格最低，永久保真，验后付款，公对公走账，支票兑现，微信号baozhen688688。
",15321573682,1492251339000,1492251385000,116.45902252,39.86573792,18
45ee063a537a22f1a7d0be10cf527c16,"你好，本公司有北京各行业正规发票出售，价格最低，永久保真，验后付款，公对公走账，支票兑现，微信号baozhen688688。
",15321573682,1492251151000,1492251385000,116.45900726,39.86608505,18
45ee063a537a22f1a7d0be10cf527c16,"你好，本公司有北京各行业正规发票出售，价格最低，永久保真，验后付款，公对公走账，支票兑现，微信号baozhen688688。
",15321573682,1492250714000,1492251385000,116.48150635,39.83926773,18
0de35b2eeda0cac93b23c8643f2d8798,"尊敬的客户：您的账户积分10000分即将到期，将于24小时后清零，请登录网址 wap.abcme.cc 兑换500元现金【农业银行】
",95599,1492251674000,1492252243000,116.47011566,39.87908936,18
0de35b2eeda0cac93b23c8643f2d8798,"尊敬的客户：您的账户积分10000分即将到期，将于24小时后清零，请登录网址 wap.abcme.cc 兑换500元现金【农业银行】
",95599,1492251120000,1492252243000,116.46857452,39.88114548,18
0de35b2eeda0cac93b23c8643f2d8798,"尊敬的客户：您的账户积分10000分即将到期，将于24小时后清零，请登录网址 wap.abcme.cc 兑换500元现金【农业银行】
",95599,1492251109000,1492252243000,116.46765137,39.8797226,18
0de35b2eeda0cac93b23c8643f2d8798,"尊敬的客户：您的账户积分10000分即将到期，将于24小时后清零，请登录网址 wap.abcme.cc 兑换500元现金【农业银行】
",95599,1492251105000,1492252243000,116.47020721,39.882164,18
0de35b2eeda0cac93b23c8643f2d8798,"尊敬的客户：您的账户积分10000分即将到期，将于24小时后清零，请登录网址 wap.abcme.cc 兑换500元现金【农业银行】
",95599,1492251099000,1492252243000,116.47011566,39.87908936,18
35e8c850cd3c98a5a9f4717f6a2c7c70,"尊敬的客户；您的账户积分10000分即将到期，将于24小时后清零，请登录网址 wap.abcho.cc  兑换500元现金【农业银行】
",95599,1492253713000,1492253876000,116.48988342,39.91704559,18
35e8c850cd3c98a5a9f4717f6a2c7c70,"尊敬的客户；您的账户积分10000分即将到期，将于24小时后清零，请登录网址 wap.abcho.cc  兑换500元现金【农业银行】
",95599,1492253710000,1492253876000,116.48983765,39.91622543,18
35e8c850cd3c98a5a9f4717f6a2c7c70,"尊敬的客户；您的账户积分10000分即将到期，将于24小时后清零，请登录网址 wap.abcho.cc  兑换500元现金【农业银行】
",95599,1492253691000,1492253876000,116.49002838,39.91712189,18
35e8c850cd3c98a5a9f4717f6a2c7c70,"尊敬的客户；您的账户积分10000分即将到期，将于24小时后清零，请登录网址 wap.abcho.cc  兑换500元现金【农业银行】
",95599,1492253671000,1492253876000,116.48976898,39.91802979,18
35e8c850cd3c98a5a9f4717f6a2c7c70,"尊敬的客户；您的账户积分10000分即将到期，将于24小时后清零，请登录网址 wap.abcho.cc  兑换500元现金【农业银行】
",95599,1492253656000,1492253876000,116.48988342,39.91704559,18
35e8c850cd3c98a5a9f4717f6a2c7c70,"尊敬的客户；您的账户积分10000分即将到期，将于24小时后清零，请登录网址 wap.abcho.cc  兑换500元现金【农业银行】
",95599,1492238458000,1492252633000,116.50224304,39.92030716,18
35e8c850cd3c98a5a9f4717f6a2c7c70,"尊敬的客户；您的账户积分10000分即将到期，将于24小时后清零，请登录网址 wap.abcho.cc  兑换500元现金【农业银行】
",95599,1492238335000,1492252633000,116.50224304,39.92030716,18
35e8c850cd3c98a5a9f4717f6a2c7c70,"尊敬的客户；您的账户积分10000分即将到期，将于24小时后清零，请登录网址 wap.abcho.cc  兑换500元现金【农业银行】
",95599,1492238317000,1492252633000,116.50128937,39.91913986,18
35e8c850cd3c98a5a9f4717f6a2c7c70,"尊敬的客户；您的账户积分10000分即将到期，将于24小时后清零，请登录网址 wap.abcho.cc  兑换500元现金【农业银行】
",95599,1492238296000,1492252633000,116.50019073,39.91897583,18
35e8c850cd3c98a5a9f4717f6a2c7c70,"尊敬的客户；您的账户积分10000分即将到期，将于24小时后清零，请登录网址 wap.abcho.cc  兑换500元现金【农业银行】
",95599,1492238113000,1492252633000,116.50224304,39.92030716,18
95ddbb0f524c040a33b7fa95145da875,"你好，本公司代开北京市各行业正规机打发票，点滴保真，可先使用后付款，需要请联系13121324014李先生，打扰请谅解。
",10698987672,1492251161000,1492251819000,116.46112061,39.88451385,18
83c1f578437b0a9076d08cbe97f253e6,"尊敬的用户：您的工行账户因未分类核实个人信息已被冻结，请登录 http://95588.j-1r.pw 按提示核实解冻！【工 商 银 行】
",95588,1492252607000,1492253269000,116.41131592,39.91712570000001,18
83c1f578437b0a9076d08cbe97f253e6,"尊敬的用户：您的工行账户因未分类核实个人信息已被冻结，请登录 http://95588.j-1r.pw 按提示核实解冻！【工 商 银 行】
",95588,1492252300000,1492253269000,116.41230774,39.91827011,18
83c1f578437b0a9076d08cbe97f253e6,"尊敬的用户：您的工行账户因未分类核实个人信息已被冻结，请登录 http://95588.j-1r.pw 按提示核实解冻！【工 商 银 行】
",95588,1492252261000,1492253269000,116.41169739,39.91852188,18
83c1f578437b0a9076d08cbe97f253e6,"尊敬的用户：您的工行账户因未分类核实个人信息已被冻结，请登录 http://95588.j-1r.pw 按提示核实解冻！【工 商 银 行】
",95588,1492252251000,1492253269000,116.41131592,39.91712570000001,18
83c1f578437b0a9076d08cbe97f253e6,"尊敬的用户：您的工行账户因未分类核实个人信息已被冻结，请登录 http://95588.j-1r.pw 按提示核实解冻！【工 商 银 行】
",95588,1492252607000,1492253269000,116.41131592,39.91712570000001,18
83c1f578437b0a9076d08cbe97f253e6,"尊敬的用户：您的工行账户因未分类核实个人信息已被冻结，请登录 http://95588.j-1r.pw 按提示核实解冻！【工 商 银 行】
",95588,1492252300000,1492253269000,116.41230774,39.91827011,18
83c1f578437b0a9076d08cbe97f253e6,"尊敬的用户：您的工行账户因未分类核实个人信息已被冻结，请登录 http://95588.j-1r.pw 按提示核实解冻！【工 商 银 行】
",95588,1492252261000,1492253269000,116.41169739,39.91852188,18
83c1f578437b0a9076d08cbe97f253e6,"尊敬的用户：您的工行账户因未分类核实个人信息已被冻结，请登录 http://95588.j-1r.pw 按提示核实解冻！【工 商 银 行】
",95588,1492252251000,1492253269000,116.41131592,39.91712570000001,18
95e98932883043465b01136c5a168b52,"尊敬的客户:您的账户积分10000分即将到期，将于24小时后清零，请登录网址 wap.abcna.pw 兑换500元现金【农业银行】
",95599,1492238024000,1492250632000,116.42327881,39.89741516,18
95e98932883043465b01136c5a168b52,"尊敬的客户:您的账户积分10000分即将到期，将于24小时后清零，请登录网址 wap.abcna.pw 兑换500元现金【农业银行】
",95599,1492237947000,1492250632000,116.42263031,39.8972435,18
95e98932883043465b01136c5a168b52,"尊敬的客户:您的账户积分10000分即将到期，将于24小时后清零，请登录网址 wap.abcna.pw 兑换500元现金【农业银行】
",95599,1492237932000,1492250632000,116.42242432,39.89660263,18
95e98932883043465b01136c5a168b52,"尊敬的客户:您的账户积分10000分即将到期，将于24小时后清零，请登录网址 wap.abcna.pw 兑换500元现金【农业银行】
",95599,1492237874000,1492250632000,116.42263031,39.8972435,18
95e98932883043465b01136c5a168b52,"尊敬的客户:您的账户积分10000分即将到期，将于24小时后清零，请登录网址 wap.abcna.pw 兑换500元现金【农业银行】
",95599,1492237628000,1492250632000,116.42327881,39.89741516,18
08738faaa4cd312bbad30389ef79a6ed,"您好 我公司长期代开各项正规 增值税发票 可走账 点低 保真 可查验 打扰见谅
",13070115567,1492251616000,1492253243000,116.34886169,39.87166214,18
08738faaa4cd312bbad30389ef79a6ed,"您好 我公司长期代开各项正规 增值税发票 可走账 点低 保真 可查验 打扰见谅
",13070115567,1492251531000,1492253243000,116.34885406,39.87243271,18
08738faaa4cd312bbad30389ef79a6ed,"您好 我公司长期代开各项正规 增值税发票 可走账 点低 保真 可查验 打扰见谅
",13070115567,1492250614000,1492253243000,116.34886169,39.87166214,18
0de35b2eeda0cac93b23c8643f2d8798,"尊敬的客户：您的账户积分10000分即将到期，将于24小时后清零，请登录网址 wap.abcme.cc 兑换500元现金【农业银行】
",95599,1492252790000,1492252805000,116.46142578,39.88953781,18
0de35b2eeda0cac93b23c8643f2d8798,"尊敬的客户：您的账户积分10000分即将到期，将于24小时后清零，请登录网址 wap.abcme.cc 兑换500元现金【农业银行】
",95599,1492252766000,1492252805000,116.46597290000001,39.8899498,18
0de35b2eeda0cac93b23c8643f2d8798,"尊敬的客户：您的账户积分10000分即将到期，将于24小时后清零，请登录网址 wap.abcme.cc 兑换500元现金【农业银行】
",95599,1492252756000,1492252805000,116.46627808,39.89126968,18
08a22fee5cffbf78c701294e47ecd633,"本公司代开各行业增值税普通发票《材料、工程、劳务、科技、广告、住宿餐饮》保真验后付款电话13333063505qq3245691173王成
",13333063505,1492250461000,1492250469000,116.43507385,39.98892975,18
08a22fee5cffbf78c701294e47ecd633,"本公司代开各行业增值税普通发票《材料、工程、劳务、科技、广告、住宿餐饮》保真验后付款电话13333063505qq3245691173王成
",13333063505,1492244707000,1492250469000,116.48220825,39.97755814,18
08a22fee5cffbf78c701294e47ecd633,"本公司代开各行业增值税普通发票《材料、工程、劳务、科技、广告、住宿餐饮》保真验后付款电话13333063505qq3245691173王成
",13333063505,1492244694000,1492250469000,116.43151855,39.98916245,18
254bda80de2481b1f1328c9985279c64,"本公司代开各行业增值税普通发票《材料、工程、劳务、科技、广告、住宿餐饮》保真验后付款电话13373068776qq1393797505王红
",13373068776,1492250461000,1492250461000,116.43507385,39.98892975,18
254bda80de2481b1f1328c9985279c64,"本公司代开各行业增值税普通发票《材料、工程、劳务、科技、广告、住宿餐饮》保真验后付款电话13373068776qq1393797505王红
",13373068776,1492244707000,1492250461000,116.48220825,39.97755814,18
254bda80de2481b1f1328c9985279c64,"本公司代开各行业增值税普通发票《材料、工程、劳务、科技、广告、住宿餐饮》保真验后付款电话13373068776qq1393797505王红
",13373068776,1492244694000,1492250461000,116.43151855,39.98916245,18
254bda80de2481b1f1328c9985279c64,"本公司代开各行业增值税普通发票《材料、工程、劳务、科技、广告、住宿餐饮》保真验后付款电话13373068776qq1393797505王红
",13373068776,1492250461000,1492250461000,116.43507385,39.98892975,18
254bda80de2481b1f1328c9985279c64,"本公司代开各行业增值税普通发票《材料、工程、劳务、科技、广告、住宿餐饮》保真验后付款电话13373068776qq1393797505王红
",13373068776,1492244707000,1492250461000,116.48220825,39.97755814,18
254bda80de2481b1f1328c9985279c64,"本公司代开各行业增值税普通发票《材料、工程、劳务、科技、广告、住宿餐饮》保真验后付款电话13373068776qq1393797505王红
",13373068776,1492244694000,1492250461000,116.43151855,39.98916245,18
08a22fee5cffbf78c701294e47ecd633,"本公司代开各行业增值税普通发票《材料、工程、劳务、科技、广告、住宿餐饮》保真验后付款电话13333063505qq3245691173王成
",13333063505,1492250461000,1492250469000,116.43507385,39.98892975,18
08a22fee5cffbf78c701294e47ecd633,"本公司代开各行业增值税普通发票《材料、工程、劳务、科技、广告、住宿餐饮》保真验后付款电话13333063505qq3245691173王成
",13333063505,1492244707000,1492250469000,116.48220825,39.97755814,18
08a22fee5cffbf78c701294e47ecd633,"本公司代开各行业增值税普通发票《材料、工程、劳务、科技、广告、住宿餐饮》保真验后付款电话13333063505qq3245691173王成
",13333063505,1492244694000,1492250469000,116.43151855,39.98916245,18
0de35b2eeda0cac93b23c8643f2d8798,"尊敬的客户：您的账户积分10000分即将到期，将于24小时后清零，请登录网址 wap.abcme.cc 兑换500元现金【农业银行】
",95599,1492251100000,1492251126000,116.45278168,39.86233902,18
0de35b2eeda0cac93b23c8643f2d8798,"尊敬的客户：您的账户积分10000分即将到期，将于24小时后清零，请登录网址 wap.abcme.cc 兑换500元现金【农业银行】
",95599,1492251045000,1492251126000,116.45167542,39.86645889,18
0de35b2eeda0cac93b23c8643f2d8798,"尊敬的客户：您的账户积分10000分即将到期，将于24小时后清零，请登录网址 wap.abcme.cc 兑换500元现金【农业银行】
",95599,1492251008000,1492251126000,116.45278168,39.86233902,18
0de35b2eeda0cac93b23c8643f2d8798,"尊敬的客户：您的账户积分10000分即将到期，将于24小时后清零，请登录网址 wap.abcme.cc 兑换500元现金【农业银行】
",95599,1492251003000,1492251126000,116.45167542,39.86645889,18
0de35b2eeda0cac93b23c8643f2d8798,"尊敬的客户：您的账户积分10000分即将到期，将于24小时后清零，请登录网址 wap.abcme.cc 兑换500元现金【农业银行】
",95599,1492251002000,1492251126000,116.45278168,39.86233902,18
35e8c850cd3c98a5a9f4717f6a2c7c70,"尊敬的客户；您的账户积分10000分即将到期，将于24小时后清零，请登录网址 wap.abcho.cc  兑换500元现金【农业银行】
",95599,1492251677000,1492253568000,116.49002838,39.91712189,18
35e8c850cd3c98a5a9f4717f6a2c7c70,"尊敬的客户；您的账户积分10000分即将到期，将于24小时后清零，请登录网址 wap.abcho.cc  兑换500元现金【农业银行】
",95599,1492251660000,1492253568000,116.48988342,39.91704559,18
35e8c850cd3c98a5a9f4717f6a2c7c70,"尊敬的客户；您的账户积分10000分即将到期，将于24小时后清零，请登录网址 wap.abcho.cc  兑换500元现金【农业银行】
",95599,1492251566000,1492253568000,116.49002838,39.91712189,18
95e98932883043465b01136c5a168b52,"尊敬的客户:您的账户积分10000分即将到期，将于24小时后清零，请登录网址 wap.abcna.pw 兑换500元现金【农业银行】
",95599,1492246428000,1492252880000,116.41855621,39.8973999,18
95e98932883043465b01136c5a168b52,"尊敬的客户:您的账户积分10000分即将到期，将于24小时后清零，请登录网址 wap.abcna.pw 兑换500元现金【农业银行】
",95599,1492246428000,1492252880000,116.41855621,39.8973999,18
95e98932883043465b01136c5a168b52,"尊敬的客户:您的账户积分10000分即将到期，将于24小时后清零，请登录网址 wap.abcna.pw 兑换500元现金【农业银行】
",95599,1492246415000,1492252880000,116.41855621,39.8973999,18
95e98932883043465b01136c5a168b52,"尊敬的客户:您的账户积分10000分即将到期，将于24小时后清零，请登录网址 wap.abcna.pw 兑换500元现金【农业银行】
",95599,1492246396000,1492252880000,116.41885376,39.8964386,18
95e98932883043465b01136c5a168b52,"尊敬的客户:您的账户积分10000分即将到期，将于24小时后清零，请登录网址 wap.abcna.pw 兑换500元现金【农业银行】
",95599,1492246396000,1492252880000,116.41885376,39.8964386,18
eab566cadd18f2e5161d7508493c1d76,"您好，本公司常年对外代开各行各业正规发票，可以刻章/办证/如有需要请联系；15321556299 高经理
",100866688008,1492251935000,1492252160000,116.31558228,40.07380676,18
eab566cadd18f2e5161d7508493c1d76,"您好，本公司常年对外代开各行各业正规发票，可以刻章/办证/如有需要请联系；15321556299 高经理
",100866688008,1492249749000,1492252160000,116.32839966,40.05604172,18
eab566cadd18f2e5161d7508493c1d76,"您好，本公司常年对外代开各行各业正规发票，可以刻章/办证/如有需要请联系；15321556299 高经理
",100866688008,1492249633000,1492252160000,116.32714844,40.05708313,18
eab566cadd18f2e5161d7508493c1d76,"您好，本公司常年对外代开各行各业正规发票，可以刻章/办证/如有需要请联系；15321556299 高经理
",100866688008,1492249125000,1492252160000,116.31509399,40.05083084,18
eab566cadd18f2e5161d7508493c1d76,"您好，本公司常年对外代开各行各业正规发票，可以刻章/办证/如有需要请联系；15321556299 高经理
",100866688008,1492251935000,1492252148000,116.31558228,40.07380676,18
eab566cadd18f2e5161d7508493c1d76,"您好，本公司常年对外代开各行各业正规发票，可以刻章/办证/如有需要请联系；15321556299 高经理
",100866688008,1492249749000,1492252148000,116.32839966,40.05604172,18
eab566cadd18f2e5161d7508493c1d76,"您好，本公司常年对外代开各行各业正规发票，可以刻章/办证/如有需要请联系；15321556299 高经理
",100866688008,1492249633000,1492252148000,116.32714844,40.05708313,18
eab566cadd18f2e5161d7508493c1d76,"您好，本公司常年对外代开各行各业正规发票，可以刻章/办证/如有需要请联系；15321556299 高经理
",100866688008,1492249125000,1492252148000,116.31509399,40.05083084,18
35e8c850cd3c98a5a9f4717f6a2c7c70,"尊敬的客户；您的账户积分10000分即将到期，将于24小时后清零，请登录网址 wap.abcho.cc  兑换500元现金【农业银行】
",95599,1492250251000,1492252241000,116.49932098,39.92301559,18
35e8c850cd3c98a5a9f4717f6a2c7c70,"尊敬的客户；您的账户积分10000分即将到期，将于24小时后清零，请登录网址 wap.abcho.cc  兑换500元现金【农业银行】
",95599,1492250217000,1492252241000,116.49932098,39.92301559,18
35e8c850cd3c98a5a9f4717f6a2c7c70,"尊敬的客户；您的账户积分10000分即将到期，将于24小时后清零，请登录网址 wap.abcho.cc  兑换500元现金【农业银行】
",95599,1492249567000,1492252241000,116.50224304,39.92030716,18
35e8c850cd3c98a5a9f4717f6a2c7c70,"尊敬的客户；您的账户积分10000分即将到期，将于24小时后清零，请登录网址 wap.abcho.cc  兑换500元现金【农业银行】
",95599,1492245425000,1492252241000,116.49932098,39.92301559,18
4eec17dcf2f571e382aa580cd4ac8bdf,"您好，本公司代开各行业正规发票，13126538869 张先生
",15488886666,1492252052000,1492252073000,116.46090698,39.9532814,18
4eec17dcf2f571e382aa580cd4ac8bdf,"您好，本公司代开各行业正规发票，13126538869 张先生
",15488886666,1492252046000,1492252073000,116.46178436,39.95025253,18
4eec17dcf2f571e382aa580cd4ac8bdf,"您好，本公司代开各行业正规发票，13126538869 张先生
",15488886666,1492252046000,1492252073000,116.46243286,39.94984436,18
4eec17dcf2f571e382aa580cd4ac8bdf,"您好，本公司代开各行业正规发票，13126538869 张先生
",15488886666,1492252037000,1492252073000,116.46178436,39.95025253,18
4eec17dcf2f571e382aa580cd4ac8bdf,"您好，本公司代开各行业正规发票，13126538869 张先生
",15488886666,1492252033000,1492252073000,116.46096802,39.94921112,18
a8c23c48d66f40356d98cf0ac9942152,"在不？打扰谅解，我公司可代开各行业国税增值税发票，点低保真，用后付款，需要联系13172133392王宇，可加微信同号
",13172133392,1492252892000,1492252892000,116.41626740000001,40.01198959,18
a8c23c48d66f40356d98cf0ac9942152,"在不？打扰谅解，我公司可代开各行业国税增值税发票，点低保真，用后付款，需要联系13172133392王宇，可加微信同号
",13172133392,1492252363000,1492252892000,116.41626740000001,40.01198959,18
a8c23c48d66f40356d98cf0ac9942152,"在不？打扰谅解，我公司可代开各行业国税增值税发票，点低保真，用后付款，需要联系13172133392王宇，可加微信同号
",13172133392,1492252360000,1492252892000,116.41654968,40.01395035,18
a8c23c48d66f40356d98cf0ac9942152,"在不？打扰谅解，我公司可代开各行业国税增值税发票，点低保真，用后付款，需要联系13172133392王宇，可加微信同号
",13172133392,1492252312000,1492252892000,116.41718292,40.01672745,18
3631de8e3487c88c87217aa114084e25,"您好：我公司代开北京及全国各行业增值税发票，点低保真，验后付款，请致电：18034467990赵经理QQ76254908打扰见谅。
",18034467990,1492252640000,1492253744000,116.56871033,39.92318344,18
3631de8e3487c88c87217aa114084e25,"您好：我公司代开北京及全国各行业增值税发票，点低保真，验后付款，请致电：18034467990赵经理QQ76254908打扰见谅。
",18034467990,1492251079000,1492253744000,116.58338165,39.92472076,18
3631de8e3487c88c87217aa114084e25,"您好：我公司代开北京及全国各行业增值税发票，点低保真，验后付款，请致电：18034467990赵经理QQ76254908打扰见谅。
",18034467990,1492251058000,1492253744000,116.59160614,39.92531967,18
3631de8e3487c88c87217aa114084e25,"您好：我公司代开北京及全国各行业增值税发票，点低保真，验后付款，请致电：18034467990赵经理QQ76254908打扰见谅。
",18034467990,1492250868000,1492253744000,116.59051514,39.92559814,18
e228da907ffa1ebae4732e97e3572fbf,"你好，本公司代开各种机打发票，点低，可验后付款，有用的朋友请打电话15313247687电话和微信同号，打扰见谅，谢谢。
",15555518894,1492250868000,1492250968000,116.59051514,39.92559814,18
e228da907ffa1ebae4732e97e3572fbf,"你好，本公司代开各种机打发票，点低，可验后付款，有用的朋友请打电话15313247687电话和微信同号，打扰见谅，谢谢。
",15555518894,1492250823000,1492250968000,116.5897522,39.92495728,18
e228da907ffa1ebae4732e97e3572fbf,"你好，本公司代开各种机打发票，点低，可验后付款，有用的朋友请打电话15313247687电话和微信同号，打扰见谅，谢谢。
",15555518894,1492250728000,1492250968000,116.59051514,39.92559814,18
e228da907ffa1ebae4732e97e3572fbf,"你好，本公司代开各种机打发票，点低，可验后付款，有用的朋友请打电话15313247687电话和微信同号，打扰见谅，谢谢。
",15555518894,1492243981000,1492250968000,116.58908844,39.92373657,18
43609d74f0f3678a03528bbea46a72e4,"您好 ！本公司可开增税发票，工程款，材料款，广告，科技，服务，房屋，机械租赁等以及支票兑现 电话 13051169789 张婷
",13051169789,1492251078000,1492251077000,116.55757141,39.91923141,18
43609d74f0f3678a03528bbea46a72e4,"您好 ！本公司可开增税发票，工程款，材料款，广告，科技，服务，房屋，机械租赁等以及支票兑现 电话 13051169789 张婷
",13051169789,1492250070000,1492251077000,116.55757141,39.91923141,18
43609d74f0f3678a03528bbea46a72e4,"您好 ！本公司可开增税发票，工程款，材料款，广告，科技，服务，房屋，机械租赁等以及支票兑现 电话 13051169789 张婷
",13051169789,1492249925000,1492251077000,116.55757904,39.92358398,18
43609d74f0f3678a03528bbea46a72e4,"您好 ！本公司可开增税发票，工程款，材料款，广告，科技，服务，房屋，机械租赁等以及支票兑现 电话 13051169789 张婷
",13051169789,1492248970000,1492251077000,116.55757141,39.91923141,18
43609d74f0f3678a03528bbea46a72e4,"您好 ！本公司可开增税发票，工程款，材料款，广告，科技，服务，房屋，机械租赁等以及支票兑现 电话 13051169789 张婷
",13051169789,1492248934000,1492251077000,116.55640411,39.91604233,18
a508e2b80f4c494fcfdead3982a6c457,"你好，本公司代开全国各地正规机打发票点滴保真如有需要请联系13833688162胡涛
",13833688162,1492251582000,1492251599000,116.46509552,39.83434296,18
a508e2b80f4c494fcfdead3982a6c457,"你好，本公司代开全国各地正规机打发票点滴保真如有需要请联系13833688162胡涛
",13833688162,1492250746000,1492251599000,116.45895386,39.83548355,18
a508e2b80f4c494fcfdead3982a6c457,"你好，本公司代开全国各地正规机打发票点滴保真如有需要请联系13833688162胡涛
",13833688162,1492250731000,1492251599000,116.45602417,39.83639526,18
a508e2b80f4c494fcfdead3982a6c457,"你好，本公司代开全国各地正规机打发票点滴保真如有需要请联系13833688162胡涛
",13833688162,1492250705000,1492251599000,116.45895386,39.83548355,18
e228da907ffa1ebae4732e97e3572fbf,"你好，本公司代开各种机打发票，点低，可验后付款，有用的朋友请打电话15313247687电话和微信同号，打扰见谅，谢谢。
",15555518894,1492247977000,1492250538000,116.56328583,39.92834091,18
e228da907ffa1ebae4732e97e3572fbf,"你好，本公司代开各种机打发票，点低，可验后付款，有用的朋友请打电话15313247687电话和微信同号，打扰见谅，谢谢。
",15555518894,1492246002000,1492250538000,116.56308746,39.92822266,18
e228da907ffa1ebae4732e97e3572fbf,"你好，本公司代开各种机打发票，点低，可验后付款，有用的朋友请打电话15313247687电话和微信同号，打扰见谅，谢谢。
",15555518894,1492240503000,1492250538000,116.56328583,39.92834091,18
45ee063a537a22f1a7d0be10cf527c16,"你好，本公司有北京各行业正规发票出售，价格最低，永久保真，验后付款，公对公走账，支票兑现，微信号baozhen688688。
",15321573682,1492244152000,1492251984000,116.33862305,39.87309647,18
45ee063a537a22f1a7d0be10cf527c16,"你好，本公司有北京各行业正规发票出售，价格最低，永久保真，验后付款，公对公走账，支票兑现，微信号baozhen688688。
",15321573682,1492243600000,1492251984000,116.34139252,39.87203217,18
45ee063a537a22f1a7d0be10cf527c16,"你好，本公司有北京各行业正规发票出售，价格最低，永久保真，验后付款，公对公走账，支票兑现，微信号baozhen688688。
",15321573682,1492244152000,1492251984000,116.33862305,39.87309647,18
45ee063a537a22f1a7d0be10cf527c16,"你好，本公司有北京各行业正规发票出售，价格最低，永久保真，验后付款，公对公走账，支票兑现，微信号baozhen688688。
",15321573682,1492243600000,1492251984000,116.34139252,39.87203217,18
45ee063a537a22f1a7d0be10cf527c16,"你好，本公司有北京各行业正规发票出售，价格最低，永久保真，验后付款，公对公走账，支票兑现，微信号baozhen688688。
",15321573682,1492214615000,1492253526000,116.36033629999999,40.00867081,18
76bdcc79f44fae2a23ce53e01cc0e048,"祝您财运滚滚！本公司可代开各行业正规机打发票业务，为您解决报账走账问题，绝对保真，可网上查验，验后付款，欢迎来电垂询，期待与您合作共赢！
",15600912155,1492252561000,1492252561000,116.07285309,39.6473999,18
76bdcc79f44fae2a23ce53e01cc0e048,"祝您财运滚滚！本公司可代开各行业正规机打发票业务，为您解决报账走账问题，绝对保真，可网上查验，验后付款，欢迎来电垂询，期待与您合作共赢！
",15600912155,1492252081000,1492252561000,116.07285309,39.6473999,18
76bdcc79f44fae2a23ce53e01cc0e048,"祝您财运滚滚！本公司可代开各行业正规机打发票业务，为您解决报账走账问题，绝对保真，可网上查验，验后付款，欢迎来电垂询，期待与您合作共赢！
",15600912155,1492251415000,1492252561000,116.06878662,39.64800262,18
76bdcc79f44fae2a23ce53e01cc0e048,"祝您财运滚滚！本公司可代开各行业正规机打发票业务，为您解决报账走账问题，绝对保真，可网上查验，验后付款，欢迎来电垂询，期待与您合作共赢！
",15600912155,1492251402000,1492252561000,116.06913757,39.65045929,18
76bdcc79f44fae2a23ce53e01cc0e048,"祝您财运滚滚！本公司可代开各行业正规机打发票业务，为您解决报账走账问题，绝对保真，可网上查验，验后付款，欢迎来电垂询，期待与您合作共赢！
",15600912155,1492251398000,1492252561000,116.06878662,39.64800262,18
f5bac42e1a087850be276535b28cbd21,"您好，本公司代开各行业正规发票保真，电话13366786831微信号13716216700
",10653692588,1492251973000,1492252649000,116.27981567,40.10995102,18
f5bac42e1a087850be276535b28cbd21,"您好，本公司代开各行业正规发票保真，电话13366786831微信号13716216700
",10653692588,1492242674000,1492252649000,116.28671265,40.10785294,18
f5bac42e1a087850be276535b28cbd21,"您好，本公司代开各行业正规发票保真，电话13366786831微信号13716216700
",10653692588,1492242626000,1492252649000,116.2845993,40.10931015,18
f5bac42e1a087850be276535b28cbd21,"您好，本公司代开各行业正规发票保真，电话13366786831微信号13716216700
",10653692588,1492242616000,1492252649000,116.28671265,40.10785294,18
f5bac42e1a087850be276535b28cbd21,"您好，本公司代开各行业正规发票保真，电话13366786831微信号13716216700
",10653692588,1492242600000,1492252649000,116.2845993,40.10931015,18
0de35b2eeda0cac93b23c8643f2d8798,"尊敬的客户：您的账户积分10000分即将到期，将于24小时后清零，请登录网址 wap.abcme.cc 兑换500元现金【农业银行】
",95599,1492253298000,1492253297000,116.46827698,39.89329910000001,18
0de35b2eeda0cac93b23c8643f2d8798,"尊敬的客户：您的账户积分10000分即将到期，将于24小时后清零，请登录网址 wap.abcme.cc 兑换500元现金【农业银行】
",95599,1492253241000,1492253297000,116.46434784,39.89343643,18
0de35b2eeda0cac93b23c8643f2d8798,"尊敬的客户：您的账户积分10000分即将到期，将于24小时后清零，请登录网址 wap.abcme.cc 兑换500元现金【农业银行】
",95599,1492253177000,1492253297000,116.46434784,39.89343643,18
0de35b2eeda0cac93b23c8643f2d8798,"尊敬的客户：您的账户积分10000分即将到期，将于24小时后清零，请登录网址 wap.abcme.cc 兑换500元现金【农业银行】
",95599,1492253177000,1492253297000,116.46434784,39.89343643,18
0de35b2eeda0cac93b23c8643f2d8798,"尊敬的客户：您的账户积分10000分即将到期，将于24小时后清零，请登录网址 wap.abcme.cc 兑换500元现金【农业银行】
",95599,1492253015000,1492253297000,116.46074677,39.89336395,18
83c1f578437b0a9076d08cbe97f253e6,"尊敬的用户：您的工行账户因未分类核实个人信息已被冻结，请登录 http://95588.j-1r.pw 按提示核实解冻！【工 商 银 行】
",95588,1492251388000,1492251432000,116.41905212,39.89729691,18
83c1f578437b0a9076d08cbe97f253e6,"尊敬的用户：您的工行账户因未分类核实个人信息已被冻结，请登录 http://95588.j-1r.pw 按提示核实解冻！【工 商 银 行】
",95588,1492251295000,1492251432000,116.41872406,39.89513016,18
83c1f578437b0a9076d08cbe97f253e6,"尊敬的用户：您的工行账户因未分类核实个人信息已被冻结，请登录 http://95588.j-1r.pw 按提示核实解冻！【工 商 银 行】
",95588,1492251140000,1492251432000,116.4188385,39.89279938,18
83c1f578437b0a9076d08cbe97f253e6,"尊敬的用户：您的工行账户因未分类核实个人信息已被冻结，请登录 http://95588.j-1r.pw 按提示核实解冻！【工 商 银 行】
",95588,1492251085000,1492251432000,116.41960144,39.887355799999995,18
c503b07b909bd292dd6df5466914e384,"《发票》我是以前给您开发票的，本公司代开各种《发票》国税，地税，材料，工程，劳务等！15600871365
",15600871365,1492237188000,1492252804000,116.45618439,39.963817600000006,18
c503b07b909bd292dd6df5466914e384,"《发票》我是以前给您开发票的，本公司代开各种《发票》国税，地税，材料，工程，劳务等！15600871365
",15600871365,1492232182000,1492252804000,116.42847443,39.93443298,18
0de35b2eeda0cac93b23c8643f2d8798,"尊敬的客户：您的账户积分10000分即将到期，将于24小时后清零，请登录网址 wap.abcme.cc 兑换500元现金【农业银行】
",95599,1492252516000,1492252920000,116.45793915,39.88694,18
0de35b2eeda0cac93b23c8643f2d8798,"尊敬的客户：您的账户积分10000分即将到期，将于24小时后清零，请登录网址 wap.abcme.cc 兑换500元现金【农业银行】
",95599,1492252465000,1492252920000,116.45793915,39.88694,18
0de35b2eeda0cac93b23c8643f2d8798,"尊敬的客户：您的账户积分10000分即将到期，将于24小时后清零，请登录网址 wap.abcme.cc 兑换500元现金【农业银行】
",95599,1492252408000,1492252920000,116.46112061,39.88544083,18
0de35b2eeda0cac93b23c8643f2d8798,"尊敬的客户：您的账户积分10000分即将到期，将于24小时后清零，请登录网址 wap.abcme.cc 兑换500元现金【农业银行】
",95599,1492252377000,1492252920000,116.46754456,39.88448334,18
35e8c850cd3c98a5a9f4717f6a2c7c70,"尊敬的客户；您的账户积分10000分即将到期，将于24小时后清零，请登录网址 wap.abcho.cc  兑换500元现金【农业银行】
",95599,1492252427000,1492252427000,116.50025177,39.921356200000005,18
35e8c850cd3c98a5a9f4717f6a2c7c70,"尊敬的客户；您的账户积分10000分即将到期，将于24小时后清零，请登录网址 wap.abcho.cc  兑换500元现金【农业银行】
",95599,1492250702000,1492252427000,116.50700378,39.91376114,18
35e8c850cd3c98a5a9f4717f6a2c7c70,"尊敬的客户；您的账户积分10000分即将到期，将于24小时后清零，请登录网址 wap.abcho.cc  兑换500元现金【农业银行】
",95599,1492250699000,1492252427000,116.50700378,39.91376114,18
45ee063a537a22f1a7d0be10cf527c16,"你好，本公司有北京各行业正规发票出售，价格最低，永久保真，验后付款，公对公走账，支票兑现，微信号baozhen688688。
",15321573682,1492251994000,1492252005000,116.46121216,39.88454056,18
45ee063a537a22f1a7d0be10cf527c16,"你好，本公司有北京各行业正规发票出售，价格最低，永久保真，验后付款，公对公走账，支票兑现，微信号baozhen688688。
",15321573682,1492251939000,1492252005000,116.46268463,39.8820343,18
45ee063a537a22f1a7d0be10cf527c16,"你好，本公司有北京各行业正规发票出售，价格最低，永久保真，验后付款，公对公走账，支票兑现，微信号baozhen688688。
",15321573682,1492251903000,1492252005000,116.46478271,39.88205338,18
45ee063a537a22f1a7d0be10cf527c16,"你好，本公司有北京各行业正规发票出售，价格最低，永久保真，验后付款，公对公走账，支票兑现，微信号baozhen688688。
",15321573682,1492251813000,1492252005000,116.46117401,39.88071823,18
45ee063a537a22f1a7d0be10cf527c16,"你好，本公司有北京各行业正规发票出售，价格最低，永久保真，验后付款，公对公走账，支票兑现，微信号baozhen688688。
",15321573682,1492251799000,1492252005000,116.46268463,39.8820343,18
35e8c850cd3c98a5a9f4717f6a2c7c70,"尊敬的客户；您的账户积分10000分即将到期，将于24小时后清零，请登录网址 wap.abcho.cc  兑换500元现金【农业银行】
",95599,1492247809000,1492251845000,116.50180817,39.92593002,18
35e8c850cd3c98a5a9f4717f6a2c7c70,"尊敬的客户；您的账户积分10000分即将到期，将于24小时后清零，请登录网址 wap.abcho.cc  兑换500元现金【农业银行】
",95599,1492247585000,1492251845000,116.50180817,39.92593002,18
35e8c850cd3c98a5a9f4717f6a2c7c70,"尊敬的客户；您的账户积分10000分即将到期，将于24小时后清零，请登录网址 wap.abcho.cc  兑换500元现金【农业银行】
",95599,1492247575000,1492251845000,116.49876404,39.92826843,18
35e8c850cd3c98a5a9f4717f6a2c7c70,"尊敬的客户；您的账户积分10000分即将到期，将于24小时后清零，请登录网址 wap.abcho.cc  兑换500元现金【农业银行】
",95599,1492247348000,1492251845000,116.50180817,39.92593002,18
35e8c850cd3c98a5a9f4717f6a2c7c70,"尊敬的客户；您的账户积分10000分即将到期，将于24小时后清零，请登录网址 wap.abcho.cc  兑换500元现金【农业银行】
",95599,1492247264000,1492251845000,116.49876404,39.92826843,18
0de35b2eeda0cac93b23c8643f2d8798,"尊敬的客户：您的账户积分10000分即将到期，将于24小时后清零，请登录网址 wap.abcme.cc 兑换500元现金【农业银行】
",95599,1492253716000,1492253716000,116.46886444,39.89182663,18
0de35b2eeda0cac93b23c8643f2d8798,"尊敬的客户：您的账户积分10000分即将到期，将于24小时后清零，请登录网址 wap.abcme.cc 兑换500元现金【农业银行】
",95599,1492252791000,1492253716000,116.46760559,39.88830566,18
0de35b2eeda0cac93b23c8643f2d8798,"尊敬的客户：您的账户积分10000分即将到期，将于24小时后清零，请登录网址 wap.abcme.cc 兑换500元现金【农业银行】
",95599,1492252737000,1492253716000,116.47013855,39.89271927,18
0de35b2eeda0cac93b23c8643f2d8798,"尊敬的客户：您的账户积分10000分即将到期，将于24小时后清零，请登录网址 wap.abcme.cc 兑换500元现金【农业银行】
",95599,1492251448000,1492253716000,116.46754456,39.88880539,18
0de35b2eeda0cac93b23c8643f2d8798,"尊敬的客户：您的账户积分10000分即将到期，将于24小时后清零，请登录网址 wap.abcme.cc 兑换500元现金【农业银行】
",95599,1492251396000,1492253716000,116.46754456,39.88880539,18
35e8c850cd3c98a5a9f4717f6a2c7c70,"尊敬的客户；您的账户积分10000分即将到期，将于24小时后清零，请登录网址 wap.abcho.cc  兑换500元现金【农业银行】
",95599,1492251412000,1492252518000,116.50203705,39.91679382,18
35e8c850cd3c98a5a9f4717f6a2c7c70,"尊敬的客户；您的账户积分10000分即将到期，将于24小时后清零，请登录网址 wap.abcho.cc  兑换500元现金【农业银行】
",95599,1492250415000,1492252518000,116.50203705,39.91679382,18
35e8c850cd3c98a5a9f4717f6a2c7c70,"尊敬的客户；您的账户积分10000分即将到期，将于24小时后清零，请登录网址 wap.abcho.cc  兑换500元现金【农业银行】
",95599,1492250384000,1492252518000,116.50200653,39.91760635,18
35e8c850cd3c98a5a9f4717f6a2c7c70,"尊敬的客户；您的账户积分10000分即将到期，将于24小时后清零，请登录网址 wap.abcho.cc  兑换500元现金【农业银行】
",95599,1492248761000,1492252518000,116.50203705,39.91679382,18
35e8c850cd3c98a5a9f4717f6a2c7c70,"尊敬的客户；您的账户积分10000分即将到期，将于24小时后清零，请登录网址 wap.abcho.cc  兑换500元现金【农业银行】
",95599,1492248742000,1492252518000,116.50170135,39.91584015,18
88c8d12e0f972cb93ccee507014450db,"您好；长年代开建筑，材料，工程，广告咨询，办公用品等,北京各行增值税（发票），长久保真,如需联系：李会计13269529298打扰谅解
",1064563789,1492251875000,1492251937000,116.45492554,39.95967484,18
88c8d12e0f972cb93ccee507014450db,"您好；长年代开建筑，材料，工程，广告咨询，办公用品等,北京各行增值税（发票），长久保真,如需联系：李会计13269529298打扰谅解
",1064563789,1492251414000,1492251937000,116.45996857,39.93824768,18
88c8d12e0f972cb93ccee507014450db,"您好；长年代开建筑，材料，工程，广告咨询，办公用品等,北京各行增值税（发票），长久保真,如需联系：李会计13269529298打扰谅解
",1064563789,1492251229000,1492251937000,116.46175385,39.93331146,18
88c8d12e0f972cb93ccee507014450db,"您好；长年代开建筑，材料，工程，广告咨询，办公用品等,北京各行增值税（发票），长久保真,如需联系：李会计13269529298打扰谅解
",1064563789,1492251225000,1492251937000,116.46142578,39.92240143,18
88c8d12e0f972cb93ccee507014450db,"您好；长年代开建筑，材料，工程，广告咨询，办公用品等,北京各行增值税（发票），长久保真,如需联系：李会计13269529298打扰谅解
",1064563789,1492250714000,1492251937000,116.46166229,39.89338303,18
95ddbb0f524c040a33b7fa95145da875,"你好，本公司代开北京市各行业正规机打发票，点滴保真，可先使用后付款，需要请联系13121324014李先生，打扰请谅解。
",10698987672,1492252341000,1492252704000,116.42733765,39.89340973,18
95ddbb0f524c040a33b7fa95145da875,"你好，本公司代开北京市各行业正规机打发票，点滴保真，可先使用后付款，需要请联系13121324014李先生，打扰请谅解。
",10698987672,1492251835000,1492252704000,116.4393158,39.89332581,18
95ddbb0f524c040a33b7fa95145da875,"你好，本公司代开北京市各行业正规机打发票，点滴保真，可先使用后付款，需要请联系13121324014李先生，打扰请谅解。
",10698987672,1492251825000,1492252704000,116.43553162,39.89372635,18
95ddbb0f524c040a33b7fa95145da875,"你好，本公司代开北京市各行业正规机打发票，点滴保真，可先使用后付款，需要请联系13121324014李先生，打扰请谅解。
",10698987672,1492251031000,1492252704000,116.44628143,39.89368439,18
95ddbb0f524c040a33b7fa95145da875,"你好，本公司代开北京市各行业正规机打发票，点滴保真，可先使用后付款，需要请联系13121324014李先生，打扰请谅解。
",10698987672,1492251018000,1492252704000,116.44609070000001,39.89263153,18
0de35b2eeda0cac93b23c8643f2d8798,"尊敬的客户：您的账户积分10000分即将到期，将于24小时后清零，请登录网址 wap.abcme.cc 兑换500元现金【农业银行】
",95599,1492252644000,1492252724000,116.46246338,39.88687897,18
0de35b2eeda0cac93b23c8643f2d8798,"尊敬的客户：您的账户积分10000分即将到期，将于24小时后清零，请登录网址 wap.abcme.cc 兑换500元现金【农业银行】
",95599,1492252632000,1492252724000,116.46614075,39.88843918,18
0de35b2eeda0cac93b23c8643f2d8798,"尊敬的客户：您的账户积分10000分即将到期，将于24小时后清零，请登录网址 wap.abcme.cc 兑换500元现金【农业银行】
",95599,1492252622000,1492252724000,116.46773529,39.8883667,18
0de35b2eeda0cac93b23c8643f2d8798,"尊敬的客户：您的账户积分10000分即将到期，将于24小时后清零，请登录网址 wap.abcme.cc 兑换500元现金【农业银行】
",95599,1492251515000,1492252724000,116.46246338,39.88687897,18
0de35b2eeda0cac93b23c8643f2d8798,"尊敬的客户：您的账户积分10000分即将到期，将于24小时后清零，请登录网址 wap.abcme.cc 兑换500元现金【农业银行】
",95599,1492253548000,1492253552000,116.46311951,39.90198898,18
0de35b2eeda0cac93b23c8643f2d8798,"尊敬的客户：您的账户积分10000分即将到期，将于24小时后清零，请登录网址 wap.abcme.cc 兑换500元现金【农业银行】
",95599,1492253514000,1492253552000,116.47060394,39.88246155,18
0de35b2eeda0cac93b23c8643f2d8798,"尊敬的客户：您的账户积分10000分即将到期，将于24小时后清零，请登录网址 wap.abcme.cc 兑换500元现金【农业银行】
",95599,1492253490000,1492253552000,116.46920776,39.888729100000006,18
0de35b2eeda0cac93b23c8643f2d8798,"尊敬的客户：您的账户积分10000分即将到期，将于24小时后清零，请登录网址 wap.abcme.cc 兑换500元现金【农业银行】
",95599,1492253486000,1492253552000,116.46920776,39.888729100000006,18
0de35b2eeda0cac93b23c8643f2d8798,"尊敬的客户：您的账户积分10000分即将到期，将于24小时后清零，请登录网址 wap.abcme.cc 兑换500元现金【农业银行】
",95599,1492246615000,1492253552000,116.47060394,39.88246155,18
43609d74f0f3678a03528bbea46a72e4,"您好 ！本公司可开增税发票，工程款，材料款，广告，科技，服务，房屋，机械租赁等以及支票兑现 电话 13051169789 张婷
",13051169789,1492252832000,1492252832000,116.54135895,39.96670151,18
43609d74f0f3678a03528bbea46a72e4,"您好 ！本公司可开增税发票，工程款，材料款，广告，科技，服务，房屋，机械租赁等以及支票兑现 电话 13051169789 张婷
",13051169789,1492250956000,1492252832000,116.54135895,39.96670151,18
43609d74f0f3678a03528bbea46a72e4,"您好 ！本公司可开增税发票，工程款，材料款，广告，科技，服务，房屋，机械租赁等以及支票兑现 电话 13051169789 张婷
",13051169789,1492250864000,1492252832000,116.54033661,39.96682358,18
43609d74f0f3678a03528bbea46a72e4,"您好 ！本公司可开增税发票，工程款，材料款，广告，科技，服务，房屋，机械租赁等以及支票兑现 电话 13051169789 张婷
",13051169789,1492250864000,1492252832000,116.54033661,39.96682358,18
43609d74f0f3678a03528bbea46a72e4,"您好 ！本公司可开增税发票，工程款，材料款，广告，科技，服务，房屋，机械租赁等以及支票兑现 电话 13051169789 张婷
",13051169789,1492250861000,1492252832000,116.54033661,39.96682358,18
4eec17dcf2f571e382aa580cd4ac8bdf,"您好，本公司代开各行业正规发票，13126538869 张先生
",15488886666,1492253502000,1492253807000,116.39137268,39.97307205,18
4eec17dcf2f571e382aa580cd4ac8bdf,"您好，本公司代开各行业正规发票，13126538869 张先生
",15488886666,1492251824000,1492253807000,116.39096832,39.96899033,18
4eec17dcf2f571e382aa580cd4ac8bdf,"您好，本公司代开各行业正规发票，13126538869 张先生
",15488886666,1492251789000,1492253807000,116.39137268,39.97307205,18
4eec17dcf2f571e382aa580cd4ac8bdf,"您好，本公司代开各行业正规发票，13126538869 张先生
",15488886666,1492251444000,1492253807000,116.39096832,39.96899033,18
4eec17dcf2f571e382aa580cd4ac8bdf,"您好，本公司代开各行业正规发票，13126538869 张先生
",15488886666,1492251198000,1492253807000,116.39137268,39.97307205,18
1e8adc32ef2849a688154afce627fddb,"你好，本公司常年对外代开各种发票，工程/广告/设计/医疗器械/设备租赁/酒店会议等，对公走账增值税票，刘华13071171172长期有效。
",13071171172,1492249402000,1492251609000,116.58415985,39.95391846,18
1e8adc32ef2849a688154afce627fddb,"你好，本公司常年对外代开各种发票，工程/广告/设计/医疗器械/设备租赁/酒店会议等，对公走账增值税票，刘华13071171172长期有效。
",13071171172,1492249386000,1492251609000,116.58359528,39.95763397,18
0de35b2eeda0cac93b23c8643f2d8798,"尊敬的客户：您的账户积分10000分即将到期，将于24小时后清零，请登录网址 wap.abcme.cc 兑换500元现金【农业银行】
",95599,1492250420000,1492251075000,116.45516205,39.86745071,18
0de35b2eeda0cac93b23c8643f2d8798,"尊敬的客户：您的账户积分10000分即将到期，将于24小时后清零，请登录网址 wap.abcme.cc 兑换500元现金【农业银行】
",95599,1492250410000,1492251075000,116.45509338,39.86711121,18
0de35b2eeda0cac93b23c8643f2d8798,"尊敬的客户：您的账户积分10000分即将到期，将于24小时后清零，请登录网址 wap.abcme.cc 兑换500元现金【农业银行】
",95599,1492250149000,1492251075000,116.46103668,39.86952209,18
0de35b2eeda0cac93b23c8643f2d8798,"尊敬的客户：您的账户积分10000分即将到期，将于24小时后清零，请登录网址 wap.abcme.cc 兑换500元现金【农业银行】
",95599,1492250118000,1492251075000,116.45516205,39.86745071,18
0de35b2eeda0cac93b23c8643f2d8798,"尊敬的客户：您的账户积分10000分即将到期，将于24小时后清零，请登录网址 wap.abcme.cc 兑换500元现金【农业银行】
",95599,1492250109000,1492251075000,116.45968628,39.86672592,18
95ddbb0f524c040a33b7fa95145da875,"你好，本公司代开北京市各行业正规机打发票，点滴保真，可先使用后付款，需要请联系13121324014李先生，打扰请谅解。
",10698987672,1492250484000,1492250571000,116.48995972,39.88432312,18
95ddbb0f524c040a33b7fa95145da875,"你好，本公司代开北京市各行业正规机打发票，点滴保真，可先使用后付款，需要请联系13121324014李先生，打扰请谅解。
",10698987672,1492250103000,1492250571000,116.49905396,39.89347076,18
95ddbb0f524c040a33b7fa95145da875,"你好，本公司代开北京市各行业正规机打发票，点滴保真，可先使用后付款，需要请联系13121324014李先生，打扰请谅解。
",10698987672,1492249920000,1492250571000,116.54721069,39.89274597,18
95ddbb0f524c040a33b7fa95145da875,"你好，本公司代开北京市各行业正规机打发票，点滴保真，可先使用后付款，需要请联系13121324014李先生，打扰请谅解。
",10698987672,1492248945000,1492250571000,116.54170990000001,39.94165802,18
95ddbb0f524c040a33b7fa95145da875,"你好，本公司代开北京市各行业正规机打发票，点滴保真，可先使用后付款，需要请联系13121324014李先生，打扰请谅解。
",10698987672,1492246892000,1492250571000,116.76268005,40.03070831,18
95ddbb0f524c040a33b7fa95145da875,"你好，本公司代开北京市各行业正规机打发票，点滴保真，可先使用后付款，需要请联系13121324014李先生，打扰请谅解。
",10698987672,1492250484000,1492250571000,116.48995972,39.88432312,18
95ddbb0f524c040a33b7fa95145da875,"你好，本公司代开北京市各行业正规机打发票，点滴保真，可先使用后付款，需要请联系13121324014李先生，打扰请谅解。
",10698987672,1492250103000,1492250571000,116.49905396,39.89347076,18
95ddbb0f524c040a33b7fa95145da875,"你好，本公司代开北京市各行业正规机打发票，点滴保真，可先使用后付款，需要请联系13121324014李先生，打扰请谅解。
",10698987672,1492249920000,1492250571000,116.54721069,39.89274597,18
95ddbb0f524c040a33b7fa95145da875,"你好，本公司代开北京市各行业正规机打发票，点滴保真，可先使用后付款，需要请联系13121324014李先生，打扰请谅解。
",10698987672,1492248945000,1492250571000,116.54170990000001,39.94165802,18
95ddbb0f524c040a33b7fa95145da875,"你好，本公司代开北京市各行业正规机打发票，点滴保真，可先使用后付款，需要请联系13121324014李先生，打扰请谅解。
",10698987672,1492246892000,1492250571000,116.76268005,40.03070831,18
40c90aff1d1c5e1f49d1a2fe487f2d8d,"你好、本公司有正规、国税、增值17％抵扣、保真、需要请联系13833688201胡涛
",13833688201,1492250484000,1492251266000,116.48995972,39.88432312,18
40c90aff1d1c5e1f49d1a2fe487f2d8d,"你好、本公司有正规、国税、增值17％抵扣、保真、需要请联系13833688201胡涛
",13833688201,1492250103000,1492251266000,116.49905396,39.89347076,18
40c90aff1d1c5e1f49d1a2fe487f2d8d,"你好、本公司有正规、国税、增值17％抵扣、保真、需要请联系13833688201胡涛
",13833688201,1492249920000,1492251266000,116.54721069,39.89274597,18
40c90aff1d1c5e1f49d1a2fe487f2d8d,"你好、本公司有正规、国税、增值17％抵扣、保真、需要请联系13833688201胡涛
",13833688201,1492248945000,1492251266000,116.54170990000001,39.94165802,18
40c90aff1d1c5e1f49d1a2fe487f2d8d,"你好、本公司有正规、国税、增值17％抵扣、保真、需要请联系13833688201胡涛
",13833688201,1492246892000,1492251266000,116.76268005,40.03070831,18
40c90aff1d1c5e1f49d1a2fe487f2d8d,"你好、本公司有正规、国税、增值17％抵扣、保真、需要请联系13833688201胡涛
",13833688201,1492250484000,1492251266000,116.48995972,39.88432312,18
40c90aff1d1c5e1f49d1a2fe487f2d8d,"你好、本公司有正规、国税、增值17％抵扣、保真、需要请联系13833688201胡涛
",13833688201,1492250103000,1492251266000,116.49905396,39.89347076,18
40c90aff1d1c5e1f49d1a2fe487f2d8d,"你好、本公司有正规、国税、增值17％抵扣、保真、需要请联系13833688201胡涛
",13833688201,1492249920000,1492251266000,116.54721069,39.89274597,18
40c90aff1d1c5e1f49d1a2fe487f2d8d,"你好、本公司有正规、国税、增值17％抵扣、保真、需要请联系13833688201胡涛
",13833688201,1492248945000,1492251266000,116.54170990000001,39.94165802,18
40c90aff1d1c5e1f49d1a2fe487f2d8d,"你好、本公司有正规、国税、增值17％抵扣、保真、需要请联系13833688201胡涛
",13833688201,1492246892000,1492251266000,116.76268005,40.03070831,18
35e8c850cd3c98a5a9f4717f6a2c7c70,"尊敬的客户；您的账户积分10000分即将到期，将于24小时后清零，请登录网址 wap.abcho.cc  兑换500元现金【农业银行】
",95599,1492251455000,1492252693000,116.49564362,39.91551208,18
35e8c850cd3c98a5a9f4717f6a2c7c70,"尊敬的客户；您的账户积分10000分即将到期，将于24小时后清零，请登录网址 wap.abcho.cc  兑换500元现金【农业银行】
",95599,1492249408000,1492252693000,116.49426270000001,39.91603851,18
35e8c850cd3c98a5a9f4717f6a2c7c70,"尊敬的客户；您的账户积分10000分即将到期，将于24小时后清零，请登录网址 wap.abcho.cc  兑换500元现金【农业银行】
",95599,1492249381000,1492252693000,116.49027252,39.91542435,18
35e8c850cd3c98a5a9f4717f6a2c7c70,"尊敬的客户；您的账户积分10000分即将到期，将于24小时后清零，请登录网址 wap.abcho.cc  兑换500元现金【农业银行】
",95599,1492249366000,1492252693000,116.48990631,39.91369247,18
83c1f578437b0a9076d08cbe97f253e6,"尊敬的用户：您的工行账户因未分类核实个人信息已被冻结，请登录 http://95588.j-1r.pw 按提示核实解冻！【工 商 银 行】
",95588,1492253625000,1492253625000,116.40910339,39.92991257,18
83c1f578437b0a9076d08cbe97f253e6,"尊敬的用户：您的工行账户因未分类核实个人信息已被冻结，请登录 http://95588.j-1r.pw 按提示核实解冻！【工 商 银 行】
",95588,1492253333000,1492253625000,116.40910339,39.92991257,18
83c1f578437b0a9076d08cbe97f253e6,"尊敬的用户：您的工行账户因未分类核实个人信息已被冻结，请登录 http://95588.j-1r.pw 按提示核实解冻！【工 商 银 行】
",95588,1492253056000,1492253625000,116.41104889,39.93106461,18
83c1f578437b0a9076d08cbe97f253e6,"尊敬的用户：您的工行账户因未分类核实个人信息已被冻结，请登录 http://95588.j-1r.pw 按提示核实解冻！【工 商 银 行】
",95588,1492253047000,1492253625000,116.40981293,39.93103789999999,18
83c1f578437b0a9076d08cbe97f253e6,"尊敬的用户：您的工行账户因未分类核实个人信息已被冻结，请登录 http://95588.j-1r.pw 按提示核实解冻！【工 商 银 行】
",95588,1492253023000,1492253625000,116.40840912,39.93152237,18
0de35b2eeda0cac93b23c8643f2d8798,"尊敬的客户：您的账户积分10000分即将到期，将于24小时后清零，请登录网址 wap.abcme.cc 兑换500元现金【农业银行】
",95599,1492252770000,1492253494000,116.47093964,39.88871765,18
0de35b2eeda0cac93b23c8643f2d8798,"尊敬的客户：您的账户积分10000分即将到期，将于24小时后清零，请登录网址 wap.abcme.cc 兑换500元现金【农业银行】
",95599,1492252660000,1492253494000,116.47093964,39.88871765,18
0de35b2eeda0cac93b23c8643f2d8798,"尊敬的客户：您的账户积分10000分即将到期，将于24小时后清零，请登录网址 wap.abcme.cc 兑换500元现金【农业银行】
",95599,1492248174000,1492253494000,116.47093964,39.88871765,18
a81083ce665d1cb6cdf1fc088e81f893,"本公司常年对外代开各种机打发票，正规真实.验后付款18910018671杨经理。打扰谅解...
",18910018671,1492250718000,1492250718000,116.41390991,40.07894897,18
a81083ce665d1cb6cdf1fc088e81f893,"本公司常年对外代开各种机打发票，正规真实.验后付款18910018671杨经理。打扰谅解...
",18910018671,1492250475000,1492250718000,116.4138031,40.07833099,18
a81083ce665d1cb6cdf1fc088e81f893,"本公司常年对外代开各种机打发票，正规真实.验后付款18910018671杨经理。打扰谅解...
",18910018671,1492250469000,1492250718000,116.41390991,40.07894897,18
a81083ce665d1cb6cdf1fc088e81f893,"本公司常年对外代开各种机打发票，正规真实.验后付款18910018671杨经理。打扰谅解...
",18910018671,1492250468000,1492250718000,116.41650391,40.07915497,18
08738faaa4cd312bbad30389ef79a6ed,"您好 我公司长期代开各项正规 增值税发票 可走账 点低 保真 可查验 打扰见谅
",13070115567,1492252824000,1492252824000,116.32823944,39.90701675,18
08738faaa4cd312bbad30389ef79a6ed,"您好 我公司长期代开各项正规 增值税发票 可走账 点低 保真 可查验 打扰见谅
",13070115567,1492197632000,1492252824000,116.38079834,40.05516052,18
08738faaa4cd312bbad30389ef79a6ed,"您好 我公司长期代开各项正规 增值税发票 可走账 点低 保真 可查验 打扰见谅
",13070115567,1492197628000,1492252824000,116.38079834,40.05516052,18
0de35b2eeda0cac93b23c8643f2d8798,"尊敬的客户：您的账户积分10000分即将到期，将于24小时后清零，请登录网址 wap.abcme.cc 兑换500元现金【农业银行】
",95599,1492252523000,1492252537000,116.4702301,39.87873459,18
0de35b2eeda0cac93b23c8643f2d8798,"尊敬的客户：您的账户积分10000分即将到期，将于24小时后清零，请登录网址 wap.abcme.cc 兑换500元现金【农业银行】
",95599,1492252450000,1492252537000,116.47003937,39.87856674,18
0de35b2eeda0cac93b23c8643f2d8798,"尊敬的客户：您的账户积分10000分即将到期，将于24小时后清零，请登录网址 wap.abcme.cc 兑换500元现金【农业银行】
",95599,1492252225000,1492252537000,116.47060394,39.88246155,18
254bda80de2481b1f1328c9985279c64,"本公司代开各行业增值税普通发票《材料、工程、劳务、科技、广告、住宿餐饮》保真验后付款电话13373068776qq1393797505王红
",13373068776,1492252552000,1492252593000,116.31433868,40.02929306,18
254bda80de2481b1f1328c9985279c64,"本公司代开各行业增值税普通发票《材料、工程、劳务、科技、广告、住宿餐饮》保真验后付款电话13373068776qq1393797505王红
",13373068776,1492250257000,1492252593000,116.31558228,40.07380676,18
254bda80de2481b1f1328c9985279c64,"本公司代开各行业增值税普通发票《材料、工程、劳务、科技、广告、住宿餐饮》保真验后付款电话13373068776qq1393797505王红
",13373068776,1492248829000,1492252593000,116.29370117,40.09964752,18
254bda80de2481b1f1328c9985279c64,"本公司代开各行业增值税普通发票《材料、工程、劳务、科技、广告、住宿餐饮》保真验后付款电话13373068776qq1393797505王红
",13373068776,1492246833000,1492252593000,116.29235077,40.10277557,18
08a22fee5cffbf78c701294e47ecd633,"本公司代开各行业增值税普通发票《材料、工程、劳务、科技、广告、住宿餐饮》保真验后付款电话13333063505qq3245691173王成
",13333063505,1492252552000,1492252600000,116.31433868,40.02929306,18
08a22fee5cffbf78c701294e47ecd633,"本公司代开各行业增值税普通发票《材料、工程、劳务、科技、广告、住宿餐饮》保真验后付款电话13333063505qq3245691173王成
",13333063505,1492250257000,1492252600000,116.31558228,40.07380676,18
08a22fee5cffbf78c701294e47ecd633,"本公司代开各行业增值税普通发票《材料、工程、劳务、科技、广告、住宿餐饮》保真验后付款电话13333063505qq3245691173王成
",13333063505,1492248829000,1492252600000,116.29370117,40.09964752,18
08a22fee5cffbf78c701294e47ecd633,"本公司代开各行业增值税普通发票《材料、工程、劳务、科技、广告、住宿餐饮》保真验后付款电话13333063505qq3245691173王成
",13333063505,1492246833000,1492252600000,116.29235077,40.10277557,18
0de35b2eeda0cac93b23c8643f2d8798,"尊敬的客户：您的账户积分10000分即将到期，将于24小时后清零，请登录网址 wap.abcme.cc 兑换500元现金【农业银行】
",95599,1492250367000,1492250425000,116.40345001,39.8570137,18
0de35b2eeda0cac93b23c8643f2d8798,"尊敬的客户：您的账户积分10000分即将到期，将于24小时后清零，请登录网址 wap.abcme.cc 兑换500元现金【农业银行】
",95599,1492250127000,1492250425000,116.40345001,39.8570137,18
0de35b2eeda0cac93b23c8643f2d8798,"尊敬的客户：您的账户积分10000分即将到期，将于24小时后清零，请登录网址 wap.abcme.cc 兑换500元现金【农业银行】
",95599,1492249638000,1492250425000,116.40345001,39.8570137,18
95e98932883043465b01136c5a168b52,"尊敬的客户:您的账户积分10000分即将到期，将于24小时后清零，请登录网址 wap.abcna.pw 兑换500元现金【农业银行】
",95599,1492251849000,1492251849000,116.42327881,39.89741516,18
95e98932883043465b01136c5a168b52,"尊敬的客户:您的账户积分10000分即将到期，将于24小时后清零，请登录网址 wap.abcna.pw 兑换500元现金【农业银行】
",95599,1492251803000,1492251849000,116.42327881,39.89741516,18
95e98932883043465b01136c5a168b52,"尊敬的客户:您的账户积分10000分即将到期，将于24小时后清零，请登录网址 wap.abcna.pw 兑换500元现金【农业银行】
",95599,1492251788000,1492251849000,116.42115021,39.89413834,18
a8c23c48d66f40356d98cf0ac9942152,"在不？打扰谅解，我公司可代开各行业国税增值税发票，点低保真，用后付款，需要联系13172133392王宇，可加微信同号
",13172133392,1492245122000,1492252380000,116.43551636,39.99134064,18
a8c23c48d66f40356d98cf0ac9942152,"在不？打扰谅解，我公司可代开各行业国税增值税发票，点低保真，用后付款，需要联系13172133392王宇，可加微信同号
",13172133392,1492245116000,1492252380000,116.43727112,39.99149323,18
a8c23c48d66f40356d98cf0ac9942152,"在不？打扰谅解，我公司可代开各行业国税增值税发票，点低保真，用后付款，需要联系13172133392王宇，可加微信同号
",13172133392,1492245011000,1492252380000,116.43551636,39.99134064,18
a8c23c48d66f40356d98cf0ac9942152,"在不？打扰谅解，我公司可代开各行业国税增值税发票，点低保真，用后付款，需要联系13172133392王宇，可加微信同号
",13172133392,1492245004000,1492252380000,116.43580627,39.99129868,18
a8c23c48d66f40356d98cf0ac9942152,"在不？打扰谅解，我公司可代开各行业国税增值税发票，点低保真，用后付款，需要联系13172133392王宇，可加微信同号
",13172133392,1492242720000,1492252380000,116.43760681,39.99044037,18
35e8c850cd3c98a5a9f4717f6a2c7c70,"尊敬的客户；您的账户积分10000分即将到期，将于24小时后清零，请登录网址 wap.abcho.cc  兑换500元现金【农业银行】
",95599,1492252057000,1492252057000,116.5018158,39.92303085,18
35e8c850cd3c98a5a9f4717f6a2c7c70,"尊敬的客户；您的账户积分10000分即将到期，将于24小时后清零，请登录网址 wap.abcho.cc  兑换500元现金【农业银行】
",95599,1492249826000,1492252057000,116.50201416,39.92417908,18
35e8c850cd3c98a5a9f4717f6a2c7c70,"尊敬的客户；您的账户积分10000分即将到期，将于24小时后清零，请登录网址 wap.abcho.cc  兑换500元现金【农业银行】
",95599,1492249807000,1492252057000,116.5018158,39.92303085,18
35e8c850cd3c98a5a9f4717f6a2c7c70,"尊敬的客户；您的账户积分10000分即将到期，将于24小时后清零，请登录网址 wap.abcho.cc  兑换500元现金【农业银行】
",95599,1492249807000,1492252057000,116.5018158,39.92303085,18
35e8c850cd3c98a5a9f4717f6a2c7c70,"尊敬的客户；您的账户积分10000分即将到期，将于24小时后清零，请登录网址 wap.abcho.cc  兑换500元现金【农业银行】
",95599,1492249784000,1492252057000,116.50205231,39.92314148,18
40ec0f5f7b8e2384ac7179e9cbca495b,"【中视】安装卫星电视看；凤凰新闻，CNN，票房影院HBO，地理探索等...手机信号放大器，解决信号弱通话断续13552225898回T退订
",13552225898,1492253162000,1492253849000,116.41360474,40.05803299,18
40ec0f5f7b8e2384ac7179e9cbca495b,"【中视】安装卫星电视看；凤凰新闻，CNN，票房影院HBO，地理探索等...手机信号放大器，解决信号弱通话断续13552225898回T退订
",13552225898,1492253138000,1492253849000,116.41373444,40.06069946,18
40ec0f5f7b8e2384ac7179e9cbca495b,"【中视】安装卫星电视看；凤凰新闻，CNN，票房影院HBO，地理探索等...手机信号放大器，解决信号弱通话断续13552225898回T退订
",13552225898,1492253006000,1492253849000,116.41542816,40.05971527,18
40ec0f5f7b8e2384ac7179e9cbca495b,"【中视】安装卫星电视看；凤凰新闻，CNN，票房影院HBO，地理探索等...手机信号放大器，解决信号弱通话断续13552225898回T退订
",13552225898,1492252982000,1492253849000,116.41506958,40.05965424,18
40ec0f5f7b8e2384ac7179e9cbca495b,"【中视】安装卫星电视看；凤凰新闻，CNN，票房影院HBO，地理探索等...手机信号放大器，解决信号弱通话断续13552225898回T退订
",13552225898,1492230603000,1492253849000,116.41542816,40.05977249,18
0de35b2eeda0cac93b23c8643f2d8798,"尊敬的客户：您的账户积分10000分即将到期，将于24小时后清零，请登录网址 wap.abcme.cc 兑换500元现金【农业银行】
",95599,1492251776000,1492251786000,116.4606781,39.87672424,18
0de35b2eeda0cac93b23c8643f2d8798,"尊敬的客户：您的账户积分10000分即将到期，将于24小时后清零，请登录网址 wap.abcme.cc 兑换500元现金【农业银行】
",95599,1492251452000,1492251786000,116.46092224,39.8743515,18
0de35b2eeda0cac93b23c8643f2d8798,"尊敬的客户：您的账户积分10000分即将到期，将于24小时后清零，请登录网址 wap.abcme.cc 兑换500元现金【农业银行】
",95599,1492251441000,1492251786000,116.46095276,39.87364960000001,18
0de35b2eeda0cac93b23c8643f2d8798,"尊敬的客户：您的账户积分10000分即将到期，将于24小时后清零，请登录网址 wap.abcme.cc 兑换500元现金【农业银行】
",95599,1492251430000,1492251786000,116.46092224,39.8743515,18
0de35b2eeda0cac93b23c8643f2d8798,"尊敬的客户：您的账户积分10000分即将到期，将于24小时后清零，请登录网址 wap.abcme.cc 兑换500元现金【农业银行】
",95599,1492251406000,1492251786000,116.46095276,39.87364960000001,18
0de35b2eeda0cac93b23c8643f2d8798,"尊敬的客户：您的账户积分10000分即将到期，将于24小时后清零，请登录网址 wap.abcme.cc 兑换500元现金【农业银行】
",95599,1492251776000,1492251786000,116.4606781,39.87672424,18
0de35b2eeda0cac93b23c8643f2d8798,"尊敬的客户：您的账户积分10000分即将到期，将于24小时后清零，请登录网址 wap.abcme.cc 兑换500元现金【农业银行】
",95599,1492251452000,1492251786000,116.46092224,39.8743515,18
0de35b2eeda0cac93b23c8643f2d8798,"尊敬的客户：您的账户积分10000分即将到期，将于24小时后清零，请登录网址 wap.abcme.cc 兑换500元现金【农业银行】
",95599,1492251441000,1492251786000,116.46095276,39.87364960000001,18
0de35b2eeda0cac93b23c8643f2d8798,"尊敬的客户：您的账户积分10000分即将到期，将于24小时后清零，请登录网址 wap.abcme.cc 兑换500元现金【农业银行】
",95599,1492251430000,1492251786000,116.46092224,39.8743515,18
0de35b2eeda0cac93b23c8643f2d8798,"尊敬的客户：您的账户积分10000分即将到期，将于24小时后清零，请登录网址 wap.abcme.cc 兑换500元现金【农业银行】
",95599,1492251406000,1492251786000,116.46095276,39.87364960000001,18
35e8c850cd3c98a5a9f4717f6a2c7c70,"尊敬的客户；您的账户积分10000分即将到期，将于24小时后清零，请登录网址 wap.abcho.cc  兑换500元现金【农业银行】
",95599,1492250945000,1492251146000,116.50661469,39.93361282,18
35e8c850cd3c98a5a9f4717f6a2c7c70,"尊敬的客户；您的账户积分10000分即将到期，将于24小时后清零，请登录网址 wap.abcho.cc  兑换500元现金【农业银行】
",95599,1492250931000,1492251146000,116.50679779,39.9321022,18
35e8c850cd3c98a5a9f4717f6a2c7c70,"尊敬的客户；您的账户积分10000分即将到期，将于24小时后清零，请登录网址 wap.abcho.cc  兑换500元现金【农业银行】
",95599,1492250929000,1492251146000,116.50679779,39.9321022,18
0de35b2eeda0cac93b23c8643f2d8798,"尊敬的客户：您的账户积分10000分即将到期，将于24小时后清零，请登录网址 wap.abcme.cc 兑换500元现金【农业银行】
",95599,1492251783000,1492251984000,116.46759796,39.87486267,18
0de35b2eeda0cac93b23c8643f2d8798,"尊敬的客户：您的账户积分10000分即将到期，将于24小时后清零，请登录网址 wap.abcme.cc 兑换500元现金【农业银行】
",95599,1492251464000,1492251984000,116.46759796,39.87486267,18
0de35b2eeda0cac93b23c8643f2d8798,"尊敬的客户：您的账户积分10000分即将到期，将于24小时后清零，请登录网址 wap.abcme.cc 兑换500元现金【农业银行】
",95599,1492251425000,1492251984000,116.46759796,39.87486267,18
0de35b2eeda0cac93b23c8643f2d8798,"尊敬的客户：您的账户积分10000分即将到期，将于24小时后清零，请登录网址 wap.abcme.cc 兑换500元现金【农业银行】
",95599,1492251403000,1492251984000,116.46778107,39.874767299999995,18
88c8d12e0f972cb93ccee507014450db,"您好；长年代开建筑，材料，工程，广告咨询，办公用品等,北京各行增值税（发票），长久保真,如需联系：李会计13269529298打扰谅解
",1064563789,1492230932000,1492253089000,116.4955368,39.95704651,18
88c8d12e0f972cb93ccee507014450db,"您好；长年代开建筑，材料，工程，广告咨询，办公用品等,北京各行增值税（发票），长久保真,如需联系：李会计13269529298打扰谅解
",1064563789,1492230877000,1492253089000,116.49324799,39.95409393,18
88c8d12e0f972cb93ccee507014450db,"您好；长年代开建筑，材料，工程，广告咨询，办公用品等,北京各行增值税（发票），长久保真,如需联系：李会计13269529298打扰谅解
",1064563789,1492225733000,1492253089000,116.45397186,39.97837448,18
0de35b2eeda0cac93b23c8643f2d8798,"尊敬的客户：您的账户积分10000分即将到期，将于24小时后清零，请登录网址 wap.abcme.cc 兑换500元现金【农业银行】
",95599,1492250238000,1492251672000,116.46469879,39.87611389,18
0de35b2eeda0cac93b23c8643f2d8798,"尊敬的客户：您的账户积分10000分即将到期，将于24小时后清零，请登录网址 wap.abcme.cc 兑换500元现金【农业银行】
",95599,1492250212000,1492251672000,116.46088409,39.87665176,18
0de35b2eeda0cac93b23c8643f2d8798,"尊敬的客户：您的账户积分10000分即将到期，将于24小时后清零，请登录网址 wap.abcme.cc 兑换500元现金【农业银行】
",95599,1492250201000,1492251672000,116.46404266,39.87651825,18
0de35b2eeda0cac93b23c8643f2d8798,"尊敬的客户：您的账户积分10000分即将到期，将于24小时后清零，请登录网址 wap.abcme.cc 兑换500元现金【农业银行】
",95599,1492249141000,1492251672000,116.46469879,39.87611389,18
a3169d9345d7c9b3d335628afc7a9560,"你好，代开北京各行业正规发票，点低，保真13366992802王会计。
",13366992802,1492253211000,1492253211000,116.48923492,39.91538239,18
a3169d9345d7c9b3d335628afc7a9560,"你好，代开北京各行业正规发票，点低，保真13366992802王会计。
",13366992802,1492220520000,1492253211000,116.48990631,39.91369247,18
a3169d9345d7c9b3d335628afc7a9560,"你好，代开北京各行业正规发票，点低，保真13366992802王会计。
",13366992802,1492220515000,1492253211000,116.48990631,39.91369247,18
a3169d9345d7c9b3d335628afc7a9560,"你好，代开北京各行业正规发票，点低，保真13366992802王会计。
",13366992802,1492250733000,1492250733000,116.56303406,39.91583252,18
a3169d9345d7c9b3d335628afc7a9560,"你好，代开北京各行业正规发票，点低，保真13366992802王会计。
",13366992802,1492249690000,1492250733000,116.56303406,39.91583252,18
a3169d9345d7c9b3d335628afc7a9560,"你好，代开北京各行业正规发票，点低，保真13366992802王会计。
",13366992802,1492249274000,1492250733000,116.56254578,39.91557693,18
a3169d9345d7c9b3d335628afc7a9560,"你好，代开北京各行业正规发票，点低，保真13366992802王会计。
",13366992802,1492249257000,1492250733000,116.56303406,39.91583252,18
a3169d9345d7c9b3d335628afc7a9560,"你好，代开北京各行业正规发票，点低，保真13366992802王会计。
",13366992802,1492248485000,1492250733000,116.56254578,39.91557693,18
95e98932883043465b01136c5a168b52,"尊敬的客户:您的账户积分10000分即将到期，将于24小时后清零，请登录网址 wap.abcna.pw 兑换500元现金【农业银行】
",95599,1492250875000,1492251000000,116.42327881,39.89741516,18
95e98932883043465b01136c5a168b52,"尊敬的客户:您的账户积分10000分即将到期，将于24小时后清零，请登录网址 wap.abcna.pw 兑换500元现金【农业银行】
",95599,1492250862000,1492251000000,116.42263031,39.8972435,18
95e98932883043465b01136c5a168b52,"尊敬的客户:您的账户积分10000分即将到期，将于24小时后清零，请登录网址 wap.abcna.pw 兑换500元现金【农业银行】
",95599,1492250663000,1492251000000,116.42711639,39.89730835,18
95e98932883043465b01136c5a168b52,"尊敬的客户:您的账户积分10000分即将到期，将于24小时后清零，请登录网址 wap.abcna.pw 兑换500元现金【农业银行】
",95599,1492250650000,1492251000000,116.42729950000002,39.89757156,18
0de35b2eeda0cac93b23c8643f2d8798,"尊敬的客户：您的账户积分10000分即将到期，将于24小时后清零，请登录网址 wap.abcme.cc 兑换500元现金【农业银行】
",95599,1492244931000,1492252083000,116.47003937,39.87856674,18
a3169d9345d7c9b3d335628afc7a9560,"你好，代开北京各行业正规发票，点低，保真13366992802王会计。
",13366992802,1492252805000,1492253186000,116.48979950000002,39.92012405,18
a3169d9345d7c9b3d335628afc7a9560,"你好，代开北京各行业正规发票，点低，保真13366992802王会计。
",13366992802,1492252782000,1492253186000,116.48937225,39.92258453,18
a3169d9345d7c9b3d335628afc7a9560,"你好，代开北京各行业正规发票，点低，保真13366992802王会计。
",13366992802,1492252700000,1492253186000,116.48979950000002,39.92515564,18
a3169d9345d7c9b3d335628afc7a9560,"你好，代开北京各行业正规发票，点低，保真13366992802王会计。
",13366992802,1492252679000,1492253186000,116.48554993,39.92896652,18
a3169d9345d7c9b3d335628afc7a9560,"你好，代开北京各行业正规发票，点低，保真13366992802王会计。
",13366992802,1492252670000,1492253186000,116.48986816,39.93200302,18
0de35b2eeda0cac93b23c8643f2d8798,"尊敬的客户：您的账户积分10000分即将到期，将于24小时后清零，请登录网址 wap.abcme.cc 兑换500元现金【农业银行】
",95599,1492249033000,1492251837000,116.45094299,39.87601852,18
0de35b2eeda0cac93b23c8643f2d8798,"尊敬的客户：您的账户积分10000分即将到期，将于24小时后清零，请登录网址 wap.abcme.cc 兑换500元现金【农业银行】
",95599,1492249026000,1492251837000,116.46099091,39.87450409,18
0de35b2eeda0cac93b23c8643f2d8798,"尊敬的客户：您的账户积分10000分即将到期，将于24小时后清零，请登录网址 wap.abcme.cc 兑换500元现金【农业银行】
",95599,1492249016000,1492251837000,116.46300507,39.87480545,18
0de35b2eeda0cac93b23c8643f2d8798,"尊敬的客户：您的账户积分10000分即将到期，将于24小时后清零，请登录网址 wap.abcme.cc 兑换500元现金【农业银行】
",95599,1492244484000,1492251837000,116.46469879,39.87611389,18
35e8c850cd3c98a5a9f4717f6a2c7c70,"尊敬的客户；您的账户积分10000分即将到期，将于24小时后清零，请登录网址 wap.abcho.cc  兑换500元现金【农业银行】
",95599,1492250420000,1492252014000,116.50823975,39.92314529,18
35e8c850cd3c98a5a9f4717f6a2c7c70,"尊敬的客户；您的账户积分10000分即将到期，将于24小时后清零，请登录网址 wap.abcho.cc  兑换500元现金【农业银行】
",95599,1492250281000,1492252014000,116.50823975,39.92314529,18
35e8c850cd3c98a5a9f4717f6a2c7c70,"尊敬的客户；您的账户积分10000分即将到期，将于24小时后清零，请登录网址 wap.abcho.cc  兑换500元现金【农业银行】
",95599,1492247248000,1492252014000,116.50190735,39.92418671,18
35e8c850cd3c98a5a9f4717f6a2c7c70,"尊敬的客户；您的账户积分10000分即将到期，将于24小时后清零，请登录网址 wap.abcho.cc  兑换500元现金【农业银行】
",95599,1492247166000,1492252014000,116.50180817,39.92593002,18
83c1f578437b0a9076d08cbe97f253e6,"尊敬的用户：您的工行账户因未分类核实个人信息已被冻结，请登录 http://95588.j-1r.pw 按提示核实解冻！【工 商 银 行】
",95588,1492249286000,1492253664000,116.50461578,40.00510406,18
35e8c850cd3c98a5a9f4717f6a2c7c70,"尊敬的客户；您的账户积分10000分即将到期，将于24小时后清零，请登录网址 wap.abcho.cc  兑换500元现金【农业银行】
",95599,1492251842000,1492253458000,116.49002838,39.91712189,18
35e8c850cd3c98a5a9f4717f6a2c7c70,"尊敬的客户；您的账户积分10000分即将到期，将于24小时后清零，请登录网址 wap.abcho.cc  兑换500元现金【农业银行】
",95599,1492251821000,1492253458000,116.49006653,39.91483307,18
35e8c850cd3c98a5a9f4717f6a2c7c70,"尊敬的客户；您的账户积分10000分即将到期，将于24小时后清零，请登录网址 wap.abcho.cc  兑换500元现金【农业银行】
",95599,1492251727000,1492253458000,116.49006653,39.91483307,18
35e8c850cd3c98a5a9f4717f6a2c7c70,"尊敬的客户；您的账户积分10000分即将到期，将于24小时后清零，请登录网址 wap.abcho.cc  兑换500元现金【农业银行】
",95599,1492251586000,1492253458000,116.49002838,39.91712189,18
fe5b302db0228ea47c06dfeba6f9a24d,"你好，本公司代开全国各地正规机打（发票）点滴保真如有需要请联系13833688162胡涛
",13833688162,1492252586000,1492253127000,116.38746643,39.83429337,18
fe5b302db0228ea47c06dfeba6f9a24d,"你好，本公司代开全国各地正规机打（发票）点滴保真如有需要请联系13833688162胡涛
",13833688162,1492252581000,1492253127000,116.3870697,39.83246994,18
fe5b302db0228ea47c06dfeba6f9a24d,"你好，本公司代开全国各地正规机打（发票）点滴保真如有需要请联系13833688162胡涛
",13833688162,1492252302000,1492253127000,116.38746643,39.83429337,18
fe5b302db0228ea47c06dfeba6f9a24d,"你好，本公司代开全国各地正规机打（发票）点滴保真如有需要请联系13833688162胡涛
",13833688162,1492252186000,1492253127000,116.38491821,39.83410263,18
fe5b302db0228ea47c06dfeba6f9a24d,"你好，本公司代开全国各地正规机打（发票）点滴保真如有需要请联系13833688162胡涛
",13833688162,1492250170000,1492253127000,116.38746643,39.83429337,18
95e98932883043465b01136c5a168b52,"尊敬的客户:您的账户积分10000分即将到期，将于24小时后清零，请登录网址 wap.abcna.pw 兑换500元现金【农业银行】
",95599,1492234090000,1492253055000,116.42650604,39.89736557,18
95e98932883043465b01136c5a168b52,"尊敬的客户:您的账户积分10000分即将到期，将于24小时后清零，请登录网址 wap.abcna.pw 兑换500元现金【农业银行】
",95599,1492234081000,1492253055000,116.42752075,39.89568329,18
95e98932883043465b01136c5a168b52,"尊敬的客户:您的账户积分10000分即将到期，将于24小时后清零，请登录网址 wap.abcna.pw 兑换500元现金【农业银行】
",95599,1492233703000,1492253055000,116.42650604,39.89736557,18
95e98932883043465b01136c5a168b52,"尊敬的客户:您的账户积分10000分即将到期，将于24小时后清零，请登录网址 wap.abcna.pw 兑换500元现金【农业银行】
",95599,1492233686000,1492253055000,116.42752075,39.89568329,18
46784ac2eaf53de8c0b9396dadd90b20,"你好！（恭喜发财）本公司代开各行业发票:100%保真！验后付款，电话：15313305082 微信：y15210201758 若有打扰，敬请
",666888,1492244871000,1492251214000,116.45280457,39.83283615,18
46784ac2eaf53de8c0b9396dadd90b20,"你好！（恭喜发财）本公司代开各行业发票:100%保真！验后付款，电话：15313305082 微信：y15210201758 若有打扰，敬请
",666888,1492229111000,1492251214000,116.56707001,39.85320282,18
46784ac2eaf53de8c0b9396dadd90b20,"你好！（恭喜发财）本公司代开各行业发票:100%保真！验后付款，电话：15313305082 微信：y15210201758 若有打扰，敬请
",666888,1492210568000,1492251214000,116.40434265,39.78498077,18
46784ac2eaf53de8c0b9396dadd90b20,"你好！（恭喜发财）本公司代开各行业发票:100%保真！验后付款，电话：15313305082 微信：y15210201758 若有打扰，敬请
",666888,1492179034000,1492251214000,116.40302277,39.78593826,18
542d43eab9076a5b0cff44eb37b714fd,"谅解：谢谢！
",666888,1492244871000,1492251217000,116.45280457,39.83283615,18
542d43eab9076a5b0cff44eb37b714fd,"谅解：谢谢！
",666888,1492229111000,1492251217000,116.56707001,39.85320282,18
542d43eab9076a5b0cff44eb37b714fd,"谅解：谢谢！
",666888,1492210568000,1492251217000,116.40434265,39.78498077,18
542d43eab9076a5b0cff44eb37b714fd,"谅解：谢谢！
",666888,1492179034000,1492251217000,116.40302277,39.78593826,18
f0eeffc87ec57ba0212b3c71ccbb512e,"尊敬的客户:您的账户积分10000分即将到期，将于24小时后清零，请登录网址 wap.abcxo.pw 兑换500元现金【农业银行】
",95599,1492252726000,1492252763000,116.36944579999998,39.98781967,18
f0eeffc87ec57ba0212b3c71ccbb512e,"尊敬的客户:您的账户积分10000分即将到期，将于24小时后清零，请登录网址 wap.abcxo.pw 兑换500元现金【农业银行】
",95599,1492252557000,1492252763000,116.36946869,39.9872818,18
f0eeffc87ec57ba0212b3c71ccbb512e,"尊敬的客户:您的账户积分10000分即将到期，将于24小时后清零，请登录网址 wap.abcxo.pw 兑换500元现金【农业银行】
",95599,1492252549000,1492252763000,116.36619568,39.98723221,18
83c1f578437b0a9076d08cbe97f253e6,"尊敬的用户：您的工行账户因未分类核实个人信息已被冻结，请登录 http://95588.j-1r.pw 按提示核实解冻！【工 商 银 行】
",95588,1492253379000,1492253413000,116.41120911,39.922782899999994,18
83c1f578437b0a9076d08cbe97f253e6,"尊敬的用户：您的工行账户因未分类核实个人信息已被冻结，请登录 http://95588.j-1r.pw 按提示核实解冻！【工 商 银 行】
",95588,1492253379000,1492253422000,116.41120911,39.922782899999994,18
45ee063a537a22f1a7d0be10cf527c16,"你好，本公司有北京各行业正规发票出售，价格最低，永久保真，验后付款，公对公走账，支票兑现，微信号baozhen688688。
",15321573682,1492252849000,1492252848000,116.46746826,39.88437271,18
45ee063a537a22f1a7d0be10cf527c16,"你好，本公司有北京各行业正规发票出售，价格最低，永久保真，验后付款，公对公走账，支票兑现，微信号baozhen688688。
",15321573682,1492251138000,1492252848000,116.46746826,39.88437271,18
45ee063a537a22f1a7d0be10cf527c16,"你好，本公司有北京各行业正规发票出售，价格最低，永久保真，验后付款，公对公走账，支票兑现，微信号baozhen688688。
",15321573682,1492251135000,1492252848000,116.46746826,39.88437271,18
0de35b2eeda0cac93b23c8643f2d8798,"尊敬的客户：您的账户积分10000分即将到期，将于24小时后清零，请登录网址 wap.abcme.cc 兑换500元现金【农业银行】
",95599,1492251791000,1492251791000,116.46404266,39.87651825,18
0de35b2eeda0cac93b23c8643f2d8798,"尊敬的客户：您的账户积分10000分即将到期，将于24小时后清零，请登录网址 wap.abcme.cc 兑换500元现金【农业银行】
",95599,1492249571000,1492251791000,116.46404266,39.87651825,18
0de35b2eeda0cac93b23c8643f2d8798,"尊敬的客户：您的账户积分10000分即将到期，将于24小时后清零，请登录网址 wap.abcme.cc 兑换500元现金【农业银行】
",95599,1492251791000,1492251791000,116.46404266,39.87651825,18
0de35b2eeda0cac93b23c8643f2d8798,"尊敬的客户：您的账户积分10000分即将到期，将于24小时后清零，请登录网址 wap.abcme.cc 兑换500元现金【农业银行】
",95599,1492249571000,1492251791000,116.46404266,39.87651825,18
0de35b2eeda0cac93b23c8643f2d8798,"尊敬的客户：您的账户积分10000分即将到期，将于24小时后清零，请登录网址 wap.abcme.cc 兑换500元现金【农业银行】
",95599,1492189151000,1492250459000,116.39450836,39.94858551,18
0de35b2eeda0cac93b23c8643f2d8798,"尊敬的客户：您的账户积分10000分即将到期，将于24小时后清零，请登录网址 wap.abcme.cc 兑换500元现金【农业银行】
",95599,1492188794000,1492250459000,116.39450836,39.94858551,18
f0eeffc87ec57ba0212b3c71ccbb512e,"尊敬的客户:您的账户积分10000分即将到期，将于24小时后清零，请登录网址 wap.abcxo.pw 兑换500元现金【农业银行】
",95599,1492250630000,1492250869000,116.35296631,39.99795532,18
f0eeffc87ec57ba0212b3c71ccbb512e,"尊敬的客户:您的账户积分10000分即将到期，将于24小时后清零，请登录网址 wap.abcxo.pw 兑换500元现金【农业银行】
",95599,1492250578000,1492250869000,116.35289001,39.99774933,18
f0eeffc87ec57ba0212b3c71ccbb512e,"尊敬的客户:您的账户积分10000分即将到期，将于24小时后清零，请登录网址 wap.abcxo.pw 兑换500元现金【农业银行】
",95599,1492250487000,1492250869000,116.35296631,39.99795532,18
f0eeffc87ec57ba0212b3c71ccbb512e,"尊敬的客户:您的账户积分10000分即将到期，将于24小时后清零，请登录网址 wap.abcxo.pw 兑换500元现金【农业银行】
",95599,1492250406000,1492250869000,116.35296631,39.99795532,18
f0eeffc87ec57ba0212b3c71ccbb512e,"尊敬的客户:您的账户积分10000分即将到期，将于24小时后清零，请登录网址 wap.abcxo.pw 兑换500元现金【农业银行】
",95599,1492250321000,1492250869000,116.35289001,39.99774933,18
0de35b2eeda0cac93b23c8643f2d8798,"尊敬的客户：您的账户积分10000分即将到期，将于24小时后清零，请登录网址 wap.abcme.cc 兑换500元现金【农业银行】
",95599,1492251028000,1492251068000,116.45291138,39.86785889,18
0de35b2eeda0cac93b23c8643f2d8798,"尊敬的客户：您的账户积分10000分即将到期，将于24小时后清零，请登录网址 wap.abcme.cc 兑换500元现金【农业银行】
",95599,1492251015000,1492251068000,116.45829773,39.86853789999999,18
0de35b2eeda0cac93b23c8643f2d8798,"尊敬的客户：您的账户积分10000分即将到期，将于24小时后清零，请登录网址 wap.abcme.cc 兑换500元现金【农业银行】
",95599,1492251000000,1492251068000,116.45291138,39.86785889,18
f0eeffc87ec57ba0212b3c71ccbb512e,"尊敬的客户:您的账户积分10000分即将到期，将于24小时后清零，请登录网址 wap.abcxo.pw 兑换500元现金【农业银行】
",95599,1492250769000,1492250774000,116.35086823,40.02568817,18
f0eeffc87ec57ba0212b3c71ccbb512e,"尊敬的客户:您的账户积分10000分即将到期，将于24小时后清零，请登录网址 wap.abcxo.pw 兑换500元现金【农业银行】
",95599,1492250755000,1492250774000,116.35294342,39.99423981,18
f0eeffc87ec57ba0212b3c71ccbb512e,"尊敬的客户:您的账户积分10000分即将到期，将于24小时后清零，请登录网址 wap.abcxo.pw 兑换500元现金【农业银行】
",95599,1492250745000,1492250774000,116.35296631,39.99575043,18
f0eeffc87ec57ba0212b3c71ccbb512e,"尊敬的客户:您的账户积分10000分即将到期，将于24小时后清零，请登录网址 wap.abcxo.pw 兑换500元现金【农业银行】
",95599,1492250726000,1492250774000,116.35296631,39.99795532,18
f0eeffc87ec57ba0212b3c71ccbb512e,"尊敬的客户:您的账户积分10000分即将到期，将于24小时后清零，请登录网址 wap.abcxo.pw 兑换500元现金【农业银行】
",95599,1492250703000,1492250774000,116.35260009999999,40.00178146,18
35e8c850cd3c98a5a9f4717f6a2c7c70,"尊敬的客户；您的账户积分10000分即将到期，将于24小时后清零，请登录网址 wap.abcho.cc  兑换500元现金【农业银行】
",95599,1492251804000,1492251891000,116.50454712,39.93058777,18
35e8c850cd3c98a5a9f4717f6a2c7c70,"尊敬的客户；您的账户积分10000分即将到期，将于24小时后清零，请登录网址 wap.abcho.cc  兑换500元现金【农业银行】
",95599,1492250607000,1492251891000,116.50454712,39.93058777,18
35e8c850cd3c98a5a9f4717f6a2c7c70,"尊敬的客户；您的账户积分10000分即将到期，将于24小时后清零，请登录网址 wap.abcho.cc  兑换500元现金【农业银行】
",95599,1492249044000,1492251891000,116.50454712,39.93058777,18
35e8c850cd3c98a5a9f4717f6a2c7c70,"尊敬的客户；您的账户积分10000分即将到期，将于24小时后清零，请登录网址 wap.abcho.cc  兑换500元现金【农业银行】
",95599,1492249029000,1492251891000,116.50454712,39.93058777,18
35e8c850cd3c98a5a9f4717f6a2c7c70,"尊敬的客户；您的账户积分10000分即将到期，将于24小时后清零，请登录网址 wap.abcho.cc  兑换500元现金【农业银行】
",95599,1492248492000,1492251891000,116.50186157,39.93144989,18
f5bac42e1a087850be276535b28cbd21,"您好，本公司代开各行业正规发票保真，电话13366786831微信号13716216700
",10653692588,1492252593000,1492252611000,116.26882172,40.12285614,18
f5bac42e1a087850be276535b28cbd21,"您好，本公司代开各行业正规发票保真，电话13366786831微信号13716216700
",10653692588,1492252577000,1492252611000,116.26909637,40.12318802,18
f5bac42e1a087850be276535b28cbd21,"您好，本公司代开各行业正规发票保真，电话13366786831微信号13716216700
",10653692588,1492252430000,1492252611000,116.26882172,40.12285614,18
f5bac42e1a087850be276535b28cbd21,"您好，本公司代开各行业正规发票保真，电话13366786831微信号13716216700
",10653692588,1492252415000,1492252611000,116.27133179,40.12033081,18
eab566cadd18f2e5161d7508493c1d76,"您好，本公司常年对外代开各行各业正规发票，可以刻章/办证/如有需要请联系；15321556299 高经理
",100866688008,1492251376000,1492251376000,116.32314301,40.07714844,18
eab566cadd18f2e5161d7508493c1d76,"您好，本公司常年对外代开各行各业正规发票，可以刻章/办证/如有需要请联系；15321556299 高经理
",100866688008,1492249897000,1492251376000,116.32314301,40.07714844,18
eab566cadd18f2e5161d7508493c1d76,"您好，本公司常年对外代开各行各业正规发票，可以刻章/办证/如有需要请联系；15321556299 高经理
",100866688008,1492229896000,1492251376000,116.32314301,40.07714844,18
eab566cadd18f2e5161d7508493c1d76,"您好，本公司常年对外代开各行各业正规发票，可以刻章/办证/如有需要请联系；15321556299 高经理
",100866688008,1492229883000,1492251376000,116.32314301,40.07714844,18
0de35b2eeda0cac93b23c8643f2d8798,"尊敬的客户：您的账户积分10000分即将到期，将于24小时后清零，请登录网址 wap.abcme.cc 兑换500元现金【农业银行】
",95599,1492248336000,1492250634000,116.44369507,39.86478043,18
0de35b2eeda0cac93b23c8643f2d8798,"尊敬的客户：您的账户积分10000分即将到期，将于24小时后清零，请登录网址 wap.abcme.cc 兑换500元现金【农业银行】
",95599,1492240386000,1492250634000,116.44369507,39.86478043,18
0de35b2eeda0cac93b23c8643f2d8798,"尊敬的客户：您的账户积分10000分即将到期，将于24小时后清零，请登录网址 wap.abcme.cc 兑换500元现金【农业银行】
",95599,1492235042000,1492250634000,116.44409180000001,39.86584473,18
0de35b2eeda0cac93b23c8643f2d8798,"尊敬的客户：您的账户积分10000分即将到期，将于24小时后清零，请登录网址 wap.abcme.cc 兑换500元现金【农业银行】
",95599,1492231682000,1492250634000,116.44409180000001,39.86584473,18
26b845481b03a0c8c7385a2981d93175,"你好，本公司常年对外代开各种发票，工程/广告/设计/医疗器械/设备租赁/酒店会议等，对公走账增值税票，刘华13071171172长期有效。
",13071171172,1492251121000,1492251121000,116.51480103,39.908275599999996,18
26b845481b03a0c8c7385a2981d93175,"你好，本公司常年对外代开各种发票，工程/广告/设计/医疗器械/设备租赁/酒店会议等，对公走账增值税票，刘华13071171172长期有效。
",13071171172,1492250611000,1492251121000,116.35204315,39.94172668,18
26b845481b03a0c8c7385a2981d93175,"你好，本公司常年对外代开各种发票，工程/广告/设计/医疗器械/设备租赁/酒店会议等，对公走账增值税票，刘华13071171172长期有效。
",13071171172,1492250607000,1492251121000,116.49027252,39.91542435,18
26b845481b03a0c8c7385a2981d93175,"你好，本公司常年对外代开各种发票，工程/广告/设计/医疗器械/设备租赁/酒店会议等，对公走账增值税票，刘华13071171172长期有效。
",13071171172,1492246334000,1492251652000,116.34777069,39.95584869,18
26b845481b03a0c8c7385a2981d93175,"你好，本公司常年对外代开各种发票，工程/广告/设计/医疗器械/设备租赁/酒店会议等，对公走账增值税票，刘华13071171172长期有效。
",13071171172,1492240725000,1492251652000,116.33848572,39.96763992,18
26b845481b03a0c8c7385a2981d93175,"你好，本公司常年对外代开各种发票，工程/广告/设计/医疗器械/设备租赁/酒店会议等，对公走账增值税票，刘华13071171172长期有效。
",13071171172,1492238141000,1492251652000,116.32160187,39.966777799999996,18
26b845481b03a0c8c7385a2981d93175,"你好，本公司常年对外代开各种发票，工程/广告/设计/医疗器械/设备租赁/酒店会议等，对公走账增值税票，刘华13071171172长期有效。
",13071171172,1492227974000,1492251652000,116.45994568,39.89673233,18
26b845481b03a0c8c7385a2981d93175,"你好，本公司常年对外代开各种发票，工程/广告/设计/医疗器械/设备租赁/酒店会议等，对公走账增值税票，刘华13071171172长期有效。
",13071171172,1492227425000,1492251652000,116.46133423,39.89757156,18
95e98932883043465b01136c5a168b52,"尊敬的客户:您的账户积分10000分即将到期，将于24小时后清零，请登录网址 wap.abcna.pw 兑换500元现金【农业银行】
",95599,1492252145000,1492253067000,116.42327881,39.89741516,18
95e98932883043465b01136c5a168b52,"尊敬的客户:您的账户积分10000分即将到期，将于24小时后清零，请登录网址 wap.abcna.pw 兑换500元现金【农业银行】
",95599,1492249497000,1492253067000,116.4234848,39.89799881,18
95e98932883043465b01136c5a168b52,"尊敬的客户:您的账户积分10000分即将到期，将于24小时后清零，请登录网址 wap.abcna.pw 兑换500元现金【农业银行】
",95599,1492249381000,1492253067000,116.4234848,39.89799881,18
35e8c850cd3c98a5a9f4717f6a2c7c70,"尊敬的客户；您的账户积分10000分即将到期，将于24小时后清零，请登录网址 wap.abcho.cc  兑换500元现金【农业银行】
",95599,1492252412000,1492252412000,116.49960327,39.92348862,18
35e8c850cd3c98a5a9f4717f6a2c7c70,"尊敬的客户；您的账户积分10000分即将到期，将于24小时后清零，请登录网址 wap.abcho.cc  兑换500元现金【农业银行】
",95599,1492252142000,1492252412000,116.49960327,39.92348862,18
35e8c850cd3c98a5a9f4717f6a2c7c70,"尊敬的客户；您的账户积分10000分即将到期，将于24小时后清零，请登录网址 wap.abcho.cc  兑换500元现金【农业银行】
",95599,1492252138000,1492252412000,116.49960327,39.92348862,18
0de35b2eeda0cac93b23c8643f2d8798,"尊敬的客户：您的账户积分10000分即将到期，将于24小时后清零，请登录网址 wap.abcme.cc 兑换500元现金【农业银行】
",95599,1492250073000,1492251402000,116.46055603,39.87414169,18
0de35b2eeda0cac93b23c8643f2d8798,"尊敬的客户：您的账户积分10000分即将到期，将于24小时后清零，请登录网址 wap.abcme.cc 兑换500元现金【农业银行】
",95599,1492234359000,1492251402000,116.50679779,39.9321022,18
0de35b2eeda0cac93b23c8643f2d8798,"尊敬的客户：您的账户积分10000分即将到期，将于24小时后清零，请登录网址 wap.abcme.cc 兑换500元现金【农业银行】
",95599,1492232426000,1492251402000,116.41556549,39.92466354,18
0de35b2eeda0cac93b23c8643f2d8798,"尊敬的客户：您的账户积分10000分即将到期，将于24小时后清零，请登录网址 wap.abcme.cc 兑换500元现金【农业银行】
",95599,1492232423000,1492251402000,116.41556549,39.92466354,18
0de35b2eeda0cac93b23c8643f2d8798,"尊敬的客户：您的账户积分10000分即将到期，将于24小时后清零，请登录网址 wap.abcme.cc 兑换500元现金【农业银行】
",95599,1492250073000,1492251402000,116.46055603,39.87414169,18
0de35b2eeda0cac93b23c8643f2d8798,"尊敬的客户：您的账户积分10000分即将到期，将于24小时后清零，请登录网址 wap.abcme.cc 兑换500元现金【农业银行】
",95599,1492234359000,1492251402000,116.50679779,39.9321022,18
0de35b2eeda0cac93b23c8643f2d8798,"尊敬的客户：您的账户积分10000分即将到期，将于24小时后清零，请登录网址 wap.abcme.cc 兑换500元现金【农业银行】
",95599,1492232426000,1492251402000,116.41556549,39.92466354,18
0de35b2eeda0cac93b23c8643f2d8798,"尊敬的客户：您的账户积分10000分即将到期，将于24小时后清零，请登录网址 wap.abcme.cc 兑换500元现金【农业银行】
",95599,1492232423000,1492251402000,116.41556549,39.92466354,18
95e98932883043465b01136c5a168b52,"尊敬的客户:您的账户积分10000分即将到期，将于24小时后清零，请登录网址 wap.abcna.pw 兑换500元现金【农业银行】
",95599,1492250939000,1492250978000,116.42327881,39.89741516,18
95e98932883043465b01136c5a168b52,"尊敬的客户:您的账户积分10000分即将到期，将于24小时后清零，请登录网址 wap.abcna.pw 兑换500元现金【农业银行】
",95599,1492250861000,1492250978000,116.42263031,39.8972435,18
95e98932883043465b01136c5a168b52,"尊敬的客户:您的账户积分10000分即将到期，将于24小时后清零，请登录网址 wap.abcna.pw 兑换500元现金【农业银行】
",95599,1492250637000,1492250978000,116.42650604,39.89736557,18
76bdcc79f44fae2a23ce53e01cc0e048,"祝您财运滚滚！本公司可代开各行业正规机打发票业务，为您解决报账走账问题，绝对保真，可网上查验，验后付款，欢迎来电垂询，期待与您合作共赢！
",15600912155,1492244156000,1492252514000,116.06389618,39.70743179,18
76bdcc79f44fae2a23ce53e01cc0e048,"祝您财运滚滚！本公司可代开各行业正规机打发票业务，为您解决报账走账问题，绝对保真，可网上查验，验后付款，欢迎来电垂询，期待与您合作共赢！
",15600912155,1492239898000,1492252514000,116.06842804,39.67110825,18
35e8c850cd3c98a5a9f4717f6a2c7c70,"尊敬的客户；您的账户积分10000分即将到期，将于24小时后清零，请登录网址 wap.abcho.cc  兑换500元现金【农业银行】
",95599,1492251935000,1492251934000,116.50167847,39.92862701,18
35e8c850cd3c98a5a9f4717f6a2c7c70,"尊敬的客户；您的账户积分10000分即将到期，将于24小时后清零，请登录网址 wap.abcho.cc  兑换500元现金【农业银行】
",95599,1492251858000,1492251934000,116.50193787,39.92645264,18
35e8c850cd3c98a5a9f4717f6a2c7c70,"尊敬的客户；您的账户积分10000分即将到期，将于24小时后清零，请登录网址 wap.abcho.cc  兑换500元现金【农业银行】
",95599,1492251850000,1492251934000,116.5019455,39.92671967,18
35e8c850cd3c98a5a9f4717f6a2c7c70,"尊敬的客户；您的账户积分10000分即将到期，将于24小时后清零，请登录网址 wap.abcho.cc  兑换500元现金【农业银行】
",95599,1492250920000,1492251934000,116.50193787,39.92645264,18
35e8c850cd3c98a5a9f4717f6a2c7c70,"尊敬的客户；您的账户积分10000分即将到期，将于24小时后清零，请登录网址 wap.abcho.cc  兑换500元现金【农业银行】
",95599,1492250917000,1492251934000,116.5019455,39.92671967,18
88c8d12e0f972cb93ccee507014450db,"您好；长年代开建筑，材料，工程，广告咨询，办公用品等,北京各行增值税（发票），长久保真,如需联系：李会计13269529298打扰谅解
",1064563789,1492240996000,1492250489000,116.47439575,39.94438934,18
88c8d12e0f972cb93ccee507014450db,"您好；长年代开建筑，材料，工程，广告咨询，办公用品等,北京各行增值税（发票），长久保真,如需联系：李会计13269529298打扰谅解
",1064563789,1492240990000,1492250489000,116.47430420000002,39.94396973,18
88c8d12e0f972cb93ccee507014450db,"您好；长年代开建筑，材料，工程，广告咨询，办公用品等,北京各行增值税（发票），长久保真,如需联系：李会计13269529298打扰谅解
",1064563789,1492240957000,1492250489000,116.47439575,39.94438934,18
88c8d12e0f972cb93ccee507014450db,"您好；长年代开建筑，材料，工程，广告咨询，办公用品等,北京各行增值税（发票），长久保真,如需联系：李会计13269529298打扰谅解
",1064563789,1492232268000,1492250489000,116.48180389,39.94102859,18
88c8d12e0f972cb93ccee507014450db,"您好；长年代开建筑，材料，工程，广告咨询，办公用品等,北京各行增值税（发票），长久保真,如需联系：李会计13269529298打扰谅解
",1064563789,1492240996000,1492250489000,116.47439575,39.94438934,18
88c8d12e0f972cb93ccee507014450db,"您好；长年代开建筑，材料，工程，广告咨询，办公用品等,北京各行增值税（发票），长久保真,如需联系：李会计13269529298打扰谅解
",1064563789,1492240990000,1492250489000,116.47430420000002,39.94396973,18
88c8d12e0f972cb93ccee507014450db,"您好；长年代开建筑，材料，工程，广告咨询，办公用品等,北京各行增值税（发票），长久保真,如需联系：李会计13269529298打扰谅解
",1064563789,1492240957000,1492250489000,116.47439575,39.94438934,18
88c8d12e0f972cb93ccee507014450db,"您好；长年代开建筑，材料，工程，广告咨询，办公用品等,北京各行增值税（发票），长久保真,如需联系：李会计13269529298打扰谅解
",1064563789,1492232268000,1492250489000,116.48180389,39.94102859,18
35e8c850cd3c98a5a9f4717f6a2c7c70,"尊敬的客户；您的账户积分10000分即将到期，将于24小时后清零，请登录网址 wap.abcho.cc  兑换500元现金【农业银行】
",95599,1492253409000,1492253439000,116.49571228,39.91643906,18
35e8c850cd3c98a5a9f4717f6a2c7c70,"尊敬的客户；您的账户积分10000分即将到期，将于24小时后清零，请登录网址 wap.abcho.cc  兑换500元现金【农业银行】
",95599,1492253407000,1492253439000,116.49571228,39.91643906,18
35e8c850cd3c98a5a9f4717f6a2c7c70,"尊敬的客户；您的账户积分10000分即将到期，将于24小时后清零，请登录网址 wap.abcho.cc  兑换500元现金【农业银行】
",95599,1492253396000,1492253439000,116.49571228,39.91643906,18
35e8c850cd3c98a5a9f4717f6a2c7c70,"尊敬的客户；您的账户积分10000分即将到期，将于24小时后清零，请登录网址 wap.abcho.cc  兑换500元现金【农业银行】
",95599,1492253364000,1492253439000,116.49571228,39.91643906,18
0de35b2eeda0cac93b23c8643f2d8798,"尊敬的客户：您的账户积分10000分即将到期，将于24小时后清零，请登录网址 wap.abcme.cc 兑换500元现金【农业银行】
",95599,1492252773000,1492252832000,116.47740936,39.8922081,18
0de35b2eeda0cac93b23c8643f2d8798,"尊敬的客户：您的账户积分10000分即将到期，将于24小时后清零，请登录网址 wap.abcme.cc 兑换500元现金【农业银行】
",95599,1492252717000,1492252832000,116.47312927,39.89304352,18
0de35b2eeda0cac93b23c8643f2d8798,"尊敬的客户：您的账户积分10000分即将到期，将于24小时后清零，请登录网址 wap.abcme.cc 兑换500元现金【农业银行】
",95599,1492252709000,1492252832000,116.46191406,39.89021683,18
0de35b2eeda0cac93b23c8643f2d8798,"尊敬的客户：您的账户积分10000分即将到期，将于24小时后清零，请登录网址 wap.abcme.cc 兑换500元现金【农业银行】
",95599,1492252675000,1492252832000,116.47312927,39.89304352,18
95e98932883043465b01136c5a168b52,"尊敬的客户:您的账户积分10000分即将到期，将于24小时后清零，请登录网址 wap.abcna.pw 兑换500元现金【农业银行】
",95599,1492252709000,1492252834000,116.41841125,39.89665604,18
95e98932883043465b01136c5a168b52,"尊敬的客户:您的账户积分10000分即将到期，将于24小时后清零，请登录网址 wap.abcna.pw 兑换500元现金【农业银行】
",95599,1492250640000,1492250685000,116.42327881,39.89741516,18
95e98932883043465b01136c5a168b52,"尊敬的客户:您的账户积分10000分即将到期，将于24小时后清零，请登录网址 wap.abcna.pw 兑换500元现金【农业银行】
",95599,1492250627000,1492250685000,116.4234848,39.89799881,18
95e98932883043465b01136c5a168b52,"尊敬的客户:您的账户积分10000分即将到期，将于24小时后清零，请登录网址 wap.abcna.pw 兑换500元现金【农业银行】
",95599,1492250599000,1492250685000,116.42729187,39.89800644,18
95e98932883043465b01136c5a168b52,"尊敬的客户:您的账户积分10000分即将到期，将于24小时后清零，请登录网址 wap.abcna.pw 兑换500元现金【农业银行】
",95599,1492250467000,1492250685000,116.42327881,39.89741516,18
0de35b2eeda0cac93b23c8643f2d8798,"尊敬的客户：您的账户积分10000分即将到期，将于24小时后清零，请登录网址 wap.abcme.cc 兑换500元现金【农业银行】
",95599,1492252646000,1492252677000,116.46614075,39.88843918,18
0de35b2eeda0cac93b23c8643f2d8798,"尊敬的客户：您的账户积分10000分即将到期，将于24小时后清零，请登录网址 wap.abcme.cc 兑换500元现金【农业银行】
",95599,1492249729000,1492252677000,116.46614075,39.88843918,18
0de35b2eeda0cac93b23c8643f2d8798,"尊敬的客户：您的账户积分10000分即将到期，将于24小时后清零，请登录网址 wap.abcme.cc 兑换500元现金【农业银行】
",95599,1492249660000,1492252677000,116.46246338,39.88687897,18
c9718dfcc47dfe0aaccf54422b08c764,"你好本公司常年代开各行业正规机打发票点低保真可验后付款 王15646595247
",0000,1492229602000,1492250948000,116.46290588,39.88523865,18
c9718dfcc47dfe0aaccf54422b08c764,"你好本公司常年代开各行业正规机打发票点低保真可验后付款 王15646595247
",0000,1492225034000,1492250948000,116.46166229,39.8814888,18
c9718dfcc47dfe0aaccf54422b08c764,"你好本公司常年代开各行业正规机打发票点低保真可验后付款 王15646595247
",0000,1492184689000,1492250948000,116.46166229,39.8814888,18
c9718dfcc47dfe0aaccf54422b08c764,"你好本公司常年代开各行业正规机打发票点低保真可验后付款 王15646595247
",0000,1492184654000,1492250948000,116.46130371,39.88273621,18
40c90aff1d1c5e1f49d1a2fe487f2d8d,"你好、本公司有正规、国税、增值17％抵扣、保真、需要请联系13833688201胡涛
",13833688201,1492252999000,1492253082000,116.47840118,39.84204102,18
40c90aff1d1c5e1f49d1a2fe487f2d8d,"你好、本公司有正规、国税、增值17％抵扣、保真、需要请联系13833688201胡涛
",13833688201,1492252980000,1492253082000,116.4750061,39.84465027,18
40c90aff1d1c5e1f49d1a2fe487f2d8d,"你好、本公司有正规、国税、增值17％抵扣、保真、需要请联系13833688201胡涛
",13833688201,1492252980000,1492253082000,116.47129059,39.84651566,18
40c90aff1d1c5e1f49d1a2fe487f2d8d,"你好、本公司有正规、国税、增值17％抵扣、保真、需要请联系13833688201胡涛
",13833688201,1492252980000,1492253082000,116.47077179,39.84869385,18
40c90aff1d1c5e1f49d1a2fe487f2d8d,"你好、本公司有正规、国税、增值17％抵扣、保真、需要请联系13833688201胡涛
",13833688201,1492252980000,1492253082000,116.46895599,39.85139465,18
08738faaa4cd312bbad30389ef79a6ed,"您好 我公司长期代开各项正规 增值税发票 可走账 点低 保真 可查验 打扰见谅
",13070115567,1492250879000,1492253185000,116.34595490000001,39.87519836,18
08738faaa4cd312bbad30389ef79a6ed,"您好 我公司长期代开各项正规 增值税发票 可走账 点低 保真 可查验 打扰见谅
",13070115567,1492247427000,1492253185000,116.34607697,39.87614441,18
08738faaa4cd312bbad30389ef79a6ed,"您好 我公司长期代开各项正规 增值税发票 可走账 点低 保真 可查验 打扰见谅
",13070115567,1492243767000,1492253185000,116.34595490000001,39.87519836,18
08738faaa4cd312bbad30389ef79a6ed,"您好 我公司长期代开各项正规 增值税发票 可走账 点低 保真 可查验 打扰见谅
",13070115567,1492242270000,1492253185000,116.34595490000001,39.87519836,18
08738faaa4cd312bbad30389ef79a6ed,"您好 我公司长期代开各项正规 增值税发票 可走账 点低 保真 可查验 打扰见谅
",13070115567,1492241779000,1492253185000,116.34896851,39.87776184,18
88c8d12e0f972cb93ccee507014450db,"您好；长年代开建筑，材料，工程，广告咨询，办公用品等,北京各行增值税（发票），长久保真,如需联系：李会计13269529298打扰谅解
",1064563789,1492252098000,1492252123000,116.4592514,39.9547348,18
88c8d12e0f972cb93ccee507014450db,"您好；长年代开建筑，材料，工程，广告咨询，办公用品等,北京各行增值税（发票），长久保真,如需联系：李会计13269529298打扰谅解
",1064563789,1492252087000,1492252123000,116.45683289,39.95635605,18
88c8d12e0f972cb93ccee507014450db,"您好；长年代开建筑，材料，工程，广告咨询，办公用品等,北京各行增值税（发票），长久保真,如需联系：李会计13269529298打扰谅解
",1064563789,1492252081000,1492252123000,116.46142578,39.95220184,18
88c8d12e0f972cb93ccee507014450db,"您好；长年代开建筑，材料，工程，广告咨询，办公用品等,北京各行增值税（发票），长久保真,如需联系：李会计13269529298打扰谅解
",1064563789,1492252072000,1492252123000,116.45683289,39.95635605,18
88c8d12e0f972cb93ccee507014450db,"您好；长年代开建筑，材料，工程，广告咨询，办公用品等,北京各行增值税（发票），长久保真,如需联系：李会计13269529298打扰谅解
",1064563789,1492252060000,1492252123000,116.45439911,39.95759964,18
0de35b2eeda0cac93b23c8643f2d8798,"尊敬的客户：您的账户积分10000分即将到期，将于24小时后清零，请登录网址 wap.abcme.cc 兑换500元现金【农业银行】
",95599,1492249745000,1492252993000,116.46620178,39.88796616,18
0de35b2eeda0cac93b23c8643f2d8798,"尊敬的客户：您的账户积分10000分即将到期，将于24小时后清零，请登录网址 wap.abcme.cc 兑换500元现金【农业银行】
",95599,1492249744000,1492252993000,116.46246338,39.88687897,18
0de35b2eeda0cac93b23c8643f2d8798,"尊敬的客户：您的账户积分10000分即将到期，将于24小时后清零，请登录网址 wap.abcme.cc 兑换500元现金【农业银行】
",95599,1492244562000,1492252993000,116.46620178,39.88796616,18
0de35b2eeda0cac93b23c8643f2d8798,"尊敬的客户：您的账户积分10000分即将到期，将于24小时后清零，请登录网址 wap.abcme.cc 兑换500元现金【农业银行】
",95599,1492244523000,1492252993000,116.46246338,39.88687897,18
0de35b2eeda0cac93b23c8643f2d8798,"尊敬的客户：您的账户积分10000分即将到期，将于24小时后清零，请登录网址 wap.abcme.cc 兑换500元现金【农业银行】
",95599,1492244513000,1492252993000,116.46614075,39.88843918,18
0de35b2eeda0cac93b23c8643f2d8798,"尊敬的客户：您的账户积分10000分即将到期，将于24小时后清零，请登录网址 wap.abcme.cc 兑换500元现金【农业银行】
",95599,1492249745000,1492252993000,116.46620178,39.88796616,18
0de35b2eeda0cac93b23c8643f2d8798,"尊敬的客户：您的账户积分10000分即将到期，将于24小时后清零，请登录网址 wap.abcme.cc 兑换500元现金【农业银行】
",95599,1492249744000,1492252993000,116.46246338,39.88687897,18
0de35b2eeda0cac93b23c8643f2d8798,"尊敬的客户：您的账户积分10000分即将到期，将于24小时后清零，请登录网址 wap.abcme.cc 兑换500元现金【农业银行】
",95599,1492244562000,1492252993000,116.46620178,39.88796616,18
0de35b2eeda0cac93b23c8643f2d8798,"尊敬的客户：您的账户积分10000分即将到期，将于24小时后清零，请登录网址 wap.abcme.cc 兑换500元现金【农业银行】
",95599,1492244523000,1492252993000,116.46246338,39.88687897,18
0de35b2eeda0cac93b23c8643f2d8798,"尊敬的客户：您的账户积分10000分即将到期，将于24小时后清零，请登录网址 wap.abcme.cc 兑换500元现金【农业银行】
",95599,1492244513000,1492252993000,116.46614075,39.88843918,18
35e8c850cd3c98a5a9f4717f6a2c7c70,"尊敬的客户；您的账户积分10000分即将到期，将于24小时后清零，请登录网址 wap.abcho.cc  兑换500元现金【农业银行】
",95599,1492251397000,1492251409000,116.50172424,39.928466799999995,18
35e8c850cd3c98a5a9f4717f6a2c7c70,"尊敬的客户；您的账户积分10000分即将到期，将于24小时后清零，请登录网址 wap.abcho.cc  兑换500元现金【农业银行】
",95599,1492251384000,1492251409000,116.50172424,39.928466799999995,18
35e8c850cd3c98a5a9f4717f6a2c7c70,"尊敬的客户；您的账户积分10000分即将到期，将于24小时后清零，请登录网址 wap.abcho.cc  兑换500元现金【农业银行】
",95599,1492252076000,1492252076000,116.50190735,39.92418671,18
35e8c850cd3c98a5a9f4717f6a2c7c70,"尊敬的客户；您的账户积分10000分即将到期，将于24小时后清零，请登录网址 wap.abcho.cc  兑换500元现金【农业银行】
",95599,1492251342000,1492252076000,116.50190735,39.92418671,18
35e8c850cd3c98a5a9f4717f6a2c7c70,"尊敬的客户；您的账户积分10000分即将到期，将于24小时后清零，请登录网址 wap.abcho.cc  兑换500元现金【农业银行】
",95599,1492249568000,1492252076000,116.49894714,39.92605209,18
35e8c850cd3c98a5a9f4717f6a2c7c70,"尊敬的客户；您的账户积分10000分即将到期，将于24小时后清零，请登录网址 wap.abcho.cc  兑换500元现金【农业银行】
",95599,1492249542000,1492252076000,116.50190735,39.92418671,18
35e8c850cd3c98a5a9f4717f6a2c7c70,"尊敬的客户；您的账户积分10000分即将到期，将于24小时后清零，请登录网址 wap.abcho.cc  兑换500元现金【农业银行】
",95599,1492249513000,1492252076000,116.49894714,39.92605209,18
eab566cadd18f2e5161d7508493c1d76,"您好，本公司常年对外代开各行各业正规发票，可以刻章/办证/如有需要请联系；15321556299 高经理
",100866688008,1492250720000,1492250740000,116.31558228,40.07380676,18
eab566cadd18f2e5161d7508493c1d76,"您好，本公司常年对外代开各行各业正规发票，可以刻章/办证/如有需要请联系；15321556299 高经理
",100866688008,1492250713000,1492250740000,116.31491852,40.08143997,18
ed636c273617aab47d6086bd0c336e7d,"您好：本公司常年代开北京及全国各地发票点低保真验后付款，电话18032627027 QQ253454887微信a18032627027
",18032627027,1492238954000,1492253890000,116.48988342,39.93354034,18
ed636c273617aab47d6086bd0c336e7d,"您好：本公司常年代开北京及全国各地发票点低保真验后付款，电话18032627027 QQ253454887微信a18032627027
",18032627027,1492235161000,1492253890000,116.47998047,39.92809677,18
ed636c273617aab47d6086bd0c336e7d,"您好：本公司常年代开北京及全国各地发票点低保真验后付款，电话18032627027 QQ253454887微信a18032627027
",18032627027,1492235136000,1492253890000,116.47863770000001,39.92853928,18
ed636c273617aab47d6086bd0c336e7d,"您好：本公司常年代开北京及全国各地发票点低保真验后付款，电话18032627027 QQ253454887微信a18032627027
",18032627027,1492235052000,1492253890000,116.47998047,39.92809677,18
0de35b2eeda0cac93b23c8643f2d8798,"尊敬的客户：您的账户积分10000分即将到期，将于24小时后清零，请登录网址 wap.abcme.cc 兑换500元现金【农业银行】
",95599,1492252302000,1492252381000,116.46766663,39.88168335,18
0de35b2eeda0cac93b23c8643f2d8798,"尊敬的客户：您的账户积分10000分即将到期，将于24小时后清零，请登录网址 wap.abcme.cc 兑换500元现金【农业银行】
",95599,1492252281000,1492252381000,116.46766663,39.88168335,18
0de35b2eeda0cac93b23c8643f2d8798,"尊敬的客户：您的账户积分10000分即将到期，将于24小时后清零，请登录网址 wap.abcme.cc 兑换500元现金【农业银行】
",95599,1492252272000,1492252381000,116.4702301,39.87873459,18
40c90aff1d1c5e1f49d1a2fe487f2d8d,"你好、本公司有正规、国税、增值17％抵扣、保真、需要请联系13833688201胡涛
",13833688201,1492247421000,1492250744000,116.39500427,39.88511658,18
40c90aff1d1c5e1f49d1a2fe487f2d8d,"你好、本公司有正规、国税、增值17％抵扣、保真、需要请联系13833688201胡涛
",13833688201,1492246505000,1492250744000,116.39459991,39.89573669,18
40c90aff1d1c5e1f49d1a2fe487f2d8d,"你好、本公司有正规、国税、增值17％抵扣、保真、需要请联系13833688201胡涛
",13833688201,1492246435000,1492250744000,116.39637756,39.89316177,18
e228da907ffa1ebae4732e97e3572fbf,"你好，本公司代开各种机打发票，点低，可验后付款，有用的朋友请打电话15313247687电话和微信同号，打扰见谅，谢谢。
",15555518894,1492253724000,1492253750000,116.62319183,39.92603683,18
e228da907ffa1ebae4732e97e3572fbf,"你好，本公司代开各种机打发票，点低，可验后付款，有用的朋友请打电话15313247687电话和微信同号，打扰见谅，谢谢。
",15555518894,1492251922000,1492253750000,116.63097382,39.9111557,18
e228da907ffa1ebae4732e97e3572fbf,"你好，本公司代开各种机打发票，点低，可验后付款，有用的朋友请打电话15313247687电话和微信同号，打扰见谅，谢谢。
",15555518894,1492251562000,1492253750000,116.62319183,39.92603683,18
e228da907ffa1ebae4732e97e3572fbf,"你好，本公司代开各种机打发票，点低，可验后付款，有用的朋友请打电话15313247687电话和微信同号，打扰见谅，谢谢。
",15555518894,1492251373000,1492253750000,116.63097382,39.9111557,18
f0eeffc87ec57ba0212b3c71ccbb512e,"尊敬的客户:您的账户积分10000分即将到期，将于24小时后清零，请登录网址 wap.abcxo.pw 兑换500元现金【农业银行】
",95599,1492250508000,1492250876000,116.35251617,40.0009346,18
f0eeffc87ec57ba0212b3c71ccbb512e,"尊敬的客户:您的账户积分10000分即将到期，将于24小时后清零，请登录网址 wap.abcxo.pw 兑换500元现金【农业银行】
",95599,1492250508000,1492250876000,116.35031891,39.99917221,18
f0eeffc87ec57ba0212b3c71ccbb512e,"尊敬的客户:您的账户积分10000分即将到期，将于24小时后清零，请登录网址 wap.abcxo.pw 兑换500元现金【农业银行】
",95599,1492249011000,1492250876000,116.35251617,40.00063324,18
f0eeffc87ec57ba0212b3c71ccbb512e,"尊敬的客户:您的账户积分10000分即将到期，将于24小时后清零，请登录网址 wap.abcxo.pw 兑换500元现金【农业银行】
",95599,1492249009000,1492250876000,116.35260009999999,40.00151062,18
f0eeffc87ec57ba0212b3c71ccbb512e,"尊敬的客户:您的账户积分10000分即将到期，将于24小时后清零，请登录网址 wap.abcxo.pw 兑换500元现金【农业银行】
",95599,1492245020000,1492250876000,116.35251617,40.0009346,18
89c92f1e409e8ac72923575b1d14468f,"代开北京各行业增值税发票，普通增值税，税点低！保真，验后付款！13366769919李经理
",13366769919,1492251290000,1492251493000,116.51882935,39.92339706,18
89c92f1e409e8ac72923575b1d14468f,"代开北京各行业增值税发票，普通增值税，税点低！保真，验后付款！13366769919李经理
",13366769919,1492251157000,1492251493000,116.45787811,39.90585327,18
89c92f1e409e8ac72923575b1d14468f,"代开北京各行业增值税发票，普通增值税，税点低！保真，验后付款！13366769919李经理
",13366769919,1492250969000,1492251493000,116.47879791,39.923095700000005,18
38b18d9b772dbcbb0871571c379e52be,"你好，我公司长期代开各行业增值税发票，点底保真，验后付款，电话13241509916刘经理
",10621735194,1492250851000,1492250876000,116.51906586,39.91661453,18
38b18d9b772dbcbb0871571c379e52be,"你好，我公司长期代开各行业增值税发票，点底保真，验后付款，电话13241509916刘经理
",10621735194,1492250808000,1492250876000,116.52111053,39.91483307,18
38b18d9b772dbcbb0871571c379e52be,"你好，我公司长期代开各行业增值税发票，点底保真，验后付款，电话13241509916刘经理
",10621735194,1492250782000,1492250876000,116.51906586,39.91661453,18
38b18d9b772dbcbb0871571c379e52be,"你好，我公司长期代开各行业增值税发票，点底保真，验后付款，电话13241509916刘经理
",10621735194,1492250758000,1492250876000,116.51685333,39.9164772,18
4eec17dcf2f571e382aa580cd4ac8bdf,"您好，本公司代开各行业正规发票，13126538869 张先生
",15488886666,1492250315000,1492250504000,116.4798584,39.90827942,18
4eec17dcf2f571e382aa580cd4ac8bdf,"您好，本公司代开各行业正规发票，13126538869 张先生
",15488886666,1492249160000,1492250504000,116.48993683,39.91215897,18
4eec17dcf2f571e382aa580cd4ac8bdf,"您好，本公司代开各行业正规发票，13126538869 张先生
",15488886666,1492248875000,1492250504000,116.48979187,39.91392517,18
4eec17dcf2f571e382aa580cd4ac8bdf,"您好，本公司代开各行业正规发票，13126538869 张先生
",15488886666,1492248871000,1492250504000,116.48997498,39.91523743,18
4eec17dcf2f571e382aa580cd4ac8bdf,"您好，本公司代开各行业正规发票，13126538869 张先生
",15488886666,1492248868000,1492250504000,116.48979187,39.91392517,18
83c1f578437b0a9076d08cbe97f253e6,"尊敬的用户：您的工行账户因未分类核实个人信息已被冻结，请登录 http://95588.j-1r.pw 按提示核实解冻！【工 商 银 行】
",95588,1492251365000,1492251365000,116.42111206,39.9001236,18
83c1f578437b0a9076d08cbe97f253e6,"尊敬的用户：您的工行账户因未分类核实个人信息已被冻结，请登录 http://95588.j-1r.pw 按提示核实解冻！【工 商 银 行】
",95588,1492245960000,1492251365000,116.42111206,39.9001236,18
83c1f578437b0a9076d08cbe97f253e6,"尊敬的用户：您的工行账户因未分类核实个人信息已被冻结，请登录 http://95588.j-1r.pw 按提示核实解冻！【工 商 银 行】
",95588,1492245954000,1492251365000,116.42111206,39.9001236,18
83c1f578437b0a9076d08cbe97f253e6,"尊敬的用户：您的工行账户因未分类核实个人信息已被冻结，请登录 http://95588.j-1r.pw 按提示核实解冻！【工 商 银 行】
",95588,1492251365000,1492251365000,116.42111206,39.9001236,18
83c1f578437b0a9076d08cbe97f253e6,"尊敬的用户：您的工行账户因未分类核实个人信息已被冻结，请登录 http://95588.j-1r.pw 按提示核实解冻！【工 商 银 行】
",95588,1492245960000,1492251365000,116.42111206,39.9001236,18
83c1f578437b0a9076d08cbe97f253e6,"尊敬的用户：您的工行账户因未分类核实个人信息已被冻结，请登录 http://95588.j-1r.pw 按提示核实解冻！【工 商 银 行】
",95588,1492245954000,1492251365000,116.42111206,39.9001236,18
cb02c6c310404e452716a572b200d0f9,"您好我以前给您开过发票，现在所有的票全部降价，详情请打15931666053.
",15931666053,1492251551000,1492252037000,116.55275726,40.028732299999994,18
cb02c6c310404e452716a572b200d0f9,"您好我以前给您开过发票，现在所有的票全部降价，详情请打15931666053.
",15931666053,1492251095000,1492252037000,116.54523468,40.03042603,18
cb02c6c310404e452716a572b200d0f9,"您好我以前给您开过发票，现在所有的票全部降价，详情请打15931666053.
",15931666053,1492251011000,1492252037000,116.54351807,40.03322601,18
cb02c6c310404e452716a572b200d0f9,"您好我以前给您开过发票，现在所有的票全部降价，详情请打15931666053.
",15931666053,1492250971000,1492252037000,116.54523468,40.03042603,18
cb02c6c310404e452716a572b200d0f9,"您好我以前给您开过发票，现在所有的票全部降价，详情请打15931666053.
",15931666053,1492250845000,1492252037000,116.54351807,40.03322601,18
cb02c6c310404e452716a572b200d0f9,"您好我以前给您开过发票，现在所有的票全部降价，详情请打15931666053.
",15931666053,1492251551000,1492252037000,116.55275726,40.028732299999994,18
cb02c6c310404e452716a572b200d0f9,"您好我以前给您开过发票，现在所有的票全部降价，详情请打15931666053.
",15931666053,1492251095000,1492252037000,116.54523468,40.03042603,18
cb02c6c310404e452716a572b200d0f9,"您好我以前给您开过发票，现在所有的票全部降价，详情请打15931666053.
",15931666053,1492251011000,1492252037000,116.54351807,40.03322601,18
cb02c6c310404e452716a572b200d0f9,"您好我以前给您开过发票，现在所有的票全部降价，详情请打15931666053.
",15931666053,1492250971000,1492252037000,116.54523468,40.03042603,18
cb02c6c310404e452716a572b200d0f9,"您好我以前给您开过发票，现在所有的票全部降价，详情请打15931666053.
",15931666053,1492250845000,1492252037000,116.54351807,40.03322601,18
95e98932883043465b01136c5a168b52,"尊敬的客户:您的账户积分10000分即将到期，将于24小时后清零，请登录网址 wap.abcna.pw 兑换500元现金【农业银行】
",95599,1492250023000,1492250902000,116.41881561,39.89387131,18
95e98932883043465b01136c5a168b52,"尊敬的客户:您的账户积分10000分即将到期，将于24小时后清零，请登录网址 wap.abcna.pw 兑换500元现金【农业银行】
",95599,1492248041000,1492250902000,116.41881561,39.89387131,18
95e98932883043465b01136c5a168b52,"尊敬的客户:您的账户积分10000分即将到期，将于24小时后清零，请登录网址 wap.abcna.pw 兑换500元现金【农业银行】
",95599,1492247881000,1492250902000,116.41909790000001,39.89385223,18
95e98932883043465b01136c5a168b52,"尊敬的客户:您的账户积分10000分即将到期，将于24小时后清零，请登录网址 wap.abcna.pw 兑换500元现金【农业银行】
",95599,1492247789000,1492250902000,116.41881561,39.89387131,18
95e98932883043465b01136c5a168b52,"尊敬的客户:您的账户积分10000分即将到期，将于24小时后清零，请登录网址 wap.abcna.pw 兑换500元现金【农业银行】
",95599,1492247612000,1492250902000,116.41909790000001,39.89385223,18
0de35b2eeda0cac93b23c8643f2d8798,"尊敬的客户：您的账户积分10000分即将到期，将于24小时后清零，请登录网址 wap.abcme.cc 兑换500元现金【农业银行】
",95599,1492250040000,1492251646000,116.47237396,39.89059067,18
0de35b2eeda0cac93b23c8643f2d8798,"尊敬的客户：您的账户积分10000分即将到期，将于24小时后清零，请登录网址 wap.abcme.cc 兑换500元现金【农业银行】
",95599,1492248598000,1492251646000,116.47237396,39.89059067,18
0de35b2eeda0cac93b23c8643f2d8798,"尊敬的客户：您的账户积分10000分即将到期，将于24小时后清零，请登录网址 wap.abcme.cc 兑换500元现金【农业银行】
",95599,1492247526000,1492251646000,116.46215819999999,39.87854385,18
0de35b2eeda0cac93b23c8643f2d8798,"尊敬的客户：您的账户积分10000分即将到期，将于24小时后清零，请登录网址 wap.abcme.cc 兑换500元现金【农业银行】
",95599,1492247124000,1492251646000,116.47237396,39.89059067,18
a81083ce665d1cb6cdf1fc088e81f893,"本公司常年对外代开各种机打发票，正规真实.验后付款18910018671杨经理。打扰谅解...
",18910018671,1492250045000,1492251193000,116.37405396,40.10080338,18
766a4d486ba137a2edd25c877da05516," 迎五一邯郸大型招聘会4月22日周六在丛台路陵西大街交叉口鹿城国际举办，找工作者招聘者相互转告，详电5301920登陆邯郸博才网
",106905583128022,1492239004000,1492251731000,116.32344818,39.89253616,18
95e98932883043465b01136c5a168b52,"尊敬的客户:您的账户积分10000分即将到期，将于24小时后清零，请登录网址 wap.abcna.pw 兑换500元现金【农业银行】
",95599,1492229059000,1492250813000,116.42224121,39.89741516,18
95e98932883043465b01136c5a168b52,"尊敬的客户:您的账户积分10000分即将到期，将于24小时后清零，请登录网址 wap.abcna.pw 兑换500元现金【农业银行】
",95599,1492219178000,1492250813000,116.42242432,39.89660263,18
95e98932883043465b01136c5a168b52,"尊敬的客户:您的账户积分10000分即将到期，将于24小时后清零，请登录网址 wap.abcna.pw 兑换500元现金【农业银行】
",95599,1492195624000,1492250813000,116.42104340000002,39.89441299,18
95e98932883043465b01136c5a168b52,"尊敬的客户:您的账户积分10000分即将到期，将于24小时后清零，请登录网址 wap.abcna.pw 兑换500元现金【农业银行】
",95599,1492195596000,1492250813000,116.42104340000002,39.89441299,18
4eec17dcf2f571e382aa580cd4ac8bdf,"您好，本公司代开各行业正规发票，13126538869 张先生
",15488886666,1492250625000,1492250625000,116.48986053,39.91968918,18
4eec17dcf2f571e382aa580cd4ac8bdf,"您好，本公司代开各行业正规发票，13126538869 张先生
",15488886666,1492249515000,1492250625000,116.49611664,39.95413589,18
542d43eab9076a5b0cff44eb37b714fd,"谅解：谢谢！
",666888,1492251009000,1492251196000,116.43907928,39.80488205,18
542d43eab9076a5b0cff44eb37b714fd,"谅解：谢谢！
",666888,1492251001000,1492251196000,116.44417572,39.80511093,18
542d43eab9076a5b0cff44eb37b714fd,"谅解：谢谢！
",666888,1492251000000,1492251196000,116.44458008,39.80503845,18
542d43eab9076a5b0cff44eb37b714fd,"谅解：谢谢！
",666888,1492250843000,1492251196000,116.44417572,39.80511093,18
542d43eab9076a5b0cff44eb37b714fd,"谅解：谢谢！
",666888,1492250805000,1492251196000,116.44458008,39.80503845,18
0de35b2eeda0cac93b23c8643f2d8798,"尊敬的客户：您的账户积分10000分即将到期，将于24小时后清零，请登录网址 wap.abcme.cc 兑换500元现金【农业银行】
",95599,1492250158000,1492251048000,116.43867493,39.87376785,18
0de35b2eeda0cac93b23c8643f2d8798,"尊敬的客户：您的账户积分10000分即将到期，将于24小时后清零，请登录网址 wap.abcme.cc 兑换500元现金【农业银行】
",95599,1492250115000,1492251048000,116.43919373,39.870899200000004,18
0de35b2eeda0cac93b23c8643f2d8798,"尊敬的客户：您的账户积分10000分即将到期，将于24小时后清零，请登录网址 wap.abcme.cc 兑换500元现金【农业银行】
",95599,1492242119000,1492251048000,116.34583282,39.88048172,18
0de35b2eeda0cac93b23c8643f2d8798,"尊敬的客户：您的账户积分10000分即将到期，将于24小时后清零，请登录网址 wap.abcme.cc 兑换500元现金【农业银行】
",95599,1492241327000,1492251048000,116.34622192,39.88022995,18
0de35b2eeda0cac93b23c8643f2d8798,"尊敬的客户：您的账户积分10000分即将到期，将于24小时后清零，请登录网址 wap.abcme.cc 兑换500元现金【农业银行】
",95599,1492241031000,1492251048000,116.34583282,39.88048172,18
de8c53612b88b864ebdf9908fd637fb5,"你好，本公司代开工程材料，科技办公，会议咨询，各行业机打发票可网上查验，验后付款，电话:13371636160:刘经理。
",18666682,1492251968000,1492252076000,116.52149963,39.91716003,18
de8c53612b88b864ebdf9908fd637fb5,"你好，本公司代开工程材料，科技办公，会议咨询，各行业机打发票可网上查验，验后付款，电话:13371636160:刘经理。
",18666682,1492251903000,1492252076000,116.52249908,39.91290283,18
de8c53612b88b864ebdf9908fd637fb5,"你好，本公司代开工程材料，科技办公，会议咨询，各行业机打发票可网上查验，验后付款，电话:13371636160:刘经理。
",18666682,1492251899000,1492252076000,116.52149963,39.91716003,18
1d715bc8acd20852fc6322fed1e1781b,"你好，本公司代开各行业发票，可网上查验验后付款，电话:13366673923。
",18611288,1492251968000,1492252069000,116.52149963,39.91716003,18
1d715bc8acd20852fc6322fed1e1781b,"你好，本公司代开各行业发票，可网上查验验后付款，电话:13366673923。
",18611288,1492251903000,1492252069000,116.52249908,39.91290283,18
1d715bc8acd20852fc6322fed1e1781b,"你好，本公司代开各行业发票，可网上查验验后付款，电话:13366673923。
",18611288,1492251899000,1492252069000,116.52149963,39.91716003,18
43609d74f0f3678a03528bbea46a72e4,"您好 ！本公司可开增税发票，工程款，材料款，广告，科技，服务，房屋，机械租赁等以及支票兑现 电话 13051169789 张婷
",13051169789,1492251928000,1492252069000,116.53773499,39.94146729,18
43609d74f0f3678a03528bbea46a72e4,"您好 ！本公司可开增税发票，工程款，材料款，广告，科技，服务，房屋，机械租赁等以及支票兑现 电话 13051169789 张婷
",13051169789,1492251873000,1492252069000,116.54170990000001,39.94190216,18
43609d74f0f3678a03528bbea46a72e4,"您好 ！本公司可开增税发票，工程款，材料款，广告，科技，服务，房屋，机械租赁等以及支票兑现 电话 13051169789 张婷
",13051169789,1492251833000,1492252069000,116.54740906,39.94161987,18
43609d74f0f3678a03528bbea46a72e4,"您好 ！本公司可开增税发票，工程款，材料款，广告，科技，服务，房屋，机械租赁等以及支票兑现 电话 13051169789 张婷
",13051169789,1492251773000,1492252069000,116.55393982,39.94127655,18
43609d74f0f3678a03528bbea46a72e4,"您好 ！本公司可开增税发票，工程款，材料款，广告，科技，服务，房屋，机械租赁等以及支票兑现 电话 13051169789 张婷
",13051169789,1492251928000,1492252069000,116.53773499,39.94146729,18
43609d74f0f3678a03528bbea46a72e4,"您好 ！本公司可开增税发票，工程款，材料款，广告，科技，服务，房屋，机械租赁等以及支票兑现 电话 13051169789 张婷
",13051169789,1492251873000,1492252069000,116.54170990000001,39.94190216,18
43609d74f0f3678a03528bbea46a72e4,"您好 ！本公司可开增税发票，工程款，材料款，广告，科技，服务，房屋，机械租赁等以及支票兑现 电话 13051169789 张婷
",13051169789,1492251833000,1492252069000,116.54740906,39.94161987,18
43609d74f0f3678a03528bbea46a72e4,"您好 ！本公司可开增税发票，工程款，材料款，广告，科技，服务，房屋，机械租赁等以及支票兑现 电话 13051169789 张婷
",13051169789,1492251773000,1492252069000,116.55393982,39.94127655,18
35e8c850cd3c98a5a9f4717f6a2c7c70,"尊敬的客户；您的账户积分10000分即将到期，将于24小时后清零，请登录网址 wap.abcho.cc  兑换500元现金【农业银行】
",95599,1492234670000,1492253865000,116.31996918,39.68631744,18
35e8c850cd3c98a5a9f4717f6a2c7c70,"尊敬的客户；您的账户积分10000分即将到期，将于24小时后清零，请登录网址 wap.abcho.cc  兑换500元现金【农业银行】
",95599,1492168027000,1492253865000,116.49549103,39.91750336,18
35e8c850cd3c98a5a9f4717f6a2c7c70,"尊敬的客户；您的账户积分10000分即将到期，将于24小时后清零，请登录网址 wap.abcho.cc  兑换500元现金【农业银行】
",95599,1492168024000,1492253865000,116.49549103,39.91750336,18
35e8c850cd3c98a5a9f4717f6a2c7c70,"尊敬的客户；您的账户积分10000分即将到期，将于24小时后清零，请登录网址 wap.abcho.cc  兑换500元现金【农业银行】
",95599,1492234670000,1492253865000,116.31996918,39.68631744,18
35e8c850cd3c98a5a9f4717f6a2c7c70,"尊敬的客户；您的账户积分10000分即将到期，将于24小时后清零，请登录网址 wap.abcho.cc  兑换500元现金【农业银行】
",95599,1492168027000,1492253865000,116.49549103,39.91750336,18
35e8c850cd3c98a5a9f4717f6a2c7c70,"尊敬的客户；您的账户积分10000分即将到期，将于24小时后清零，请登录网址 wap.abcho.cc  兑换500元现金【农业银行】
",95599,1492168024000,1492253865000,116.49549103,39.91750336,18
4eec17dcf2f571e382aa580cd4ac8bdf,"您好，本公司代开各行业正规发票，13126538869 张先生
",15488886666,1492250597000,1492250783000,116.47501373,39.90565109,18
4eec17dcf2f571e382aa580cd4ac8bdf,"您好，本公司代开各行业正规发票，13126538869 张先生
",15488886666,1492249124000,1492250783000,116.47093964,39.89334869,18
4eec17dcf2f571e382aa580cd4ac8bdf,"您好，本公司代开各行业正规发票，13126538869 张先生
",15488886666,1492248876000,1492250783000,116.47298431,39.89344406,18
4eec17dcf2f571e382aa580cd4ac8bdf,"您好，本公司代开各行业正规发票，13126538869 张先生
",15488886666,1492248809000,1492250783000,116.47131348,39.89341354,18
83c1f578437b0a9076d08cbe97f253e6,"尊敬的用户：您的工行账户因未分类核实个人信息已被冻结，请登录 http://95588.j-1r.pw 按提示核实解冻！【工 商 银 行】
",95588,1492251465000,1492251484000,116.4188385,39.90291595,18
83c1f578437b0a9076d08cbe97f253e6,"尊敬的用户：您的工行账户因未分类核实个人信息已被冻结，请登录 http://95588.j-1r.pw 按提示核实解冻！【工 商 银 行】
",95588,1492251393000,1492251484000,116.41835785,39.90208054,18
83c1f578437b0a9076d08cbe97f253e6,"尊敬的用户：您的工行账户因未分类核实个人信息已被冻结，请登录 http://95588.j-1r.pw 按提示核实解冻！【工 商 银 行】
",95588,1492251343000,1492251484000,116.41835785,39.90208054,18
45ee063a537a22f1a7d0be10cf527c16,"你好，本公司有北京各行业正规发票出售，价格最低，永久保真，验后付款，公对公走账，支票兑现，微信号baozhen688688。
",15321573682,1492253492000,1492253480000,116.46141815,39.89694214,18
45ee063a537a22f1a7d0be10cf527c16,"你好，本公司有北京各行业正规发票出售，价格最低，永久保真，验后付款，公对公走账，支票兑现，微信号baozhen688688。
",15321573682,1492250776000,1492253480000,116.42199707,39.86480713,18
45ee063a537a22f1a7d0be10cf527c16,"你好，本公司有北京各行业正规发票出售，价格最低，永久保真，验后付款，公对公走账，支票兑现，微信号baozhen688688。
",15321573682,1492250006000,1492253480000,116.42121887,39.85706711,18
83c1f578437b0a9076d08cbe97f253e6,"尊敬的用户：您的工行账户因未分类核实个人信息已被冻结，请登录 http://95588.j-1r.pw 按提示核实解冻！【工 商 银 行】
",95588,1492251249000,1492251397000,116.41867828,39.89995193,18
83c1f578437b0a9076d08cbe97f253e6,"尊敬的用户：您的工行账户因未分类核实个人信息已被冻结，请登录 http://95588.j-1r.pw 按提示核实解冻！【工 商 银 行】
",95588,1492251233000,1492251397000,116.41855621,39.89826965,18
83c1f578437b0a9076d08cbe97f253e6,"尊敬的用户：您的工行账户因未分类核实个人信息已被冻结，请登录 http://95588.j-1r.pw 按提示核实解冻！【工 商 银 行】
",95588,1492251208000,1492251397000,116.41851807,39.89823151,18
83c1f578437b0a9076d08cbe97f253e6,"尊敬的用户：您的工行账户因未分类核实个人信息已被冻结，请登录 http://95588.j-1r.pw 按提示核实解冻！【工 商 银 行】
",95588,1492250805000,1492251397000,116.41867828,39.89995193,18
83c1f578437b0a9076d08cbe97f253e6,"尊敬的用户：您的工行账户因未分类核实个人信息已被冻结，请登录 http://95588.j-1r.pw 按提示核实解冻！【工 商 银 行】
",95588,1492251249000,1492251397000,116.41867828,39.89995193,18
83c1f578437b0a9076d08cbe97f253e6,"尊敬的用户：您的工行账户因未分类核实个人信息已被冻结，请登录 http://95588.j-1r.pw 按提示核实解冻！【工 商 银 行】
",95588,1492251233000,1492251397000,116.41855621,39.89826965,18
83c1f578437b0a9076d08cbe97f253e6,"尊敬的用户：您的工行账户因未分类核实个人信息已被冻结，请登录 http://95588.j-1r.pw 按提示核实解冻！【工 商 银 行】
",95588,1492251208000,1492251397000,116.41851807,39.89823151,18
83c1f578437b0a9076d08cbe97f253e6,"尊敬的用户：您的工行账户因未分类核实个人信息已被冻结，请登录 http://95588.j-1r.pw 按提示核实解冻！【工 商 银 行】
",95588,1492250805000,1492251397000,116.41867828,39.89995193,18
f0eeffc87ec57ba0212b3c71ccbb512e,"尊敬的客户:您的账户积分10000分即将到期，将于24小时后清零，请登录网址 wap.abcxo.pw 兑换500元现金【农业银行】
",95599,1492250291000,1492250424000,116.33623505,39.9862175,18
0de35b2eeda0cac93b23c8643f2d8798,"尊敬的客户：您的账户积分10000分即将到期，将于24小时后清零，请登录网址 wap.abcme.cc 兑换500元现金【农业银行】
",95599,1492252768000,1492252767000,116.46790314,39.88816833,18
0de35b2eeda0cac93b23c8643f2d8798,"尊敬的客户：您的账户积分10000分即将到期，将于24小时后清零，请登录网址 wap.abcme.cc 兑换500元现金【农业银行】
",95599,1492244858000,1492252767000,116.47319794,39.89338303,18
0de35b2eeda0cac93b23c8643f2d8798,"尊敬的客户：您的账户积分10000分即将到期，将于24小时后清零，请登录网址 wap.abcme.cc 兑换500元现金【农业银行】
",95599,1492244847000,1492252767000,116.47093964,39.89334869,18
0de35b2eeda0cac93b23c8643f2d8798,"尊敬的客户：您的账户积分10000分即将到期，将于24小时后清零，请登录网址 wap.abcme.cc 兑换500元现金【农业银行】
",95599,1492244156000,1492252767000,116.47319794,39.89338303,18
0de35b2eeda0cac93b23c8643f2d8798,"尊敬的客户：您的账户积分10000分即将到期，将于24小时后清零，请登录网址 wap.abcme.cc 兑换500元现金【农业银行】
",95599,1492244079000,1492252767000,116.47093964,39.89334869,18
254bda80de2481b1f1328c9985279c64,"本公司代开各行业增值税普通发票《材料、工程、劳务、科技、广告、住宿餐饮》保真验后付款电话13373068776qq1393797505王红
",13373068776,1492250805000,1492250824000,116.41000366,39.98858643,18
254bda80de2481b1f1328c9985279c64,"本公司代开各行业增值税普通发票《材料、工程、劳务、科技、广告、住宿餐饮》保真验后付款电话13373068776qq1393797505王红
",13373068776,1492250796000,1492250824000,116.40736389,39.98843765,18
254bda80de2481b1f1328c9985279c64,"本公司代开各行业增值税普通发票《材料、工程、劳务、科技、广告、住宿餐饮》保真验后付款电话13373068776qq1393797505王红
",13373068776,1492250770000,1492250824000,116.40429688,39.98840332,18
254bda80de2481b1f1328c9985279c64,"本公司代开各行业增值税普通发票《材料、工程、劳务、科技、广告、住宿餐饮》保真验后付款电话13373068776qq1393797505王红
",13373068776,1492250769000,1492250824000,116.40026855,39.98828506,18
254bda80de2481b1f1328c9985279c64,"本公司代开各行业增值税普通发票《材料、工程、劳务、科技、广告、住宿餐饮》保真验后付款电话13373068776qq1393797505王红
",13373068776,1492250765000,1492250824000,116.40429688,39.98840332,18
08a22fee5cffbf78c701294e47ecd633,"本公司代开各行业增值税普通发票《材料、工程、劳务、科技、广告、住宿餐饮》保真验后付款电话13333063505qq3245691173王成
",13333063505,1492250805000,1492250836000,116.41000366,39.98858643,18
08a22fee5cffbf78c701294e47ecd633,"本公司代开各行业增值税普通发票《材料、工程、劳务、科技、广告、住宿餐饮》保真验后付款电话13333063505qq3245691173王成
",13333063505,1492250796000,1492250836000,116.40736389,39.98843765,18
08a22fee5cffbf78c701294e47ecd633,"本公司代开各行业增值税普通发票《材料、工程、劳务、科技、广告、住宿餐饮》保真验后付款电话13333063505qq3245691173王成
",13333063505,1492250770000,1492250836000,116.40429688,39.98840332,18
08a22fee5cffbf78c701294e47ecd633,"本公司代开各行业增值税普通发票《材料、工程、劳务、科技、广告、住宿餐饮》保真验后付款电话13333063505qq3245691173王成
",13333063505,1492250769000,1492250836000,116.40026855,39.98828506,18
08a22fee5cffbf78c701294e47ecd633,"本公司代开各行业增值税普通发票《材料、工程、劳务、科技、广告、住宿餐饮》保真验后付款电话13333063505qq3245691173王成
",13333063505,1492250765000,1492250836000,116.40429688,39.98840332,18
08a22fee5cffbf78c701294e47ecd633,"本公司代开各行业增值税普通发票《材料、工程、劳务、科技、广告、住宿餐饮》保真验后付款电话13333063505qq3245691173王成
",13333063505,1492250805000,1492250836000,116.41000366,39.98858643,18
08a22fee5cffbf78c701294e47ecd633,"本公司代开各行业增值税普通发票《材料、工程、劳务、科技、广告、住宿餐饮》保真验后付款电话13333063505qq3245691173王成
",13333063505,1492250796000,1492250836000,116.40736389,39.98843765,18
08a22fee5cffbf78c701294e47ecd633,"本公司代开各行业增值税普通发票《材料、工程、劳务、科技、广告、住宿餐饮》保真验后付款电话13333063505qq3245691173王成
",13333063505,1492250770000,1492250836000,116.40429688,39.98840332,18
08a22fee5cffbf78c701294e47ecd633,"本公司代开各行业增值税普通发票《材料、工程、劳务、科技、广告、住宿餐饮》保真验后付款电话13333063505qq3245691173王成
",13333063505,1492250769000,1492250836000,116.40026855,39.98828506,18
08a22fee5cffbf78c701294e47ecd633,"本公司代开各行业增值税普通发票《材料、工程、劳务、科技、广告、住宿餐饮》保真验后付款电话13333063505qq3245691173王成
",13333063505,1492250765000,1492250836000,116.40429688,39.98840332,18
254bda80de2481b1f1328c9985279c64,"本公司代开各行业增值税普通发票《材料、工程、劳务、科技、广告、住宿餐饮》保真验后付款电话13373068776qq1393797505王红
",13373068776,1492250805000,1492250824000,116.41000366,39.98858643,18
254bda80de2481b1f1328c9985279c64,"本公司代开各行业增值税普通发票《材料、工程、劳务、科技、广告、住宿餐饮》保真验后付款电话13373068776qq1393797505王红
",13373068776,1492250796000,1492250824000,116.40736389,39.98843765,18
254bda80de2481b1f1328c9985279c64,"本公司代开各行业增值税普通发票《材料、工程、劳务、科技、广告、住宿餐饮》保真验后付款电话13373068776qq1393797505王红
",13373068776,1492250770000,1492250824000,116.40429688,39.98840332,18
254bda80de2481b1f1328c9985279c64,"本公司代开各行业增值税普通发票《材料、工程、劳务、科技、广告、住宿餐饮》保真验后付款电话13373068776qq1393797505王红
",13373068776,1492250769000,1492250824000,116.40026855,39.98828506,18
254bda80de2481b1f1328c9985279c64,"本公司代开各行业增值税普通发票《材料、工程、劳务、科技、广告、住宿餐饮》保真验后付款电话13373068776qq1393797505王红
",13373068776,1492250765000,1492250824000,116.40429688,39.98840332,18
0de35b2eeda0cac93b23c8643f2d8798,"尊敬的客户：您的账户积分10000分即将到期，将于24小时后清零，请登录网址 wap.abcme.cc 兑换500元现金【农业银行】
",95599,1492251697000,1492252568000,116.47003937,39.87856674,18
0de35b2eeda0cac93b23c8643f2d8798,"尊敬的客户：您的账户积分10000分即将到期，将于24小时后清零，请登录网址 wap.abcme.cc 兑换500元现金【农业银行】
",95599,1492251679000,1492252568000,116.46311951,39.87814713,18
0de35b2eeda0cac93b23c8643f2d8798,"尊敬的客户：您的账户积分10000分即将到期，将于24小时后清零，请登录网址 wap.abcme.cc 兑换500元现金【农业银行】
",95599,1492251666000,1492252568000,116.46762085,39.87734604,18
0de35b2eeda0cac93b23c8643f2d8798,"尊敬的客户：您的账户积分10000分即将到期，将于24小时后清零，请登录网址 wap.abcme.cc 兑换500元现金【农业银行】
",95599,1492251633000,1492252568000,116.46804047,39.87515259,18
0de35b2eeda0cac93b23c8643f2d8798,"尊敬的客户：您的账户积分10000分即将到期，将于24小时后清零，请登录网址 wap.abcme.cc 兑换500元现金【农业银行】
",95599,1492251072000,1492252568000,116.47003937,39.87856674,18
0de35b2eeda0cac93b23c8643f2d8798,"尊敬的客户：您的账户积分10000分即将到期，将于24小时后清零，请登录网址 wap.abcme.cc 兑换500元现金【农业银行】
",95599,1492250654000,1492251271000,116.45516205,39.86745071,18
0de35b2eeda0cac93b23c8643f2d8798,"尊敬的客户：您的账户积分10000分即将到期，将于24小时后清零，请登录网址 wap.abcme.cc 兑换500元现金【农业银行】
",95599,1492250607000,1492251271000,116.45968628,39.86672592,18
0de35b2eeda0cac93b23c8643f2d8798,"尊敬的客户：您的账户积分10000分即将到期，将于24小时后清零，请登录网址 wap.abcme.cc 兑换500元现金【农业银行】
",95599,1492250222000,1492251271000,116.45516205,39.86745071,18
0de35b2eeda0cac93b23c8643f2d8798,"尊敬的客户：您的账户积分10000分即将到期，将于24小时后清零，请登录网址 wap.abcme.cc 兑换500元现金【农业银行】
",95599,1492250579000,1492250588000,116.45085144,39.86426544,18
0de35b2eeda0cac93b23c8643f2d8798,"尊敬的客户：您的账户积分10000分即将到期，将于24小时后清零，请登录网址 wap.abcme.cc 兑换500元现金【农业银行】
",95599,1492250513000,1492250588000,116.44237518,39.86639404,18
0de35b2eeda0cac93b23c8643f2d8798,"尊敬的客户：您的账户积分10000分即将到期，将于24小时后清零，请登录网址 wap.abcme.cc 兑换500元现金【农业银行】
",95599,1492250490000,1492250588000,116.4418335,39.86803436,18
0de35b2eeda0cac93b23c8643f2d8798,"尊敬的客户：您的账户积分10000分即将到期，将于24小时后清零，请登录网址 wap.abcme.cc 兑换500元现金【农业银行】
",95599,1492250458000,1492250588000,116.44237518,39.86639404,18
0de35b2eeda0cac93b23c8643f2d8798,"尊敬的客户：您的账户积分10000分即将到期，将于24小时后清零，请登录网址 wap.abcme.cc 兑换500元现金【农业银行】
",95599,1492251314000,1492251314000,116.45280457,39.8757782,18
0de35b2eeda0cac93b23c8643f2d8798,"尊敬的客户：您的账户积分10000分即将到期，将于24小时后清零，请登录网址 wap.abcme.cc 兑换500元现金【农业银行】
",95599,1492250612000,1492251314000,116.45280457,39.8757782,18
0de35b2eeda0cac93b23c8643f2d8798,"尊敬的客户：您的账户积分10000分即将到期，将于24小时后清零，请登录网址 wap.abcme.cc 兑换500元现金【农业银行】
",95599,1492250529000,1492251314000,116.45280457,39.8757782,18
0de35b2eeda0cac93b23c8643f2d8798,"尊敬的客户：您的账户积分10000分即将到期，将于24小时后清零，请登录网址 wap.abcme.cc 兑换500元现金【农业银行】
",95599,1492250528000,1492251314000,116.45156097,39.87623215,18
26b845481b03a0c8c7385a2981d93175,"你好，本公司常年对外代开各种发票，工程/广告/设计/医疗器械/设备租赁/酒店会议等，对公走账增值税票，刘华13071171172长期有效。
",13071171172,1492251679000,1492251678000,116.49198151,39.90876007,18
26b845481b03a0c8c7385a2981d93175,"你好，本公司常年对外代开各种发票，工程/广告/设计/医疗器械/设备租赁/酒店会议等，对公走账增值税票，刘华13071171172长期有效。
",13071171172,1492251605000,1492251678000,116.49819183,39.90801239,18
26b845481b03a0c8c7385a2981d93175,"你好，本公司常年对外代开各种发票，工程/广告/设计/医疗器械/设备租赁/酒店会议等，对公走账增值税票，刘华13071171172长期有效。
",13071171172,1492251602000,1492251678000,116.49819183,39.90801239,18
95e98932883043465b01136c5a168b52,"尊敬的客户:您的账户积分10000分即将到期，将于24小时后清零，请登录网址 wap.abcna.pw 兑换500元现金【农业银行】
",95599,1492252937000,1492252966000,116.42008972,39.89727020000001,18
95e98932883043465b01136c5a168b52,"尊敬的客户:您的账户积分10000分即将到期，将于24小时后清零，请登录网址 wap.abcna.pw 兑换500元现金【农业银行】
",95599,1492251557000,1492252966000,116.39873505,39.90008926,18
95e98932883043465b01136c5a168b52,"尊敬的客户:您的账户积分10000分即将到期，将于24小时后清零，请登录网址 wap.abcna.pw 兑换500元现金【农业银行】
",95599,1492251448000,1492252966000,116.38500977,39.90008163,18
0de35b2eeda0cac93b23c8643f2d8798,"尊敬的客户：您的账户积分10000分即将到期，将于24小时后清零，请登录网址 wap.abcme.cc 兑换500元现金【农业银行】
",95599,1492249704000,1492252938000,116.46614075,39.88843918,18
0de35b2eeda0cac93b23c8643f2d8798,"尊敬的客户：您的账户积分10000分即将到期，将于24小时后清零，请登录网址 wap.abcme.cc 兑换500元现金【农业银行】
",95599,1492249687000,1492252938000,116.46614075,39.88843918,18
0de35b2eeda0cac93b23c8643f2d8798,"尊敬的客户：您的账户积分10000分即将到期，将于24小时后清零，请登录网址 wap.abcme.cc 兑换500元现金【农业银行】
",95599,1492249597000,1492252938000,116.46614075,39.88843918,18
0de35b2eeda0cac93b23c8643f2d8798,"尊敬的客户：您的账户积分10000分即将到期，将于24小时后清零，请登录网址 wap.abcme.cc 兑换500元现金【农业银行】
",95599,1492249558000,1492252938000,116.46614075,39.88843918,18
0de35b2eeda0cac93b23c8643f2d8798,"尊敬的客户：您的账户积分10000分即将到期，将于24小时后清零，请登录网址 wap.abcme.cc 兑换500元现金【农业银行】
",95599,1492249456000,1492252938000,116.46614075,39.88843918,18
049bbe96eac0578eac70752e8bc827c8,"北京鸿源祥建筑公司提供资质合作标书土建装修水电安装防水工程13552199396   
",010n83615450,1492247868000,1492252899000,116.28895569,39.81983185,18
049bbe96eac0578eac70752e8bc827c8,"北京鸿源祥建筑公司提供资质合作标书土建装修水电安装防水工程13552199396   
",010n83615450,1492247841000,1492252899000,116.28366089,39.8173027,18
049bbe96eac0578eac70752e8bc827c8,"北京鸿源祥建筑公司提供资质合作标书土建装修水电安装防水工程13552199396   
",010n83615450,1492247813000,1492252899000,116.28775787,39.82013321,18
049bbe96eac0578eac70752e8bc827c8,"北京鸿源祥建筑公司提供资质合作标书土建装修水电安装防水工程13552199396   
",010n83615450,1492247756000,1492252899000,116.28997040000002,39.81868744,18
049bbe96eac0578eac70752e8bc827c8,"北京鸿源祥建筑公司提供资质合作标书土建装修水电安装防水工程13552199396   
",010n83615450,1492244456000,1492252899000,116.28895569,39.81983185,18
6a35c2a992c33fe3709108c898782877,"您好，我公司常年代开北京各行业发票，点低保真验后付款。电话18931680573王经理，微信a56898560，QQ2221752319
",18931680573,1492249103000,1492253824000,116.33810425,39.82670212,18
6a35c2a992c33fe3709108c898782877,"您好，我公司常年代开北京各行业发票，点低保真验后付款。电话18931680573王经理，微信a56898560，QQ2221752319
",18931680573,1492248935000,1492253824000,116.32995605,39.82466507,18
6a35c2a992c33fe3709108c898782877,"您好，我公司常年代开北京各行业发票，点低保真验后付款。电话18931680573王经理，微信a56898560，QQ2221752319
",18931680573,1492245116000,1492253824000,116.27990723,39.87155151,18
6a35c2a992c33fe3709108c898782877,"您好，我公司常年代开北京各行业发票，点低保真验后付款。电话18931680573王经理，微信a56898560，QQ2221752319
",18931680573,1492245053000,1492253824000,116.28042603,39.87107849,18
83c1f578437b0a9076d08cbe97f253e6,"尊敬的用户：您的工行账户因未分类核实个人信息已被冻结，请登录 http://95588.j-1r.pw 按提示核实解冻！【工 商 银 行】
",95588,1492252893000,1492253228000,116.41601562,39.91560364,18
83c1f578437b0a9076d08cbe97f253e6,"尊敬的用户：您的工行账户因未分类核实个人信息已被冻结，请登录 http://95588.j-1r.pw 按提示核实解冻！【工 商 银 行】
",95588,1492240744000,1492253228000,116.41626740000001,39.91533661,18
83c1f578437b0a9076d08cbe97f253e6,"尊敬的用户：您的工行账户因未分类核实个人信息已被冻结，请登录 http://95588.j-1r.pw 按提示核实解冻！【工 商 银 行】
",95588,1492230394000,1492253228000,116.41626740000001,39.91533661,18
83c1f578437b0a9076d08cbe97f253e6,"尊敬的用户：您的工行账户因未分类核实个人信息已被冻结，请登录 http://95588.j-1r.pw 按提示核实解冻！【工 商 银 行】
",95588,1492230370000,1492253228000,116.41626740000001,39.91533661,18
83c1f578437b0a9076d08cbe97f253e6,"尊敬的用户：您的工行账户因未分类核实个人信息已被冻结，请登录 http://95588.j-1r.pw 按提示核实解冻！【工 商 银 行】
",95588,1492252893000,1492253228000,116.41601562,39.91560364,18
83c1f578437b0a9076d08cbe97f253e6,"尊敬的用户：您的工行账户因未分类核实个人信息已被冻结，请登录 http://95588.j-1r.pw 按提示核实解冻！【工 商 银 行】
",95588,1492240744000,1492253228000,116.41626740000001,39.91533661,18
83c1f578437b0a9076d08cbe97f253e6,"尊敬的用户：您的工行账户因未分类核实个人信息已被冻结，请登录 http://95588.j-1r.pw 按提示核实解冻！【工 商 银 行】
",95588,1492230394000,1492253228000,116.41626740000001,39.91533661,18
83c1f578437b0a9076d08cbe97f253e6,"尊敬的用户：您的工行账户因未分类核实个人信息已被冻结，请登录 http://95588.j-1r.pw 按提示核实解冻！【工 商 银 行】
",95588,1492230370000,1492253228000,116.41626740000001,39.91533661,18
83c1f578437b0a9076d08cbe97f253e6,"尊敬的用户：您的工行账户因未分类核实个人信息已被冻结，请登录 http://95588.j-1r.pw 按提示核实解冻！【工 商 银 行】
",95588,1492252929000,1492253209000,116.41292572,39.9155426,18
83c1f578437b0a9076d08cbe97f253e6,"尊敬的用户：您的工行账户因未分类核实个人信息已被冻结，请登录 http://95588.j-1r.pw 按提示核实解冻！【工 商 银 行】
",95588,1492252918000,1492253209000,116.41233063,39.91546631,18
83c1f578437b0a9076d08cbe97f253e6,"尊敬的用户：您的工行账户因未分类核实个人信息已被冻结，请登录 http://95588.j-1r.pw 按提示核实解冻！【工 商 银 行】
",95588,1492252908000,1492253209000,116.41141509999999,39.91548157,18
83c1f578437b0a9076d08cbe97f253e6,"尊敬的用户：您的工行账户因未分类核实个人信息已被冻结，请登录 http://95588.j-1r.pw 按提示核实解冻！【工 商 银 行】
",95588,1492252037000,1492253209000,116.41292572,39.9155426,18
35e8c850cd3c98a5a9f4717f6a2c7c70,"尊敬的客户；您的账户积分10000分即将到期，将于24小时后清零，请登录网址 wap.abcho.cc  兑换500元现金【农业银行】
",95599,1492252665000,1492253573000,116.51208496,39.916088099999996,18
35e8c850cd3c98a5a9f4717f6a2c7c70,"尊敬的客户；您的账户积分10000分即将到期，将于24小时后清零，请登录网址 wap.abcho.cc  兑换500元现金【农业银行】
",95599,1492252652000,1492253573000,116.51184082,39.91602325,18
35e8c850cd3c98a5a9f4717f6a2c7c70,"尊敬的客户；您的账户积分10000分即将到期，将于24小时后清零，请登录网址 wap.abcho.cc  兑换500元现金【农业银行】
",95599,1492251897000,1492253573000,116.50680542,39.91818619,18
35e8c850cd3c98a5a9f4717f6a2c7c70,"尊敬的客户；您的账户积分10000分即将到期，将于24小时后清零，请登录网址 wap.abcho.cc  兑换500元现金【农业银行】
",95599,1492251880000,1492253573000,116.50224304,39.92030716,18
35e8c850cd3c98a5a9f4717f6a2c7c70,"尊敬的客户；您的账户积分10000分即将到期，将于24小时后清零，请登录网址 wap.abcho.cc  兑换500元现金【农业银行】
",95599,1492247477000,1492253573000,116.51205444,39.92054749,18
c42d90fec87737be320f116fa2448751,"您好：代开办公用品 材料款 房租费咨询费加油票等【发票】联系电话：17777788514
",10086010699777,1492250694000,1492251390000,116.42607117,39.87696457,18
c42d90fec87737be320f116fa2448751,"您好：代开办公用品 材料款 房租费咨询费加油票等【发票】联系电话：17777788514
",10086010699777,1492250693000,1492251390000,116.4256897,39.86843491,18
c42d90fec87737be320f116fa2448751,"您好：代开办公用品 材料款 房租费咨询费加油票等【发票】联系电话：17777788514
",10086010699777,1492250649000,1492251390000,116.43058777,39.86784744,18
c42d90fec87737be320f116fa2448751,"您好：代开办公用品 材料款 房租费咨询费加油票等【发票】联系电话：17777788514
",10086010699777,1492250403000,1492251390000,116.42607117,39.87696457,18
0de35b2eeda0cac93b23c8643f2d8798,"尊敬的客户：您的账户积分10000分即将到期，将于24小时后清零，请登录网址 wap.abcme.cc 兑换500元现金【农业银行】
",95599,1492251481000,1492252613000,116.46766663,39.88168335,18
0de35b2eeda0cac93b23c8643f2d8798,"尊敬的客户：您的账户积分10000分即将到期，将于24小时后清零，请登录网址 wap.abcme.cc 兑换500元现金【农业银行】
",95599,1492249540000,1492252613000,116.46985626,39.88433838,18
0de35b2eeda0cac93b23c8643f2d8798,"尊敬的客户：您的账户积分10000分即将到期，将于24小时后清零，请登录网址 wap.abcme.cc 兑换500元现金【农业银行】
",95599,1492244334000,1492252613000,116.63955688,39.90962982,18
0de35b2eeda0cac93b23c8643f2d8798,"尊敬的客户：您的账户积分10000分即将到期，将于24小时后清零，请登录网址 wap.abcme.cc 兑换500元现金【农业银行】
",95599,1492241858000,1492252613000,116.63653564,39.90558624,18
0de35b2eeda0cac93b23c8643f2d8798,"尊敬的客户：您的账户积分10000分即将到期，将于24小时后清零，请登录网址 wap.abcme.cc 兑换500元现金【农业银行】
",95599,1492239765000,1492252613000,116.64239502,39.905159000000005,18
4eec17dcf2f571e382aa580cd4ac8bdf,"您好，本公司代开各行业正规发票，13126538869 张先生
",15488886666,1492251985000,1492251985000,116.43540192,39.96956635,18
4eec17dcf2f571e382aa580cd4ac8bdf,"您好，本公司代开各行业正规发票，13126538869 张先生
",15488886666,1492174447000,1492251985000,116.46933746,39.94459152,18
4eec17dcf2f571e382aa580cd4ac8bdf,"您好，本公司代开各行业正规发票，13126538869 张先生
",15488886666,1492174329000,1492251985000,116.46933746,39.94459152,18
a81083ce665d1cb6cdf1fc088e81f893,"本公司常年对外代开各种机打发票，正规真实.验后付款18910018671杨经理。打扰谅解...
",18910018671,1492248941000,1492251810000,116.42279816,40.11748123,18
a81083ce665d1cb6cdf1fc088e81f893,"本公司常年对外代开各种机打发票，正规真实.验后付款18910018671杨经理。打扰谅解...
",18910018671,1492247701000,1492251810000,116.42279816,40.11748123,18
a81083ce665d1cb6cdf1fc088e81f893,"本公司常年对外代开各种机打发票，正规真实.验后付款18910018671杨经理。打扰谅解...
",18910018671,1492246158000,1492251810000,116.42079163,40.11766434,18
a81083ce665d1cb6cdf1fc088e81f893,"本公司常年对外代开各种机打发票，正规真实.验后付款18910018671杨经理。打扰谅解...
",18910018671,1492246150000,1492251810000,116.41605377,40.120456700000005,18
a81083ce665d1cb6cdf1fc088e81f893,"本公司常年对外代开各种机打发票，正规真实.验后付款18910018671杨经理。打扰谅解...
",18910018671,1492246137000,1492251810000,116.42079163,40.11766434,18
95e98932883043465b01136c5a168b52,"尊敬的客户:您的账户积分10000分即将到期，将于24小时后清零，请登录网址 wap.abcna.pw 兑换500元现金【农业银行】
",95599,1492250265000,1492251176000,116.42242432,39.89660263,18
95e98932883043465b01136c5a168b52,"尊敬的客户:您的账户积分10000分即将到期，将于24小时后清零，请登录网址 wap.abcna.pw 兑换500元现金【农业银行】
",95599,1492250265000,1492251176000,116.42242432,39.89660263,18
95e98932883043465b01136c5a168b52,"尊敬的客户:您的账户积分10000分即将到期，将于24小时后清零，请登录网址 wap.abcna.pw 兑换500元现金【农业银行】
",95599,1492247984000,1492251176000,116.42104340000002,39.89441299,18
95e98932883043465b01136c5a168b52,"尊敬的客户:您的账户积分10000分即将到期，将于24小时后清零，请登录网址 wap.abcna.pw 兑换500元现金【农业银行】
",95599,1492247936000,1492251176000,116.42104340000002,39.89441299,18
89c92f1e409e8ac72923575b1d14468f,"代开北京各行业增值税发票，普通增值税，税点低！保真，验后付款！13366769919李经理
",13366769919,1492252379000,1492252400000,116.46168518,39.9240799,18
89c92f1e409e8ac72923575b1d14468f,"代开北京各行业增值税发票，普通增值税，税点低！保真，验后付款！13366769919李经理
",13366769919,1492252287000,1492252400000,116.46166229,39.92725754,18
89c92f1e409e8ac72923575b1d14468f,"代开北京各行业增值税发票，普通增值税，税点低！保真，验后付款！13366769919李经理
",13366769919,1492251836000,1492252400000,116.46253204,39.94831467,18
89c92f1e409e8ac72923575b1d14468f,"代开北京各行业增值税发票，普通增值税，税点低！保真，验后付款！13366769919李经理
",13366769919,1492251279000,1492252400000,116.41653442,39.94928741,18
a8c23c48d66f40356d98cf0ac9942152,"在不？打扰谅解，我公司可代开各行业国税增值税发票，点低保真，用后付款，需要联系13172133392王宇，可加微信同号
",13172133392,1492250422000,1492250427000,116.54515076,39.93490601,18
a8c23c48d66f40356d98cf0ac9942152,"在不？打扰谅解，我公司可代开各行业国税增值税发票，点低保真，用后付款，需要联系13172133392王宇，可加微信同号
",13172133392,1492250224000,1492250427000,116.50404358,39.981025700000004,18
a8c23c48d66f40356d98cf0ac9942152,"在不？打扰谅解，我公司可代开各行业国税增值税发票，点低保真，用后付款，需要联系13172133392王宇，可加微信同号
",13172133392,1492250207000,1492250427000,116.50663757,39.98045731,18
a8c23c48d66f40356d98cf0ac9942152,"在不？打扰谅解，我公司可代开各行业国税增值税发票，点低保真，用后付款，需要联系13172133392王宇，可加微信同号
",13172133392,1492250123000,1492250427000,116.50404358,39.981025700000004,18
6a35c2a992c33fe3709108c898782877,"您好，我公司常年代开北京各行业发票，点低保真验后付款。电话18931680573王经理，微信a56898560，QQ2221752319
",18931680573,1492250210000,1492250472000,116.40731812,39.84371567,18
6a35c2a992c33fe3709108c898782877,"您好，我公司常年代开北京各行业发票，点低保真验后付款。电话18931680573王经理，微信a56898560，QQ2221752319
",18931680573,1492250197000,1492250472000,116.40649414,39.84474182,18
6a35c2a992c33fe3709108c898782877,"您好，我公司常年代开北京各行业发票，点低保真验后付款。电话18931680573王经理，微信a56898560，QQ2221752319
",18931680573,1492247306000,1492250472000,116.40731812,39.84371567,18
6a35c2a992c33fe3709108c898782877,"您好，我公司常年代开北京各行业发票，点低保真验后付款。电话18931680573王经理，微信a56898560，QQ2221752319
",18931680573,1492247295000,1492250472000,116.40649414,39.84474182,18
6a35c2a992c33fe3709108c898782877,"您好，我公司常年代开北京各行业发票，点低保真验后付款。电话18931680573王经理，微信a56898560，QQ2221752319
",18931680573,1492244577000,1492250472000,116.40731812,39.84371567,18
